
Gurobi 10.0.0 (win64) logging started Sun Jan 21 13:17:38 2024

Set parameter LogFile to value "C:/Users\Administrator\Documents\BNC_Repo\BNC_Tests\10_MIP_Results\n20m3\Instance_Class4_Parts20_Machines3_Instance2_logfileChe1021.txt"
Gurobi Optimizer version 10.0.0 build v10.0.0rc2 (win64)

CPU model: AMD EPYC 7513 32-Core Processor, instruction set [SSE2|AVX|AVX2]
Thread count: 24 physical cores, 24 logical processors, using up to 8 threads

Optimize a model with 20457 rows, 3461 columns and 97135 nonzeros
Model fingerprint: 0x32c9cea9
Variable types: 1361 continuous, 2100 integer (2100 binary)
Coefficient statistics:
  Matrix range     [4e-06, 4e+02]
  Objective range  [1e+00, 1e+00]
  Bounds range     [1e+00, 1e+00]
  RHS range        [1e+00, 6e+02]
Presolve removed 12192 rows and 1628 columns
Presolve time: 0.36s
Presolved: 8265 rows, 1833 columns, 55512 nonzeros
Variable types: 101 continuous, 1732 integer (1672 binary)
Found heuristic solution: objective 675.9544000
Found heuristic solution: objective 209.9321800
Root relaxation presolved: 8265 rows, 1833 columns, 55512 nonzeros


Use crossover to convert LP symmetric solution to basic solution...

Root relaxation: objective 1.196268e+02, 1470 iterations, 0.20 seconds (0.20 work units)

    Nodes    |    Current Node    |     Objective Bounds      |     Work
 Expl Unexpl |  Obj  Depth IntInf | Incumbent    BestBd   Gap | It/Node Time

     0     0  119.62679    0   64  209.93218  119.62679  43.0%     -    0s
H    0     0                     200.0547400  119.62679  40.2%     -    0s
H    0     0                     175.9225600  119.62679  32.0%     -    1s
     0     0  119.62761    0  217  175.92256  119.62761  32.0%     -    1s
     0     0  119.62761    0  213  175.92256  119.62761  32.0%     -    1s
     0     0  119.80332    0  197  175.92256  119.80332  31.9%     -    1s
     0     0  119.80332    0   57  175.92256  119.80332  31.9%     -    2s
H    0     0                     172.4343000  119.80332  30.5%     -    2s
H    0     0                     161.8477000  119.80332  26.0%     -    2s
H    0     0                     156.1849400  119.80332  23.3%     -    2s
     0     0  119.80332    0   94  156.18494  119.80332  23.3%     -    2s
     0     0  119.80332    0   91  156.18494  119.80332  23.3%     -    2s
     0     0  119.80332    0   81  156.18494  119.80332  23.3%     -    2s
     0     0  119.80332    0   74  156.18494  119.80332  23.3%     -    3s
H    0     0                     154.0909400  119.80332  22.3%     -    3s
     0     0  119.80332    0   95  154.09094  119.80332  22.3%     -    3s
H    0     0                     152.2508800  119.80332  21.3%     -    3s
H    0     0                     143.6710800  119.80332  16.6%     -    3s
     0     0  119.93286    0  116  143.67108  119.93286  16.5%     -    3s
     0     0  119.93425    0  108  143.67108  119.93425  16.5%     -    3s
     0     0  120.14800    0  144  143.67108  120.14800  16.4%     -    4s
     0     0  120.14800    0  120  143.67108  120.14800  16.4%     -    4s
     0     0  120.14904    0  107  143.67108  120.14904  16.4%     -    4s
H    0     0                     142.3890600  120.14904  15.6%     -    4s
H    0     0                     138.3890600  120.14904  13.2%     -    4s
     0     0  120.17234    0  101  138.38906  120.17234  13.2%     -    4s
     0     0  120.17495    0  102  138.38906  120.17495  13.2%     -    4s
     0     0  120.17495    0   94  138.38906  120.17495  13.2%     -    4s
H    0     0                     135.9515000  120.17495  11.6%     -    5s
     0     0  120.18458    0   94  135.95150  120.18458  11.6%     -    5s
H    0     0                     135.9237400  120.18458  11.6%     -    5s
     0     0  120.20102    0   91  135.92374  120.20102  11.6%     -    5s
     0     0  120.20243    0  105  135.92374  120.20243  11.6%     -    5s
H    0     0                     134.6400800  120.20243  10.7%     -    5s
     0     0  120.20355    0  114  134.64008  120.20355  10.7%     -    5s
     0     0  120.20355    0  111  134.64008  120.20355  10.7%     -    5s
H    0     0                     133.4834200  120.20355  9.95%     -    5s
     0     0  120.26990    0  102  133.48342  120.26990  9.90%     -    5s
     0     0  120.26990    0   90  133.48342  120.26990  9.90%     -    5s
H    0     0                     131.9718000  120.26990  8.87%     -    6s
H    0     0                     130.7118000  120.26990  7.99%     -    6s
     0     0  120.27725    0   94  130.71180  120.27725  7.98%     -    6s
H    0     0                     130.6701600  120.27725  7.95%     -    6s
     0     0  120.29181    0  102  130.67016  120.29181  7.94%     -    6s
     0     0  120.29181    0   79  130.67016  120.29181  7.94%     -    6s
H    0     0                     130.5395600  120.29181  7.85%     -    6s
     0     0  120.31608    0   97  130.53956  120.31608  7.83%     -    6s
     0     0  120.31608    0   70  130.53956  120.31608  7.83%     -    6s
H    0     0                     130.4979200  120.31608  7.80%     -    7s
     0     0  120.31608    0  100  130.49792  120.31608  7.80%     -    7s
     0     0  120.31608    0  100  130.49792  120.31608  7.80%     -    7s
     0     0  120.31608    0   86  130.49792  120.31608  7.80%     -    7s
H    0     0                     128.2094400  120.31608  6.16%     -    7s
     0     0  120.31608    0   82  128.20944  120.31608  6.16%     -    7s
     0     0  120.31608    0   71  128.20944  120.31608  6.16%     -    8s
     0     0  120.31608    0   80  128.20944  120.31608  6.16%     -    8s
     0     0  120.31608    0   40  128.20944  120.31608  6.16%     -    8s
     0     0  120.31608    0   57  128.20944  120.31608  6.16%     -    8s
H    0     0                     127.8473600  120.31608  5.89%     -    8s
     0     0  120.31608    0   41  127.84736  120.31608  5.89%     -    8s
     0     0  120.31608    0   41  127.84736  120.31608  5.89%     -    8s
H    0     2                     127.4315000  120.31608  5.58%     -    9s
     0     2  120.31608    0   41  127.43150  120.31608  5.58%     -    9s
H   32    37                     126.0075800  120.31608  4.52%   242    9s
    70    64 infeasible    7       126.00758  120.31608  4.52%   182   10s
H   74    64                     126.0075800  120.33742  4.50%   173   10s
H   75    64                     125.7688800  120.33742  4.32%   172   10s
H  108    94                     125.0888800  120.33742  3.80%   160   12s
H  113    94                     124.7995800  120.33742  3.58%   159   12s
H  115    94                     124.6106400  120.33742  3.43%   158   12s
H  125   100                     124.4958800  120.33742  3.34%   158   12s
H  166   140                     124.4542400  120.33742  3.31%   149   13s
   797   512  121.03036   25   81  124.45424  120.33742  3.31%   101   16s
H  802   470                     124.2280800  120.33742  3.13%   101   16s
  1486   893  122.71087   12   72  124.22808  120.37819  3.10%   100   20s
  1498   901  121.70056   14   90  124.22808  120.37819  3.10%  98.9   25s
H 1503   859                     124.1591600  120.37819  3.05%  98.6   29s
  1505   860  121.65535   18   67  124.15916  120.37819  3.05%  98.4   30s
  1516   867  120.67471   12   70  124.15916  120.37819  3.05%  97.7   35s
H 1621   876                     124.1591600  120.38746  3.04%   107   37s
  1699   895  120.90199   25   91  124.15916  120.38746  3.04%   107   40s
  4220  1618  122.18794   30   61  124.15916  120.42123  3.01%  84.3   45s
  7703  3229  121.05229   30  107  124.15916  120.42182  3.01%  81.9   50s
  9898  4402  120.45073   32   87  124.15916  120.42337  3.01%  81.8   55s
 12052  5572  121.82658   50   54  124.15916  120.42418  3.01%  82.1   60s
 15114  6706  120.67773   31  197  124.15916  120.42714  3.01%  83.0   65s
 15125  6713  120.96078   28   78  124.15916  120.42714  3.01%  83.0   70s
 15138  6722  120.45198   33   80  124.15916  120.42714  3.01%  82.9   75s
 15212  6778  120.42714   30   73  124.15916  120.42714  3.01%  85.0   80s
 18347  7888  120.43110   41   80  124.15916  120.42714  3.01%  79.8   85s
H19910  7665                     123.5285000  120.42714  2.51%  77.8   88s
 19912  7741  122.51430   49   67  123.52850  120.42714  2.51%  77.8   90s
H19987  7396                     123.5285000  120.42714  2.51%  77.6   90s
 23750  8341  121.65000   50   81  123.52850  120.42714  2.51%  76.5   95s
 27535  8621  121.27872   50   74  123.52850  120.42862  2.51%  76.0  101s
 29533  9075  122.37149   50   59  123.52850  120.43110  2.51%  75.5  105s
 32945  9403  120.71242   49  112  123.52850  120.43727  2.50%  76.4  111s
 34392  9668  120.62531   51  103  123.52850  120.43922  2.50%  76.7  116s
 37363 10891  123.02624   46   68  123.52850  120.45145  2.49%  78.2  121s
 39627 11504  122.17132   50   67  123.52850  120.45838  2.49%  79.1  126s
 41000 12363  121.54638   48  121  123.52850  120.46030  2.48%  79.8  130s
 44071 13159  123.52672   63   19  123.52850  120.46957  2.48%  81.2  136s
H44116 13159                     123.5284998  120.46961  2.48%  81.3  136s
 45426 13666  120.50711   48   97  123.52850  120.47300  2.47%  81.6  141s
 45580 16012  123.48262   59   43  123.52850  120.47300  2.47%  81.7  153s
 52259 16200  122.25053   60   70  123.52850  120.49637  2.45%  83.4  158s
 52777 16521  122.92831   52   64  123.52850  120.49977  2.45%  83.4  160s
 54982 17312  123.44560   53   82  123.52850  120.51045  2.44%  83.7  165s
 57224 17833  122.01625   57   82  123.52850  120.51937  2.44%  84.1  170s
 58814 18575  120.72347   44  101  123.52850  120.52457  2.43%  84.3  175s
 60780 19156  121.32391   48   77  123.52850  120.53350  2.42%  84.8  180s
 62823 20014  120.75487   45   87  123.52850  120.54302  2.42%  85.3  185s
 66044 21162  121.01841   52  107  123.52850  120.55335  2.41%  85.8  192s
 68119 21767  121.45137   47   56  123.52850  120.56217  2.40%  86.0  197s
 69956 22520  121.67941   60   63  123.52850  120.56870  2.40%  86.5  201s
 71977 23233  122.50248   59   26  123.52850  120.57718  2.39%  86.8  206s
 73982 23930  122.09388   61   70  123.52850  120.58626  2.38%  87.2  211s
 75815 24564  120.71506   47   95  123.52850  120.59588  2.37%  87.7  216s
 77691 25136  121.67352   53   70  123.52850  120.60782  2.36%  87.9  221s
 79563 25975  121.14034   55   60  123.52850  120.60886  2.36%  88.5  226s
 81718 26553  122.01825   47  101  123.52850  120.62023  2.35%  88.6  231s
 83625 27286  121.80195   59   83  123.52850  120.63039  2.35%  88.9  238s
 84640 27604     cutoff   63       123.52850  120.63370  2.34%  89.0  240s
 86671 28291  120.75312   51   87  123.52850  120.64587  2.33%  89.2  247s
 87545 28754  122.76868   60   70  123.52850  120.64842  2.33%  89.4  250s
 89397 29661  120.68892   38   43  123.52850  120.64842  2.33%  89.8  256s
 91388 30436  120.73822   39  105  123.52850  120.65633  2.33%  90.0  263s
 92549 30788  121.43647   57   85  123.52850  120.66029  2.32%  90.1  266s
 94612 31673  122.27152   41   61  123.52850  120.66721  2.32%  90.4  273s
 95821 32139  121.63558   44   60  123.52850  120.66875  2.32%  90.4  277s
 97030 32521  121.29227   47   83  123.52850  120.67187  2.31%  90.5  281s
 98220 32944  122.64532   59   48  123.52850  120.67410  2.31%  90.7  285s
 100833 33853 infeasible   58       123.52850  120.67773  2.31%  91.1  294s
 102285 34348  122.06630   57   89  123.52850  120.67773  2.31%  91.2  298s
 103832 34840  121.70434   53   85  123.52850  120.67773  2.31%  91.2  303s
 105165 35119  122.95440   63   32  123.52850  120.67773  2.31%  91.2  307s
 106208 35522 infeasible   47       123.52850  120.67773  2.31%  91.5  311s
 107482 36010  120.71151   38   68  123.52850  120.67773  2.31%  91.8  316s
 108883 36615  121.99051   54   92  123.52850  120.67773  2.31%  92.1  321s
 110578 37089  121.75278   51   69  123.52850  120.67773  2.31%  92.3  326s
 111906 37525  123.10736   57   23  123.52850  120.67773  2.31%  92.6  331s
 113363 38022  122.95108   40   85  123.52850  120.67773  2.31%  92.8  335s
 114826 38404  120.68652   35   97  123.52850  120.67773  2.31%  93.1  340s
 116258 38597  122.27782   45   51  123.52850  120.67773  2.31%  93.3  345s
 116851 38980 infeasible   46       123.52850  120.67773  2.31%  93.3  350s
 118976 39648  120.97920   43   56  123.52850  120.67773  2.31%  93.7  360s
 120493 40034  121.89286   51   19  123.52850  120.68030  2.31%  93.9  366s
 121830 40391  121.92252   56   53  123.52850  120.68189  2.30%  93.8  371s
 123012 40785  122.00881   52   68  123.52850  120.68318  2.30%  93.9  376s
 124335 41128 infeasible   48       123.52850  120.68518  2.30%  94.0  380s
 125415 41553  123.11872   55   44  123.52850  120.68652  2.30%  94.1  385s
 126610 41998  120.78905   33   92  123.52850  120.68892  2.30%  94.3  390s
 127669 42569  121.63558   36   71  123.52850  120.68892  2.30%  94.4  395s
 128955 43166 infeasible   44       123.52850  120.68892  2.30%  94.4  401s
 130284 43634 infeasible   58       123.52850  120.68892  2.30%  94.5  406s
 131514 44055  120.79443   49   61  123.52850  120.68892  2.30%  94.6  411s
 132648 44505  120.70399   35  113  123.52850  120.68892  2.30%  94.8  417s
 133936 45013  121.02885   54   90  123.52850  120.69278  2.30%  94.8  423s
 135293 45458     cutoff   78       123.52850  120.69399  2.29%  94.9  428s
 136446 45873  121.24339   44  143  123.52850  120.69736  2.29%  95.0  434s
 137640 46268  121.34060   52   73  123.52850  120.69911  2.29%  95.1  440s
 138878 46683  122.17238   46  107  123.52850  120.70178  2.29%  95.2  446s
 140165 47008  120.87049   43   87  123.52850  120.70341  2.29%  95.4  451s
 141423 47487  122.97868   68   57  123.52850  120.70471  2.29%  95.5  457s
 142767 47874 infeasible   54       123.52850  120.70622  2.28%  95.6  463s
 144069 48299  122.36128   40   75  123.52850  120.70781  2.28%  95.8  470s
 145506 48645  121.68553   50   64  123.52850  120.70985  2.28%  95.9  475s
 146665 49123 infeasible   56       123.52850  120.71145  2.28%  96.0  480s
 147974 49516  120.75338   55   77  123.52850  120.71333  2.28%  96.2  486s
 149183 49840  120.77884   42  137  123.52850  120.71523  2.28%  96.4  492s
 150428 50138  121.49184   50   95  123.52850  120.71684  2.28%  96.6  497s
 151407 50408  120.76371   35   94  123.52850  120.71888  2.27%  96.7  502s
 152707 50774  122.11682   49   34  123.52850  120.72094  2.27%  96.9  508s
 153978 51233  122.98029   58   81  123.52850  120.72273  2.27%  97.0  514s
 155365 51573  122.95108   70   64  123.52850  120.72481  2.27%  97.1  520s
 156659 51983 infeasible   70       123.52850  120.72738  2.27%  97.3  527s
 158020 52108  123.15286   65   37  123.52850  120.72923  2.27%  97.4  531s
 158706 52459  121.11224   49   40  123.52850  120.72952  2.27%  97.5  537s
 160091 52859 infeasible   57       123.52850  120.73267  2.26%  97.7  543s
 161432 53231  121.04299   44  101  123.52850  120.73460  2.26%  97.8  550s
 162800 53732  121.99302   54   84  123.52850  120.73657  2.26%  97.9  557s
 164197 54031  122.34006   49   77  123.52850  120.73928  2.26%  98.0  563s
 165315 54323 infeasible   58       123.52850  120.74077  2.26%  98.2  568s
 166489 54613  122.15296   46   82  123.52850  120.74187  2.26%  98.2  573s
 167467 54978  121.12296   54  108  123.52850  120.74299  2.25%  98.3  579s
 168662 55226  122.37185   43   90  123.52850  120.74470  2.25%  98.4  584s
 169837 55617  120.83340   43   49  123.52850  120.74706  2.25%  98.6  590s
 171165 55951  121.98595   44  107  123.52850  120.74864  2.25%  98.7  597s
 172447 56262     cutoff   56       123.52850  120.75113  2.25%  98.8  603s
 173502 56553  121.28625   48   90  123.52850  120.75249  2.25%  98.9  609s
 174725 56908     cutoff   58       123.52850  120.75407  2.25%  99.1  616s
 176030 57367  121.54824   49   98  123.52850  120.75617  2.24%  99.2  622s
 177411 57930  121.02782   42   48  123.52850  120.75757  2.24%  99.3  629s
 178875 58318  121.89311   57  103  123.52850  120.75757  2.24%  99.3  635s
 180153 58697  121.10667   57   93  123.52850  120.75966  2.24%  99.3  640s
 181249 59016  122.09166   61   33  123.52850  120.76133  2.24%  99.3  647s
 182454 59286 infeasible   47       123.52850  120.76249  2.24%  99.4  653s
 183502 59626  122.18354   50   61  123.52850  120.76446  2.24%   100  659s
 184797 60191  121.11492   60   92  123.52850  120.76643  2.24%   100  666s
 186292 60635  122.67694   51   60  123.52850  120.76686  2.24%   100  672s
 187473 61182  123.17781   45   45  123.52850  120.76686  2.24%   100  680s
 188882 61713  121.30152   44   94  123.52850  120.76686  2.24%   100  687s
 190305 62058  121.29052   38  118  123.52850  120.76699  2.24%   100  693s
 191444 62421     cutoff   65       123.52850  120.76794  2.23%   100  700s
 192787 62674     cutoff   47       123.52850  120.76896  2.23%   100  706s
 194017 63124  122.93743   55   84  123.52850  120.77128  2.23%   100  714s
 195376 63418  121.35010   47   44  123.52850  120.77208  2.23%   100  720s
 196397 63826  120.97996   53   61  123.52850  120.77208  2.23%   100  727s
 197652 64096 infeasible   57       123.52850  120.77418  2.23%   100  733s
 198832 64380  122.95108   57   16  123.52850  120.77636  2.23%   100  740s
 200217 64692  121.80012   48   38  123.52850  120.77822  2.23%   100  747s
 201600 65050  121.71983   49   63  123.52850  120.77996  2.23%   100  754s
 202861 65391  121.21881   51  111  123.52850  120.78219  2.22%   101  761s
 204099 65881 infeasible   49       123.52850  120.78416  2.22%   101  769s
 205537 66253  121.87432   50   67  123.52850  120.78651  2.22%   101  776s
 206860 66610  121.63553   38   80  123.52850  120.78847  2.22%   101  783s
 208239 66904  122.29702   41  109  123.52850  120.79045  2.22%   101  790s
 209393 67158  121.41533   51   81  123.52850  120.79180  2.22%   101  796s
 210547 67525 infeasible   55       123.52850  120.79377  2.21%   101  802s
 211604 67870  121.26575   56   66  123.52850  120.79443  2.21%   101  808s
 212698 68292  121.02077   42   99  123.52850  120.79443  2.21%   101  816s
 214113 68665  122.50932   63   68  123.52850  120.79624  2.21%   101  823s
 215483 69044  122.19003   52  113  123.52850  120.79827  2.21%   101  831s
 216838 69364  122.01994   50   55  123.52850  120.80055  2.21%   101  838s
 218150 69708 infeasible   41       123.52850  120.80208  2.21%   101  846s
 219498 70071  122.58960   57   97  123.52850  120.80410  2.21%   102  854s
 220792 70337 infeasible   66       123.52850  120.80607  2.20%   102  861s
 222160 70708  123.12976   58   33  123.52850  120.80765  2.20%   102  869s
 223533 70977     cutoff   59       123.52850  120.80988  2.20%   102  877s
 224823 71291  121.61970   58   75  123.52850  120.81147  2.20%   102  884s
 226238 71484  120.90006   55   96  123.52850  120.81263  2.20%   102  890s
 227143 71928  122.21513   49   93  123.52850  120.81371  2.20%   102  898s
 228671 72335  121.96865   66   64  123.52850  120.81527  2.20%   102  906s
 230196 72686  122.53813   62   27  123.52850  120.81674  2.20%   102  914s
 231340 73068  122.18794   48   39  123.52850  120.81807  2.19%   102  921s
 232620 73332  122.00270   52   80  123.52850  120.81963  2.19%   102  928s
 233840 73759 infeasible   53       123.52850  120.82123  2.19%   102  936s
 235387 74074  122.60279   63   61  123.52850  120.82282  2.19%   102  944s
 236651 74362     cutoff   56       123.52850  120.82418  2.19%   102  951s
 238057 74621  121.07740   50  115  123.52850  120.82559  2.19%   102  958s
 239149 74798 infeasible   51       123.52850  120.82775  2.19%   102  966s
 240270 75151  120.88915   50   80  123.52850  120.82880  2.19%   102  974s
 241604 75248  122.44190   43   51  123.52850  120.83023  2.18%   102  978s
 242047 75982  122.44190   44   45  123.52850  120.83062  2.18%   102  997s
 245440 76267 infeasible   47       123.52850  120.83638  2.18%   102 1005s
 246646 76603  123.28166   57   47  123.52850  120.83850  2.18%   103 1012s
 247953 76961  121.88656   46   70  123.52850  120.84037  2.18%   103 1020s
 249382 77213  121.83362   40  108  123.52850  120.84240  2.17%   103 1028s
 250607 77548 infeasible   56       123.52850  120.84470  2.17%   103 1036s
 251986 77928  121.32995   55   54  123.52850  120.84675  2.17%   103 1044s
 253458 78232  121.73233   54   97  123.52850  120.84869  2.17%   103 1052s
 254813 78555  122.01980   42  106  123.52850  120.85037  2.17%   103 1059s
 254977 78555 infeasible   55       123.52850  120.85040  2.17%   103 1060s
 256023 78880  122.95634   39  103  123.52850  120.85230  2.17%   103 1067s
 257291 79141  120.99043   43   80  123.52850  120.85434  2.16%   103 1073s
 258300 79429  121.45372   58   88  123.52850  120.85478  2.16%   103 1081s
 259688 79756  121.42463   50   84  123.52850  120.85778  2.16%   103 1088s
 260922 80079  121.91818   46  135  123.52850  120.85947  2.16%   103 1095s
 262139 80443  123.31916   43   94  123.52850  120.86101  2.16%   103 1103s
 263362 80697  122.13693   48  111  123.52850  120.86246  2.16%   103 1110s
 264534 81069  121.43337   50   50  123.52850  120.86463  2.16%   103 1119s
 266003 81417  121.54479   43   90  123.52850  120.86625  2.16%   103 1126s
 267289 81592  122.25127   58   88  123.52850  120.86914  2.15%   103 1134s
 268450 81919  121.70235   58   82  123.52850  120.87119  2.15%   103 1142s
 269770 82221  121.71507   58  122  123.52850  120.87320  2.15%   103 1151s
 270990 82594  122.32895   51   67  123.52850  120.87559  2.15%   103 1160s
 272380 82841  121.91375   48   81  123.52850  120.87743  2.15%   104 1166s
 273412 83095  122.05905   79   57  123.52850  120.87925  2.14%   104 1174s
 274504 83329     cutoff   59       123.52850  120.88177  2.14%   104 1181s
 275644 83663  121.19878   48  119  123.52850  120.88402  2.14%   104 1190s
 277074 84042 infeasible   55       123.52850  120.88646  2.14%   104 1200s
 278406 84341  122.25110   65   86  123.52850  120.88871  2.14%   104 1209s
 279808 84635     cutoff   56       123.52850  120.88978  2.14%   104 1217s
 281193 84893  123.37854   62   46  123.52850  120.89314  2.13%   104 1225s
 282373 85206 infeasible   54       123.52850  120.89475  2.13%   104 1233s
 283681 85439     cutoff   52       123.52850  120.89731  2.13%   104 1242s
 284964 85695 infeasible   49       123.52850  120.89960  2.13%   104 1250s
 286130 85931  120.97401   54   96  123.52850  120.90172  2.13%   104 1257s
 287305 86098 infeasible   55       123.52850  120.90343  2.13%   104 1264s
 288328 86327 infeasible   56       123.52850  120.90496  2.12%   104 1271s
 289584 86338  121.24077   57   77  123.52850  120.90702  2.12%   104 1281s
 289631 86618  121.38803   58   66  123.52850  120.90718  2.12%   104 1289s
 291067 86802  123.20478   63   49  123.52850  120.90948  2.12%   104 1295s
 291856 87255  120.91536   42   75  123.52850  120.91000  2.12%   104 1304s
 293264 87770  122.95108   47   67  123.52850  120.91156  2.12%   104 1313s
 294834 88249     cutoff   55       123.52850  120.91191  2.12%   104 1322s
 296350 88642  121.80598   57   61  123.52850  120.91335  2.12%   104 1331s
 297698 88999  122.72624   51   52  123.52850  120.91536  2.12%   104 1339s
 299176 89236  121.64896   56   72  123.52850  120.91569  2.12%   104 1347s
 300345 89593  121.17344   61  105  123.52850  120.91748  2.11%   104 1355s
 301611 89869  121.99031   64   73  123.52850  120.91932  2.11%   104 1363s
 302939 90136  121.11224   53   98  123.52850  120.92081  2.11%   104 1370s
 303940 90575     cutoff   37       123.52850  120.92210  2.11%   104 1379s
 305392 90823  121.66868   57   53  123.52850  120.92387  2.11%   104 1387s
 306617 91068  122.57695   51   82  123.52850  120.92549  2.11%   104 1394s
 307819 91339  123.22229   36   53  123.52850  120.92790  2.11%   105 1403s
 309158 91575  122.49427   60   29  123.52850  120.93002  2.10%   105 1410s
 310225 91851     cutoff   47       123.52850  120.93221  2.10%   105 1418s
 311611 92212  122.82965   61   28  123.52850  120.93437  2.10%   105 1427s
 312921 92531     cutoff   40       123.52850  120.93628  2.10%   105 1436s
 314254 92796  121.92515   64   71  123.52850  120.93917  2.10%   105 1444s
 315461 92970  122.55389   51  107  123.52850  120.94143  2.09%   105 1451s
 316676 93173  121.65668   52   84  123.52850  120.94425  2.09%   105 1459s
 317864 93382     cutoff   44       123.52850  120.94590  2.09%   105 1466s
 318839 93602  121.23207   56   78  123.52850  120.94755  2.09%   105 1474s
 320117 93861     cutoff   71       123.52850  120.94993  2.09%   105 1483s
 321393 94056  121.41228   43   65  123.52850  120.95270  2.09%   105 1491s
 322484 94348     cutoff   45       123.52850  120.95484  2.08%   105 1499s
 323817 94826  121.80598   48   59  123.52850  120.95769  2.08%   105 1508s
 325123 95115     cutoff   50       123.52850  120.95919  2.08%   105 1517s
 326497 95488  122.66661   55  102  123.52850  120.96147  2.08%   105 1526s
 327849 95796  122.39957   52   75  123.52850  120.96379  2.08%   105 1535s
 329114 96151 infeasible   55       123.52850  120.96573  2.07%   105 1544s
 330209 96151  121.38697   56   90  123.52850  120.96605  2.07%   105 1545s
 330515 96408  121.37791   43   71  123.52850  120.96705  2.07%   105 1552s
 331671 96605  122.10086   64   29  123.52850  120.96901  2.07%   105 1560s
 332883 96781 infeasible   55       123.52850  120.97132  2.07%   105 1568s
 333942 97054  122.72693   56   37  123.52850  120.97355  2.07%   105 1576s
 335140 97285  122.45237   52   93  123.52850  120.97585  2.07%   105 1585s
 336479 97523  122.50555   50   48  123.52850  120.97729  2.07%   105 1594s
 337805 97642 infeasible   58       123.52850  120.97959  2.06%   105 1604s
 339040 97745 infeasible   47       123.52850  120.97986  2.06%   106 1615s
 340336 97846     cutoff   61       123.52850  120.97986  2.06%   106 1625s
 341485 97973     cutoff   62       123.52850  120.97986  2.06%   106 1636s
 342638 98091     cutoff   62       123.52850  120.97986  2.06%   106 1646s
 343773 98297 infeasible   56       123.52850  120.97986  2.06%   106 1655s
 344979 98653  121.05280   50   84  123.52850  120.98231  2.06%   106 1665s
 346413 98852  122.24332   45   75  123.52850  120.98418  2.06%   106 1674s
 346734 98852     cutoff   59       123.52850  120.98446  2.06%   106 1675s
 347731 99091  121.19554   48   96  123.52850  120.98608  2.06%   106 1682s
 348722 99252  122.19664   40   97  123.52850  120.98785  2.06%   106 1692s
 349987 99355     cutoff   51       123.52850  120.99005  2.05%   106 1700s
 351103 99349 infeasible   50       123.52850  120.99105  2.05%   106 1705s
 351790 99527  121.94733   39   63  123.52850  120.99105  2.05%   107 1715s
 353121 99760  122.74943   49  102  123.52850  120.99218  2.05%   107 1726s
 354507 100068 infeasible   46       123.52850  120.99435  2.05%   107 1738s
 356044 100327  121.91241   54   56  123.52850  120.99710  2.05%   107 1748s
 357409 100450  122.44190   51   68  123.52850  120.99943  2.05%   107 1756s
 358080 100746  122.44190   52   64  123.52850  120.99964  2.05%   107 1767s
 359646 101009     cutoff   47       123.52850  121.00277  2.04%   107 1778s
 361060 101218 infeasible   62       123.52850  121.00495  2.04%   107 1788s
 362334 101413  122.68348   56   67  123.52850  121.00760  2.04%   107 1796s
 363258 101591 infeasible   44       123.52850  121.00946  2.04%   107 1805s
 364484 101760  123.24163   41   53  123.52850  121.01147  2.04%   107 1815s
 365803 101921  121.92689   52   96  123.52850  121.01343  2.04%   107 1824s
 366994 102195  122.75453   51   57  123.52850  121.01609  2.03%   107 1834s
 368414 102446  122.36025   60   80  123.52850  121.01895  2.03%   107 1844s
 369762 102714  122.91281   50   68  123.52850  121.02125  2.03%   107 1854s
 371077 102938  122.37385   69  102  123.52850  121.02413  2.03%   107 1865s
 372406 103116  121.87886   69   65  123.52850  121.02592  2.03%   107 1874s
 373758 103386 infeasible   80       123.52850  121.02705  2.02%   107 1884s
 374944 103895  122.18794   45   54  123.52850  121.02782  2.02%   107 1894s
 376337 104230  121.32995   54   43  123.52850  121.02782  2.02%   107 1904s
 377629 104521  121.61196   45   65  123.52850  121.02782  2.02%   107 1912s
 378662 104550  122.17273   58   82  123.52850  121.02782  2.02%   108 1919s
 378772 105030 infeasible   59       123.52850  121.02782  2.02%   108 1931s
 380348 105429  123.42871   48   51  123.52850  121.02782  2.02%   108 1942s
 381777 105802  122.18794   52   55  123.52850  121.02782  2.02%   108 1952s
 382975 106314  121.33450   46   88  123.52850  121.02782  2.02%   108 1964s
 384441 106753  121.21620   45   79  123.52850  121.02782  2.02%   108 1975s
 385857 107116     cutoff   51       123.52850  121.02782  2.02%   108 1986s
 387158 107501  121.36646   43  119  123.52850  121.02782  2.02%   108 1996s
 388607 107728  122.18794   47   77  123.52850  121.02782  2.02%   108 2006s
 389809 108015  121.02782   45   42  123.52850  121.02782  2.02%   108 2018s
 391170 108473  121.48790   50   45  123.52850  121.02782  2.02%   108 2029s
 392644 108742 infeasible   54       123.52850  121.03046  2.02%   108 2037s
 393648 108990  122.03166   59   40  123.52850  121.03147  2.02%   108 2046s
 394965 109178  121.65238   56  111  123.52850  121.03330  2.02%   108 2057s
 396303 109376     cutoff   47       123.52850  121.03470  2.02%   108 2065s
 397381 109628  121.52898   53   64  123.52850  121.03593  2.02%   108 2076s
 398702 109805  121.98542   49   83  123.52850  121.03760  2.02%   108 2085s
 399868 109983  121.72254   40   68  123.52850  121.03919  2.02%   108 2093s
 401013 110234  121.18677   55   66  123.52850  121.04097  2.01%   108 2103s
 402377 110471  123.47178   59   40  123.52850  121.04286  2.01%   108 2113s
 403607 110719  123.15286   44   96  123.52850  121.04480  2.01%   108 2122s
 404853 110879     cutoff   51       123.52850  121.04607  2.01%   108 2132s
 406086 111118  122.18794   49   53  123.52850  121.04826  2.01%   108 2142s
 407392 111299  121.54202   45  120  123.52850  121.05001  2.01%   108 2150s
 408423 111618  123.37854   57   49  123.52850  121.05181  2.00%   109 2160s
 409666 111884 infeasible   56       123.52850  121.05360  2.00%   109 2171s
 410971 112133  122.45638   68   68  123.52850  121.05364  2.00%   109 2181s
 412200 112276 infeasible   63       123.52850  121.05539  2.00%   109 2189s
 412980 112464  122.69958   64   59  123.52850  121.05595  2.00%   109 2199s
 413600 112464  122.96674   58   47  123.52850  121.05652  2.00%   109 2200s
 414323 112643  121.90469   65  133  123.52850  121.05828  2.00%   109 2209s
 415602 112983 infeasible   50       123.52850  121.05997  2.00%   109 2220s
 417036 113243  121.20324   55   87  123.52850  121.06142  2.00%   109 2231s
 418355 113497 infeasible   56       123.52850  121.06259  2.00%   109 2243s
 419765 113778 infeasible   56       123.52850  121.06482  1.99%   109 2254s
 421228 114042  122.95674   63   49  123.52850  121.06608  1.99%   109 2264s
 422577 114141  121.06939   53   88  123.52850  121.06731  1.99%   109 2272s
 423480 114479  122.74279   44  114  123.52850  121.06796  1.99%   109 2283s
 424989 114709  123.36387   64   51  123.52850  121.06899  1.99%   109 2293s
 426286 114920  122.44161   53   81  123.52850  121.06899  1.99%   109 2303s
 427452 115128  121.36896   44  151  123.52850  121.06964  1.99%   109 2314s
 428498 115128  123.15362   41   52  123.52850  121.06964  1.99%   109 2315s
 428844 115363 infeasible   52       123.52850  121.07177  1.99%   109 2324s
 430129 115585  121.16938   38   84  123.52850  121.07325  1.99%   109 2335s
 431454 115803  121.27143   47  112  123.52850  121.07524  1.99%   109 2345s
 432620 116018  122.01231   51   59  123.52850  121.07709  1.98%   109 2356s
 433868 116141 infeasible   55       123.52850  121.07836  1.98%   109 2366s
 435082 116315  121.25624   50   91  123.52850  121.07987  1.98%   109 2375s
 436272 116532  121.70442   42   73  123.52850  121.08182  1.98%   109 2385s
 437619 116643  121.59128   48   80  123.52850  121.08336  1.98%   109 2394s
 438533 116817  122.76272   58   78  123.52850  121.08530  1.98%   109 2404s
 439840 117026  121.85182   71   42  123.52850  121.08722  1.98%   109 2415s
 441241 117171     cutoff   75       123.52850  121.08923  1.97%   109 2425s
 442425 117366 infeasible   53       123.52850  121.09047  1.97%   109 2434s
 443680 117575  122.47146   48   45  123.52850  121.09234  1.97%   109 2444s
 444864 117708  122.18794   58   60  123.52850  121.09433  1.97%   109 2455s
 446146 117763  121.25569   46   94  123.52850  121.09623  1.97%   110 2464s
 446628 117865 infeasible   47       123.52850  121.09656  1.97%   110 2473s
 447636 118093  122.17414   45   51  123.52850  121.09712  1.97%   110 2484s
 448849 118269  122.26515   54   70  123.52850  121.09912  1.97%   110 2494s
 450213 118432  122.70780   54  110  123.52850  121.10142  1.96%   110 2505s
 451524 118670  123.14416   45   41  123.52850  121.10336  1.96%   110 2516s
 452823 118870  122.26172   48   65  123.52850  121.10447  1.96%   110 2525s
 453872 118881  121.23044   46   89  123.52850  121.10637  1.96%   110 2535s
 453951 119133  121.26848   47   78  123.52850  121.10653  1.96%   110 2546s
 455396 119404  121.11136   42   88  123.52850  121.10915  1.96%   110 2557s
 456760 119594  123.37854   57   23  123.52850  121.11015  1.96%   110 2569s
 458122 119641 infeasible   61       123.52850  121.11084  1.96%   110 2580s
 459330 119651  123.11822   45   37  123.52850  121.11224  1.96%   110 2592s
 460623 119646  121.11224   49   87  123.52850  121.11224  1.96%   110 2603s
 461635 119661 infeasible   42       123.52850  121.11224  1.96%   110 2616s
 462812 119729  121.11224   50   72  123.52850  121.11224  1.96%   110 2628s
 464078 119714  121.45136   49   57  123.52850  121.11224  1.96%   110 2641s
 465171 119756  121.87264   54   15  123.52850  121.11224  1.96%   110 2654s
 466488 119860  121.14125   50   84  123.52850  121.11224  1.96%   110 2668s
 467775 119905  121.11224   51   38  123.52850  121.11224  1.96%   111 2676s
 468578 119963  121.38723   63   73  123.52850  121.11224  1.96%   111 2691s
 470070 120087  121.61827   60   57  123.52850  121.11224  1.96%   111 2704s
 471342 120177  123.31416   59   80  123.52850  121.11224  1.96%   111 2718s
 472802 120214  121.11224   56   49  123.52850  121.11224  1.96%   111 2732s
 474070 120289  122.09657   57   45  123.52850  121.11224  1.96%   111 2746s
 475495 120392  121.16429   48   57  123.52850  121.11224  1.96%   111 2761s
 476945 120602 infeasible   55       123.52850  121.11224  1.96%   111 2773s
 478534 120936  121.95423   56   83  123.52850  121.11455  1.95%   111 2787s
 480202 121304  122.43385   60   76  123.52850  121.11629  1.95%   111 2800s
 481817 121574  123.00242   66   94  123.52850  121.11797  1.95%   111 2814s
 482247 121574  121.36624   59   51  123.52850  121.11829  1.95%   111 2815s
 483455 121705  121.64106   42  115  123.52850  121.12023  1.95%   111 2823s
 484424 121897  121.90776   57   60  123.52850  121.12166  1.95%   111 2834s
 485679 122104  121.37791   54   85  123.52850  121.12303  1.95%   111 2845s
 486974 122318 infeasible   65       123.52850  121.12502  1.95%   111 2856s
 488314 122572     cutoff   56       123.52850  121.12676  1.94%   111 2868s
 489636 122765  121.92489   43   96  123.52850  121.12853  1.94%   111 2879s
 490793 122993  121.70624   60   57  123.52850  121.12993  1.94%   111 2891s
 492203 123282     cutoff   59       123.52850  121.13092  1.94%   111 2902s
 493608 123454 infeasible   47       123.52850  121.13196  1.94%   111 2914s
 494834 123757  121.69408   50   63  123.52850  121.13380  1.94%   111 2926s
 496279 123910 infeasible   49       123.52850  121.13486  1.94%   111 2937s
 497459 124119     cutoff   53       123.52850  121.13622  1.94%   111 2948s
 498560 124320 infeasible   52       123.52850  121.13778  1.94%   111 2957s
 499574 124580  122.03312   40   74  123.52850  121.13916  1.93%   111 2969s
 500941 124643  121.66409   46  140  123.52850  121.14013  1.93%   111 2978s
 501895 124912  122.62404   54   38  123.52850  121.14177  1.93%   111 2990s
 503303 125058  122.79992   66   27  123.52850  121.14324  1.93%   111 3002s
 504465 125296  121.89217   50   83  123.52850  121.14452  1.93%   111 3012s
 505583 125572  121.19812   50  108  123.52850  121.14452  1.93%   112 3025s
 506847 125765  122.60872   57   80  123.52850  121.14492  1.93%   112 3038s
 508230 126022  122.37204   55   86  123.52850  121.14652  1.93%   112 3049s
 508908 126022  122.43362   48  139  123.52850  121.14685  1.93%   112 3050s
 509533 126168  121.96998   50   54  123.52850  121.14867  1.93%   112 3059s
 510655 126513  121.93117   50   66  123.52850  121.15040  1.93%   112 3071s
 512111 126735  123.30156   51   91  123.52850  121.15212  1.92%   112 3083s
 513465 126909  121.97556   51   52  123.52850  121.15362  1.92%   112 3092s
 514396 127105  122.48252   58   50  123.52850  121.15470  1.92%   112 3103s
 515680 127336  122.18794   66   50  123.52850  121.15558  1.92%   112 3115s
 517108 127436  122.44190   45   54  123.52850  121.15788  1.92%   112 3125s
 518238 127621  122.19455   52   71  123.52850  121.16006  1.92%   112 3137s
 519615 127790     cutoff   52       123.52850  121.16170  1.92%   112 3149s
 521040 128066  123.28166   51   65  123.52850  121.16308  1.91%   112 3160s
 522308 128296 infeasible   53       123.52850  121.16525  1.91%   112 3170s
 523556 128439 infeasible   51       123.52850  121.16682  1.91%   112 3178s
 524525 128692  122.87854   47   73  123.52850  121.16820  1.91%   112 3189s
 525906 128919     cutoff   48       123.52850  121.16970  1.91%   112 3200s
 527130 129084 infeasible   57       123.52850  121.17185  1.91%   112 3212s
 528309 129243  121.78995   49  116  123.52850  121.17340  1.91%   112 3221s
 529350 129392  123.01188   56   74  123.52850  121.17479  1.91%   112 3231s
 530333 129557 infeasible   49       123.52850  121.17614  1.90%   112 3243s
 531548 129836  123.13522   51   83  123.52850  121.17786  1.90%   112 3257s
 533101 129867  121.29462   57  152  123.52850  121.17868  1.90%   112 3273s
 533386 129947  121.31619   58  147  123.52850  121.17889  1.90%   112 3284s
 534185 130266  122.67248   57   65  123.52850  121.17941  1.90%   112 3298s
 535789 130491  122.88447   55  106  123.52850  121.18139  1.90%   112 3311s
 537248 130745  121.35952   53   55  123.52850  121.18297  1.90%   112 3326s
 538724 130997  123.49062   57   48  123.52850  121.18456  1.90%   112 3339s
 540150 131192 infeasible   54       123.52850  121.18608  1.90%   112 3353s
 541659 131360  122.58133   49   74  123.52850  121.18768  1.89%   112 3365s
 542784 131542  123.40437   59   68  123.52850  121.18912  1.89%   112 3375s
 543808 131732  122.81175   69   34  123.52850  121.19092  1.89%   112 3386s
 545067 131945  121.46995   55   72  123.52850  121.19258  1.89%   112 3398s
 546220 132036  122.95108   45   73  123.52850  121.19406  1.89%   112 3411s
 546689 132171 infeasible   46       123.52850  121.19430  1.89%   112 3422s
 547923 132452     cutoff   65       123.52850  121.19674  1.89%   112 3438s
 549615 132709     cutoff   57       123.52850  121.19808  1.89%   112 3451s
 551059 132876  122.95108   49   74  123.52850  121.20028  1.88%   112 3465s
 552408 133078  123.37854   54   88  123.52850  121.20292  1.88%   112 3478s
 553695 133224     cutoff   63       123.52850  121.20421  1.88%   112 3490s
 554983 133467  122.45977   53   79  123.52850  121.20625  1.88%   112 3503s
 556390 133621  122.20353   54   68  123.52850  121.20813  1.88%   112 3518s
 557836 133756  121.50466   52  120  123.52850  121.20920  1.88%   112 3529s
 558840 133915  123.04603   51   93  123.52850  121.21010  1.88%   112 3542s
 560199 134021 infeasible   59       123.52850  121.21205  1.88%   112 3554s
 561122 134021 infeasible   51       123.52850  121.21334  1.87%   112 3555s
 561307 134145  122.00648   58   69  123.52850  121.21348  1.87%   112 3566s
 562372 134303     cutoff   67       123.52850  121.21490  1.87%   112 3580s
 563647 134565  122.14478   42   91  123.52850  121.21709  1.87%   112 3594s
 565029 134654  122.92693   55   60  123.52850  121.21810  1.87%   112 3600s

Cutting planes:
  Learned: 279
  Gomory: 74
  Lift-and-project: 7
  Cover: 6561
  Implied bound: 1147
  Projected implied bound: 55
  Clique: 156
  MIR: 232
  StrongCG: 85
  Flow cover: 1148
  GUB cover: 1
  Inf proof: 35
  Zero half: 401
  Network: 1
  RLT: 104
  Relax-and-lift: 299

Explored 565549 nodes (63555241 simplex iterations) in 3600.31 seconds (1793.87 work units)
Thread count was 8 (of 24 available processors)

Solution count 10: 123.528 123.528 123.528 ... 124.611

Time limit reached
Warning: max constraint violation (3.3044e-04) exceeds tolerance
Warning: max bound violation (3.3044e-04) exceeds tolerance
Best objective 1.235284998489e+02, best bound 1.212191572879e+02, gap 1.8695%
