
Gurobi 10.0.0 (win64) logging started Sun Jan 21 11:17:33 2024

Set parameter LogFile to value "C:/Users\Administrator\Documents\BNC_Repo\BNC_Tests\10_MIP_Results\n20m3\Instance_Class4_Parts20_Machines3_Instance1_logfileChe2021.txt"
Gurobi Optimizer version 10.0.0 build v10.0.0rc2 (win64)

CPU model: AMD EPYC 7513 32-Core Processor, instruction set [SSE2|AVX|AVX2]
Thread count: 24 physical cores, 24 logical processors, using up to 8 threads

Optimize a model with 20457 rows, 3461 columns and 100335 nonzeros
Model fingerprint: 0x76242d8c
Variable types: 1361 continuous, 2100 integer (2100 binary)
Coefficient statistics:
  Matrix range     [3e-06, 5e+02]
  Objective range  [1e+00, 1e+00]
  Bounds range     [1e+00, 1e+00]
  RHS range        [1e+00, 7e+02]
Presolve removed 6682 rows and 1357 columns
Presolve time: 0.66s
Presolved: 13775 rows, 2104 columns, 110963 nonzeros
Variable types: 101 continuous, 2003 integer (1943 binary)
Found heuristic solution: objective 484.7375600
Found heuristic solution: objective 417.1920800
Root relaxation presolved: 13775 rows, 2104 columns, 110963 nonzeros


Use crossover to convert LP symmetric solution to basic solution...

Root relaxation: objective 3.687320e+01, 2464 iterations, 0.64 seconds (0.72 work units)

    Nodes    |    Current Node    |     Objective Bounds      |     Work
 Expl Unexpl |  Obj  Depth IntInf | Incumbent    BestBd   Gap | It/Node Time

     0     0   36.87320    0  389  417.19208   36.87320  91.2%     -    2s
     0     0   36.87320    0  372  417.19208   36.87320  91.2%     -    2s
H    0     0                     392.1206000   36.87320  90.6%     -    2s
     0     0   37.26542    0  466  392.12060   37.26542  90.5%     -    5s
     0     0   37.31394    0  387  392.12060   37.31394  90.5%     -    5s
H    0     0                     275.1203600   37.31394  86.4%     -    7s
H    0     0                     266.7632000   37.47069  86.0%     -    9s
     0     0   37.47069    0  666  266.76320   37.47069  86.0%     -    9s
     0     0   37.47069    0  546  266.76320   37.47069  86.0%     -    9s
H    0     0                     169.4741200   37.56309  77.8%     -    9s
H    0     0                     113.6660200   37.56309  67.0%     -    9s
H    0     0                      75.7775200   37.56309  50.4%     -    9s
H    0     0                      72.5184400   37.56309  48.2%     -    9s
H    0     0                      51.4955600   37.56309  27.1%     -    9s
     0     0   37.57806    0  229   51.49556   37.57806  27.0%     -    9s
     0     0   37.60288    0  260   51.49556   37.60288  27.0%     -   10s
     0     0   37.60513    0  254   51.49556   37.60513  27.0%     -   10s
     0     0   37.60935    0  255   51.49556   37.60935  27.0%     -   10s
     0     0   37.60939    0  252   51.49556   37.60939  27.0%     -   10s
     0     0   37.71597    0  305   51.49556   37.71597  26.8%     -   12s
H    0     0                      50.1955600   37.71597  24.9%     -   12s
     0     0   37.72303    0  369   50.19556   37.72303  24.8%     -   12s
     0     0   37.72319    0  364   50.19556   37.72319  24.8%     -   12s
     0     0   37.72554    0  357   50.19556   37.72554  24.8%     -   12s
     0     0   37.72573    0  362   50.19556   37.72573  24.8%     -   12s
     0     0   37.72580    0  361   50.19556   37.72580  24.8%     -   12s
     0     0   37.74795    0  282   50.19556   37.74795  24.8%     -   14s
     0     0   37.76371    0  266   50.19556   37.76371  24.8%     -   14s
     0     0   37.76478    0  287   50.19556   37.76478  24.8%     -   14s
     0     0   37.76484    0  289   50.19556   37.76484  24.8%     -   14s
H    0     0                      46.7426400   37.77408  19.2%     -   16s
     0     0   37.77412    0  247   46.74264   37.77412  19.2%     -   16s
     0     0   37.77921    0  256   46.74264   37.77921  19.2%     -   17s
     0     0   37.77965    0  244   46.74264   37.77965  19.2%     -   17s
     0     0   37.78008    0  241   46.74264   37.78008  19.2%     -   17s
     0     0   37.78053    0  254   46.74264   37.78053  19.2%     -   17s
     0     0   37.78053    0  247   46.74264   37.78053  19.2%     -   17s
     0     0   37.84148    0  168   46.74264   37.84148  19.0%     -   19s
     0     0   37.85632    0  200   46.74264   37.85632  19.0%     -   19s
     0     0   37.85921    0  217   46.74264   37.85921  19.0%     -   19s
     0     0   37.85932    0  207   46.74264   37.85932  19.0%     -   19s
     0     0   37.90462    0  202   46.74264   37.90462  18.9%     -   21s
H    0     0                      46.1705600   37.90462  17.9%     -   21s
     0     0   37.91001    0  214   46.17056   37.91001  17.9%     -   21s
     0     0   37.91139    0  212   46.17056   37.91139  17.9%     -   21s
     0     0   37.91146    0  250   46.17056   37.91146  17.9%     -   21s
     0     0   37.91821    0  225   46.17056   37.91821  17.9%     -   23s
     0     0   37.91821    0  227   46.17056   37.91821  17.9%     -   23s
     0     0   37.91821    0  212   46.17056   37.91821  17.9%     -   25s
     0     0   37.91821    0  217   46.17056   37.91821  17.9%     -   25s
     0     0   37.92405    0  157   46.17056   37.92405  17.9%     -   27s
     0     0   37.92405    0  212   46.17056   37.92405  17.9%     -   27s
     0     0   37.92405    0  212   46.17056   37.92405  17.9%     -   28s
     0     0   37.92405    0  208   46.17056   37.92405  17.9%     -   29s
     0     0   37.92405    0  173   46.17056   37.92405  17.9%     -   30s
     0     0   37.92405    0  146   46.17056   37.92405  17.9%     -   31s
     0     0   37.92560    0  150   46.17056   37.92560  17.9%     -   34s
     0     0   37.92560    0  204   46.17056   37.92560  17.9%     -   34s
     0     0   37.95584    0  212   46.17056   37.95584  17.8%     -   35s
     0     0   37.99179    0  245   46.17056   37.99179  17.7%     -   35s
     0     0   37.99302    0  225   46.17056   37.99302  17.7%     -   35s
     0     0   37.99302    0  225   46.17056   37.99302  17.7%     -   35s
     0     0   38.06076    0  238   46.17056   38.06076  17.6%     -   35s
     0     0   38.07668    0  225   46.17056   38.07668  17.5%     -   35s
     0     0   38.07776    0  237   46.17056   38.07776  17.5%     -   35s
     0     0   38.07784    0  250   46.17056   38.07784  17.5%     -   35s
     0     0   38.43653    0  216   46.17056   38.43653  16.8%     -   36s
     0     0   38.48622    0  236   46.17056   38.48622  16.6%     -   36s
     0     0   38.48622    0  255   46.17056   38.48622  16.6%     -   36s
     0     0   38.49095    0  264   46.17056   38.49095  16.6%     -   36s
     0     0   38.49908    0  268   46.17056   38.49908  16.6%     -   36s
     0     0   38.49908    0  252   46.17056   38.49908  16.6%     -   36s
     0     0   38.50288    0  246   46.17056   38.50288  16.6%     -   36s
     0     0   38.50876    0  256   46.17056   38.50876  16.6%     -   36s
     0     0   38.66960    0  245   46.17056   38.66960  16.2%     -   36s
     0     0   38.66960    0  237   46.17056   38.66960  16.2%     -   36s
     0     0   38.66960    0  264   46.17056   38.66960  16.2%     -   37s
     0     0   38.66960    0  272   46.17056   38.66960  16.2%     -   37s
     0     0   38.66960    0  263   46.17056   38.66960  16.2%     -   37s
     0     0   38.66960    0  182   46.17056   38.66960  16.2%     -   37s
     0     2   38.66960    0  180   46.17056   38.66960  16.2%     -   38s
   102    97   39.95989   13   95   46.17056   38.88512  15.8%   252   40s
H  106    97                      45.3713700   38.88512  14.3%   245   40s
H  204   169                      44.6037600   38.88512  12.8%   182   42s
H 1207   696                      44.3876000   39.54742  10.9%  82.5   44s
  1432   858   44.19269   37   18   44.38760   39.61399  10.8%  81.2   45s
H 1498   819                      44.2039400   39.61399  10.4%  81.3   46s
  1586   886   40.09728   22   94   44.20394   39.61399  10.4%  91.1   50s
H 1704   890                      43.9101900   39.61399  9.78%  91.2   50s
H 1999   927                      43.8827800   39.88601  9.11%  89.3   52s
  2580   994   43.15648   24   66   43.88278   40.59819  7.48%  87.1   55s
  5549  2024   41.99935   25   97   43.88278   41.18518  6.15%  78.9   60s
H 6876  2454                      43.8661600   41.27805  5.90%  77.1   62s
  8411  3263   42.47465   33   60   43.86616   41.36024  5.71%  74.6   65s
 11838  4269 infeasible   42        43.86616   41.39730  5.63%  69.4   70s
 14821  5055   41.97952   36   70   43.86616   41.43924  5.53%  70.6   76s
 14974  5749   41.95337   39   36   43.86616   41.43924  5.53%  70.8   80s
 19042  6398   42.89837   47   56   43.86616   41.46823  5.47%  72.4   85s
 20982  6729   41.46823   36   61   43.86616   41.46823  5.47%  72.8   90s
H20983  6698                      43.8313000   41.46823  5.39%  72.8   90s
 22932  7640   41.46823   32   58   43.83130   41.46823  5.39%  73.8   95s
 25711  8399     cutoff   33        43.83130   41.48351  5.36%  74.6  100s
 27829  8996 infeasible   46        43.83130   41.49366  5.33%  74.5  105s
 30586  9690   41.78180   32   71   43.83130   41.50844  5.30%  74.7  112s
 32439 10156   41.51838   33   53   43.83130   41.51838  5.28%  74.8  116s
 34351 10653   41.64071   37   93   43.83130   41.51838  5.28%  74.9  121s
 36223 11044   43.07498   45   51   43.83130   41.52913  5.25%  75.1  126s
 37904 11458   41.78656   35   44   43.83130   41.53915  5.23%  75.4  131s
 39662 11830   42.97528   44   67   43.83130   41.53915  5.23%  75.9  135s
 41425 12193   42.51108   33   64   43.83130   41.56349  5.17%  76.3  140s
 43319 12651   41.62757   30   88   43.83130   41.56853  5.16%  76.4  145s
 45057 12972   41.69955   41   59   43.83130   41.58009  5.14%  76.4  150s
 46688 13321 infeasible   41        43.83130   41.60281  5.08%  76.9  155s
 49343 13845   41.91518   35   98   43.83130   41.63853  5.00%  77.4  162s
 50210 14012   43.59222   32   40   43.83130   41.64721  4.98%  77.6  165s
 51926 14240 infeasible   39        43.83130   41.66884  4.93%  78.0  170s
 53636 14505   42.77727   35   67   43.83130   41.69767  4.87%  78.4  175s
 55211 14794 infeasible   30        43.83130   41.71095  4.84%  78.5  180s
 57002 15097     cutoff   35        43.83130   41.74742  4.75%  78.7  185s
 58761 15385   41.85181   37   35   43.83130   41.75376  4.74%  79.1  190s
 60308 15774     cutoff   44        43.83130   41.76914  4.70%  79.6  197s
 61253 15868 infeasible   36        43.83130   41.76914  4.70%  79.9  200s
 63386 16187 infeasible   33        43.83130   41.76914  4.70%  80.0  207s
 64238 16341   41.81930   30   68   43.83130   41.81930  4.59%  80.3  210s
 66164 16649   42.61231   38   74   43.83130   41.83320  4.56%  80.7  216s
 68043 16933   42.09438   40   57   43.83130   41.85712  4.50%  81.0  222s
 69040 17029   42.40397   40   73   43.83130   41.86969  4.48%  81.1  225s
 71047 17359   42.65994   48   61   43.83130   41.88615  4.44%  81.1  231s
 71960 17473   41.94294   44   87   43.83130   41.89377  4.42%  81.3  235s
 73982 17570 infeasible   42        43.83130   41.89377  4.42%  82.1  241s
 74674 17780     cutoff   33        43.83130   41.89377  4.42%  82.4  245s
 76392 18174   42.70321   31  115   43.83130   41.89944  4.41%  82.7  252s
 77449 18368 infeasible   39        43.83130   41.90222  4.40%  82.9  255s
 79681 18697 infeasible   44        43.83130   41.92369  4.35%  83.0  262s
 80600 18797   42.96760   39   34   43.83130   41.92652  4.35%  83.2  266s
 82524 19040   42.83608   33   57   43.83130   41.94054  4.31%  83.5  272s
 83317 19125   42.76834   36   77   43.83130   41.94392  4.31%  83.7  275s
 85021 19352   43.13996   28   96   43.83130   41.95799  4.27%  83.9  281s
 86706 19557   43.69869   43   73   43.83130   41.96470  4.26%  84.2  288s
 87858 19669 infeasible   45        43.83130   41.96470  4.26%  84.4  292s
 89054 19683     cutoff   39        43.83130   41.96470  4.26%  84.5  295s
 90740 19913     cutoff   46        43.83130   41.96984  4.25%  84.8  302s
 91843 20037   42.06293   36  109   43.83130   41.97365  4.24%  84.9  306s
 93925 20217   43.07796   40   56   43.83130   41.98117  4.22%  84.9  313s
 94883 20357     cutoff   46        43.83130   41.98804  4.21%  84.9  316s
 96826 20523   42.59245   44   60   43.83130   41.99822  4.18%  85.0  323s
 97792 20560   43.44560   38   41   43.83130   42.00232  4.17%  85.0  326s
 99375 20832     cutoff   35        43.83130   42.01308  4.15%  85.3  332s
 100323 20876     cutoff   46        43.83130   42.01485  4.14%  85.5  335s
 102067 21085   42.36567   35   52   43.83130   42.02207  4.13%  85.7  342s
 102924 21155   43.56013   48   53   43.83130   42.02912  4.11%  85.8  345s
 104647 21342   42.92278   47   40   43.83130   42.04143  4.08%  85.8  350s
 106220 21552   43.09979   50   61   43.83130   42.05252  4.06%  85.9  357s
 107091 21621   42.70007   32   79   43.83130   42.05896  4.04%  85.9  360s
 108940 21879     cutoff   43        43.83130   42.06554  4.03%  85.9  367s
 109853 22008 infeasible   38        43.83130   42.07098  4.02%  85.9  370s
 111657 22219   42.96724   34   68   43.83130   42.08204  3.99%  85.8  375s
H113194 22315                      43.8313000   42.09037  3.97%  85.9  378s
 113285 22412   43.45439   47   38   43.83130   42.09394  3.96%  85.9  381s
 114289 22677 infeasible   27        43.83130   42.09914  3.95%  86.1  385s
 115783 23059 infeasible   28        43.83130   42.09914  3.95%  86.2  391s
 116665 23294   42.40373   24  112   43.83130   42.09914  3.95%  86.3  395s
 118487 23653   42.74749   45   66   43.83130   42.10281  3.94%  86.3  401s
 120013 23864   42.34188   40   54   43.83130   42.10281  3.94%  86.4  407s
 120933 24044 infeasible   40        43.83130   42.11307  3.92%  86.5  410s
 122896 24433   42.24484   32   59   43.83130   42.11801  3.91%  86.5  418s
 123968 24534 infeasible   33        43.83130   42.12172  3.90%  86.5  421s
 124906 24720 infeasible   32        43.83130   42.12276  3.90%  86.6  425s
 126867 25018   42.68150   48   57   43.83130   42.13181  3.88%  86.5  432s
 127819 25115   43.21682   38   65   43.83130   42.13549  3.87%  86.6  436s
 129704 25426 infeasible   38        43.83130   42.14807  3.84%  86.6  443s
 130642 25610   42.51466   43   97   43.83130   42.15296  3.83%  86.6  446s
 131690 25779 infeasible   46        43.83130   42.15502  3.82%  86.6  450s
 133541 25956   43.21714   46   66   43.83130   42.16418  3.80%  86.5  458s
 134327 26095   42.45596   31   58   43.83130   42.16431  3.80%  86.5  461s
 135313 26254   42.53303   31   88   43.83130   42.16942  3.79%  86.5  465s
 137080 26466 infeasible   36        43.83130   42.17511  3.78%  86.5  472s
 137951 26609   42.76806   38   69   43.83130   42.17836  3.77%  86.6  477s
 138872 26753   43.02127   40   43   43.83130   42.17958  3.77%  86.6  481s
 139802 26829   42.19558   41   80   43.83130   42.18284  3.76%  86.6  485s
 141489 26897   43.10719   42   56   43.83130   42.19302  3.74%  86.7  492s
 142259 26973 infeasible   35        43.83130   42.19578  3.73%  86.8  496s
 144003 27166   43.02026   48   61   43.83130   42.20075  3.72%  86.8  503s
 144989 27290   43.67802   40   30   43.83130   42.20356  3.71%  86.8  507s
 146007 27374 infeasible   50        43.83130   42.20723  3.71%  86.8  510s
 147908 27519   43.78278   46   38   43.83130   42.21894  3.68%  86.8  518s
 149131 27657 infeasible   39        43.83130   42.22190  3.67%  86.7  522s
 150017 27724   43.31278   36   80   43.83130   42.22590  3.66%  86.6  525s
 151615 27951   42.25030   42   82   43.83130   42.23454  3.64%  86.7  532s
 152475 28041     cutoff   43        43.83130   42.23774  3.64%  86.7  536s
 153321 28107   43.56503   50   43   43.83130   42.24234  3.63%  86.7  540s
 155234 28290   42.96378   46   63   43.83130   42.24633  3.62%  86.9  548s
 156209 28387   43.16705   44   84   43.83130   42.25030  3.61%  86.8  552s
 157140 28480   42.70653   39   77   43.83130   42.25481  3.60%  86.8  556s
 157998 28606   42.76178   41   66   43.83130   42.25969  3.59%  86.9  560s
 159883 28858 infeasible   42        43.83130   42.26806  3.57%  86.8  568s
 160878 28904   43.65100   34   45   43.83130   42.27128  3.56%  86.8  572s
 161778 29017   42.87667   35   57   43.83130   42.27780  3.54%  86.8  576s
 163671 29187 infeasible   45        43.83130   42.28593  3.53%  86.7  582s
 164353 29255 infeasible   37        43.83130   42.29041  3.52%  86.8  586s
 165263 29303 infeasible   45        43.83130   42.29299  3.51%  86.8  590s
 166995 29491 infeasible   38        43.83130   42.30374  3.49%  86.8  598s
 167947 29587   43.22702   44   68   43.83130   42.30774  3.48%  86.9  602s
 168983 29635   43.30497   39   62   43.83130   42.31348  3.46%  86.8  606s
 170024 29640   42.48458   36   82   43.83130   42.31576  3.46%  86.9  610s
 171822 29816 infeasible   46        43.83130   42.32000  3.45%  87.0  618s
 172620 29978   42.68256   33   53   43.83130   42.32498  3.44%  87.1  622s
 173474 30067   43.66525   39   31   43.83130   42.32498  3.44%  87.2  626s
 174428 30134 infeasible   34        43.83130   42.33104  3.42%  87.2  631s
 175289 30254   42.95035   32   42   43.83130   42.33272  3.42%  87.3  635s
H176778 30303                      43.8313000   42.33762  3.41%  87.3  639s
 176936 30339     cutoff   32        43.83130   42.33860  3.41%  87.3  642s
 177194 30432   42.45982   32  101   43.83130   42.34005  3.40%  87.3  646s
 178239 30534   42.50310   38   57   43.83130   42.34528  3.39%  87.4  650s
 178844 30744   42.36978   43  106   43.83130   42.34902  3.38%  87.4  655s
 180996 30927   43.18194   37   49   43.83130   42.35847  3.36%  87.3  663s
 181900 30973   42.45807   33   67   43.83130   42.36351  3.35%  87.3  667s
 182756 31009   43.10180   44   72   43.83130   42.36872  3.34%  87.4  671s
 183610 31096   43.18594   35   47   43.83130   42.37401  3.32%  87.4  675s
 184540 31207 infeasible   42        43.83130   42.37541  3.32%  87.4  680s
 185931 31242   43.79304   47   51   43.83130   42.38021  3.31%  87.4  685s
 187438 31356 infeasible   37        43.83130   42.39028  3.29%  87.4  693s
 188276 31383 infeasible   43        43.83130   42.39431  3.28%  87.4  698s
 189356 31405   42.94708   46   34   43.83130   42.39679  3.27%  87.4  703s
 190312 31455   43.71915   45   51   43.83130   42.39977  3.27%  87.4  708s
 190722 31535   42.90216   45   20   43.83130   42.40104  3.26%  87.4  712s
 191603 31634   43.73697   38   67   43.83130   42.40373  3.26%  87.4  717s
 192613 31661 infeasible   44        43.83130   42.40591  3.25%  87.4  721s
 193581 31722 infeasible   38        43.83130   42.41162  3.24%  87.4  726s
 194380 31721   43.59335   41   56   43.83130   42.41444  3.23%  87.4  731s
 195202 31782 infeasible   32        43.83130   42.41790  3.22%  87.5  735s
 196232 31841   42.89832   42   48   43.83130   42.42072  3.22%  87.5  740s
 197263 31863   42.52461   37   63   43.83130   42.42496  3.21%  87.5  745s
 198203 31900   42.59396   47   70   43.83130   42.42967  3.20%  87.5  750s
 199139 31998     cutoff   40        43.83130   42.43308  3.19%  87.5  755s
 200097 32067 infeasible   51        43.83130   42.43636  3.18%  87.5  760s
 202011 32342   43.24402   40   59   43.83130   42.44436  3.16%  87.5  769s
 203044 32443 infeasible   50        43.83130   42.44606  3.16%  87.5  775s
 204139 32532     cutoff   33        43.83130   42.44606  3.16%  87.4  780s
 205020 32603   43.15911   43   50   43.83130   42.45091  3.15%  87.4  785s
 205945 32670   43.15949   41   63   43.83130   42.45388  3.14%  87.5  790s
 206964 32769 infeasible   45        43.83130   42.45388  3.14%  87.5  795s
 207919 32845   43.63507   45   67   43.83130   42.45952  3.13%  87.5  800s
 209659 33024   42.85995   31   90   43.83130   42.46645  3.11%  87.5  810s
 210821 33049 infeasible   46        43.83130   42.46787  3.11%  87.4  816s
 211703 33083 infeasible   32        43.83130   42.47137  3.10%  87.4  821s
 212533 33123   43.09575   36   38   43.83130   42.47395  3.10%  87.5  827s
 213580 33195   43.08030   37   49   43.83130   42.47786  3.09%  87.5  833s
 214662 33289 infeasible   42        43.83130   42.48095  3.08%  87.4  838s
 215703 33351   43.15066   37   54   43.83130   42.48453  3.07%  87.4  844s
 216642 33386   42.92188   29   84   43.83130   42.48838  3.06%  87.4  849s
 217568 33518 infeasible   49        43.83130   42.49250  3.05%  87.5  855s
 218593 33586   42.54355   32   85   43.83130   42.49590  3.05%  87.4  860s
 219415 33714   42.77350   43   62   43.83130   42.50190  3.03%  87.5  866s
 220315 33839   43.23907   37   89   43.83130   42.50357  3.03%  87.5  871s
 221203 33941   43.20498   29  104   43.83130   42.50716  3.02%  87.5  876s
 221976 33994 infeasible   35        43.83130   42.50874  3.02%  87.4  882s
 222891 34034   42.81359   41   79   43.83130   42.51339  3.01%  87.4  887s
 223776 34063   43.75908   45   29   43.83130   42.51851  3.00%  87.5  891s
 224393 34164   42.86900   40   58   43.83130   42.52206  2.99%  87.5  897s
 225548 34197   43.62490   35  119   43.83130   42.52630  2.98%  87.5  903s
 226562 34291   43.79833   39   44   43.83130   42.52836  2.97%  87.5  909s
 227558 34393   42.59339   27   85   43.83130   42.53119  2.97%  87.5  915s
 228557 34493   42.71388   36   74   43.83130   42.53430  2.96%  87.6  921s
 229482 34584 infeasible   43        43.83130   42.53646  2.95%  87.6  926s
 230488 34647 infeasible   42        43.83130   42.54195  2.94%  87.6  931s
 231418 34750   42.56136   33   60   43.83130   42.54538  2.93%  87.6  937s
 232406 34886   43.71749   43   22   43.83130   42.54899  2.93%  87.6  944s
 233551 35006     cutoff   40        43.83130   42.55125  2.92%  87.5  950s
 234570 35089   43.15914   40   45   43.83130   42.55472  2.91%  87.5  957s
 235588 35140     cutoff   40        43.83130   42.55797  2.91%  87.5  963s
 236562 35150   43.16692   36  106   43.83130   42.56144  2.90%  87.5  968s
 237499 35234   42.77600   39   71   43.83130   42.56469  2.89%  87.5  975s
 238530 35279   43.49439   41   56   43.83130   42.56786  2.88%  87.5  980s
 239149 35315 infeasible   42        43.83130   42.56786  2.88%  87.6  987s
 240376 35354   43.22063   47   65   43.83130   42.57383  2.87%  87.6  995s
 241003 35396   42.93953   35   75   43.83130   42.57413  2.87%  87.6 1003s
 242279 35425   43.28313   42   46   43.83130   42.57728  2.86%  87.7 1010s
 243267 35564   43.23059   38   46   43.83130   42.58130  2.85%  87.7 1017s
 244504 35662 infeasible   40        43.83130   42.58537  2.84%  87.7 1025s
 245740 35747   42.78936   43   45   43.83130   42.58900  2.83%  87.7 1032s
 246900 35763   43.44386   49   65   43.83130   42.59467  2.82%  87.6 1038s
 247950 35778   43.38455   43   47   43.83130   42.59839  2.81%  87.7 1047s
 249122 35789   42.85783   36   91   43.83130   42.59928  2.81%  87.7 1054s
 250139 35828   43.72738   41   49   43.83130   42.59928  2.81%  87.8 1061s
 251215 35894   43.44682   37   43   43.83130   42.60128  2.81%  87.8 1068s
 252204 35995   42.63897   58   80   43.83130   42.60547  2.80%  87.9 1075s
 253219 36045   43.02810   36   58   43.83130   42.60824  2.79%  87.9 1081s
 254050 36046   42.84645   36   89   43.83130   42.61062  2.78%  87.9 1088s
 255122 36140   43.43335   43   58   43.83130   42.61398  2.78%  87.9 1094s
 256093 36120   43.57336   56   48   43.83130   42.61560  2.77%  87.9 1100s
 256965 36125   43.48377   48   78   43.83130   42.62038  2.76%  87.9 1106s
 257953 36172   43.24588   45   77   43.83130   42.62456  2.75%  87.9 1112s
 258915 36180 infeasible   45        43.83130   42.62716  2.75%  87.9 1118s
 259845 36223   43.37454   42   90   43.83130   42.62970  2.74%  87.9 1124s
 260786 36248   43.39828   35   65   43.83130   42.63286  2.73%  87.9 1130s
 261625 36247 infeasible   39        43.83130   42.63346  2.73%  87.9 1137s
 262627 36282   43.51160   43   65   43.83130   42.63771  2.72%  87.9 1143s
 263638 36272   43.72696   37   30   43.83130   42.64071  2.72%  87.9 1150s
 264675 36332   43.36907   35   57   43.83130   42.64589  2.70%  87.9 1156s
 265755 36515   43.45792   50   39   43.83130   42.64891  2.70%  87.9 1163s
 266742 36699 infeasible   47        43.83130   42.64943  2.70%  87.9 1169s
 266969 36699 infeasible   32        43.83130   42.64943  2.70%  87.9 1170s
 267818 36877   43.28866   40   74   43.83130   42.64943  2.70%  87.9 1176s
 268701 36991   43.10045   38   82   43.83130   42.64943  2.70%  87.8 1184s
 269688 37043   42.64943   60   28   43.83130   42.64943  2.70%  87.8 1190s
 270636 37097   43.48350   44   44   43.83130   42.65217  2.69%  87.8 1197s
 271603 37089   43.62400   50   52   43.83130   42.65609  2.68%  87.8 1204s
 272569 37141   43.16935   36   80   43.83130   42.65966  2.67%  87.8 1211s
 273545 37168     cutoff   33        43.83130   42.66330  2.66%  87.8 1218s
 274512 37211   42.90047   44   69   43.83130   42.66474  2.66%  87.8 1224s
 274913 37211 infeasible   44        43.83130   42.66474  2.66%  87.8 1225s
 275477 37440 infeasible   42        43.83130   42.67020  2.65%  87.8 1232s
 276596 37668   43.78758   66   35   43.83130   42.67020  2.65%  87.8 1238s
 277287 37904     cutoff   65        43.83130   42.67020  2.65%  87.8 1247s
 278484 38068   43.45858   48   79   43.83130   42.67020  2.65%  87.8 1256s
 279581 38236   43.10141   43   74   43.83130   42.67020  2.65%  87.8 1264s
 279995 38236 infeasible   56        43.83130   42.67020  2.65%  87.9 1265s
 280650 38392 infeasible   53        43.83130   42.67020  2.65%  87.9 1273s
 281714 38516   42.67020   47   42   43.83130   42.67020  2.65%  88.0 1281s
 282861 38554   43.36163   48   48   43.83130   42.67020  2.65%  88.0 1287s
 283563 38692   43.12906   43   94   43.83130   42.67129  2.65%  88.0 1296s
 284582 38802   43.36074   40   53   43.83130   42.67444  2.64%  88.0 1304s
 284753 38802   42.94340   28   65   43.83130   42.67444  2.64%  88.0 1305s
 285759 38925 infeasible   41        43.83130   42.67546  2.64%  88.0 1313s
 287001 39022   43.05321   42  110   43.83130   42.67804  2.63%  88.0 1322s
 288158 39079     cutoff   46        43.83130   42.68021  2.63%  88.0 1331s
 289180 39099     cutoff   41        43.83130   42.68172  2.62%  88.0 1338s
 290132 39183   43.31474   40   62   43.83130   42.68396  2.62%  88.1 1347s
 291325 39166     cutoff   57        43.83130   42.68634  2.61%  88.1 1356s
 292405 39192   43.69700   52   43   43.83130   42.68788  2.61%  88.1 1362s
 293119 39231 infeasible   39        43.83130   42.68970  2.60%  88.1 1370s
 294007 39246   43.11120   41   70   43.83130   42.69279  2.60%  88.1 1378s
 294983 39248   43.23110   29   44   43.83130   42.69512  2.59%  88.1 1386s
 296019 39274     cutoff   51        43.83130   42.69791  2.59%  88.1 1396s
 297138 39236   43.38715   46   60   43.83130   42.69932  2.58%  88.2 1404s
 297978 39317 infeasible   40        43.83130   42.70236  2.58%  88.2 1413s
 299122 39323   42.90042   44  100   43.83130   42.70573  2.57%  88.2 1419s
 299910 39283   43.49088   51   38   43.83130   42.70813  2.56%  88.2 1426s
 300692 39329     cutoff   61        43.83130   42.71139  2.56%  88.2 1434s
 301700 39339     cutoff   41        43.83130   42.71489  2.55%  88.2 1443s
 302765 39319   43.38178   35   85   43.83130   42.71720  2.54%  88.3 1451s
 303712 39311   43.40865   36   68   43.83130   42.72056  2.53%  88.3 1460s
 304792 39350   43.82674   49   81   43.83130   42.72249  2.53%  88.3 1470s
 305923 39258   43.80355   46   52   43.83130   42.72621  2.52%  88.3 1477s
 306692 39276   43.28015   49   62   43.83130   42.72943  2.51%  88.4 1486s
 307867 39265   43.22479   35   69   43.83130   42.73181  2.51%  88.4 1495s
 308941 39197   43.49088   49   45   43.83130   42.73571  2.50%  88.4 1504s
 309976 39115     cutoff   48        43.83130   42.73976  2.49%  88.4 1512s
 310755 39104   43.36968   39   51   43.83130   42.74113  2.49%  88.5 1520s
 311816 39086 infeasible   43        43.83130   42.74465  2.48%  88.5 1530s
 313016 39111   43.45248   46   74   43.83130   42.74699  2.47%  88.5 1538s
 313949 39147   43.40314   52   41   43.83130   42.74845  2.47%  88.5 1545s
 314708 39146 infeasible   62        43.83130   42.74974  2.47%  88.5 1554s
 315619 39127   42.75264   42   55   43.83130   42.75264  2.46%  88.5 1562s
 316615 39192   42.84331   55   67   43.83130   42.75666  2.45%  88.6 1570s
 317714 39287   43.82293   28   58   43.83130   42.75835  2.45%  88.6 1581s
*318786 38474              61      43.7995400   42.75866  2.38%  88.5 1582s
H319063 36436                      43.7174900   42.76139  2.19%  88.5 1591s
 319972 36412     cutoff   45        43.71749   42.76263  2.18%  88.5 1600s
H320255 36412                      43.7174900   42.76277  2.18%  88.5 1600s
 320736 36376   43.56278   43   56   43.71749   42.76547  2.18%  88.5 1608s
 321748 36284   42.77957   44   82   43.71749   42.77010  2.17%  88.5 1616s
 322438 36192   43.60553   53   78   43.71749   42.77243  2.16%  88.6 1625s
 323373 36103   42.85940   40  106   43.71749   42.77571  2.15%  88.7 1633s
 324257 35992   42.78790   57   77   43.71749   42.78023  2.14%  88.7 1643s
 325375 35883   42.95035   41   54   43.71749   42.78419  2.13%  88.7 1652s
 326173 35807   43.24172   46   62   43.71749   42.78777  2.13%  88.8 1663s
 327433 35743   42.88150   33   91   43.71749   42.78993  2.12%  88.8 1671s
 328287 35659   43.48843   40  103   43.71749   42.79186  2.12%  88.9 1682s
 329461 35597   43.19271   37   41   43.71749   42.79689  2.11%  88.9 1688s
 330063 35488 infeasible   38        43.71749   42.79858  2.10%  88.9 1696s
 330883 35472 infeasible   56        43.71749   42.80486  2.09%  89.0 1707s
 332156 35529 infeasible   33        43.71749   42.80850  2.08%  89.0 1718s
 333384 35558   43.41565   51   60   43.71749   42.80850  2.08%  89.0 1726s
 334157 35559   43.28078   45   90   43.71749   42.80850  2.08%  89.0 1734s
 335153 35450 infeasible   37        43.71749   42.81407  2.07%  89.0 1741s
 335875 35430   43.09495   40   74   43.71749   42.81809  2.06%  89.0 1750s
 336834 35315 infeasible   47        43.71749   42.82183  2.05%  89.0 1758s
 337640 35310   43.53872   43   59   43.71749   42.82552  2.04%  89.1 1768s
 338743 35273 infeasible   48        43.71749   42.82861  2.03%  89.1 1778s
 339770 35135 infeasible   37        43.71749   42.83294  2.02%  89.1 1787s
 340698 35058   43.24719   35   74   43.71749   42.83494  2.02%  89.2 1799s
 341432 35058 infeasible   38        43.71749   42.83521  2.02%  89.1 1800s
 341933 34965   43.03208   35   57   43.71749   42.83952  2.01%  89.1 1812s
 343231 34875 infeasible   32        43.71749   42.84115  2.00%  89.1 1822s
 344094 34779   43.08007   32   98   43.71749   42.84517  2.00%  89.1 1832s
 345082 34756     cutoff   44        43.71749   42.84958  1.99%  89.1 1841s
 346174 34628   43.07038   40   69   43.71749   42.85404  1.98%  89.1 1850s
 346897 34506   42.92448   51   27   43.71749   42.85781  1.97%  89.2 1861s
 347963 34419 infeasible   41        43.71749   42.86105  1.96%  89.3 1870s
 348476 34264 infeasible   37        43.71749   42.86324  1.95%  89.3 1878s
 349287 34228   43.70693   44   82   43.71749   42.86889  1.94%  89.4 1888s
 350457 34096 infeasible   45        43.71749   42.87514  1.93%  89.4 1900s
 351472 34132   42.89907   40   64   43.71749   42.87942  1.92%  89.4 1912s
 352738 34063   43.22080   33   94   43.71749   42.87942  1.92%  89.4 1923s
 353834 33908   42.88542   35   75   43.71749   42.88354  1.91%  89.4 1933s
 354840 33849   42.88542   36   52   43.71749   42.88542  1.90%  89.4 1945s
 355909 33779   43.59205   33   90   43.71749   42.88725  1.90%  89.5 1955s
 356841 33626     cutoff   40        43.71749   42.89264  1.89%  89.5 1966s
 357692 33547   43.48888   41   12   43.71749   42.89680  1.88%  89.5 1980s
 359065 33640   43.33145   37   39   43.71749   42.90019  1.87%  89.5 1993s
 360314 33602 infeasible   34        43.71749   42.90019  1.87%  89.6 2001s
 360849 33709   42.90042   33   55   43.71749   42.90042  1.87%  89.6 2016s
 362387 33503 infeasible   37        43.71749   42.90042  1.87%  89.8 2032s
 363856 33431 infeasible   41        43.71749   42.90274  1.86%  89.9 2045s
 365350 33232   43.11886   45   62   43.71749   42.91026  1.85%  89.9 2058s
 366508 33155   43.48936   42   54   43.71749   42.91496  1.84%  90.0 2071s
 367966 33089   43.34411   38   59   43.71749   42.92072  1.82%  90.0 2082s
 368835 32930 infeasible   47        43.71749   42.92110  1.82%  90.0 2092s
 369816 32884   43.00327   34   96   43.71749   42.92896  1.80%  90.0 2102s
 370987 32799   43.58118   38   70   43.71749   42.93383  1.79%  90.0 2113s
 372008 32708   43.09593   45   32   43.71749   42.93756  1.78%  90.0 2125s
 373333 32627   43.00462   37   57   43.71749   42.93953  1.78%  90.0 2136s
 374496 32328   43.23404   39   53   43.71749   42.94646  1.76%  90.0 2149s
 375790 32426   43.49660   29   48   43.71749   42.95035  1.75%  90.1 2165s
 377618 32443 infeasible   39        43.71749   42.95035  1.75%  90.0 2175s
 378594 32522 infeasible   38        43.71749   42.95035  1.75%  90.0 2188s
 380151 32666 infeasible   50        43.71749   42.95035  1.75%  90.0 2200s
 381392 32644     cutoff   47        43.71749   42.95035  1.75%  90.0 2211s
 382471 32717   43.60413   35   70   43.71749   42.95035  1.75%  90.0 2224s
 383825 32532   43.30497   35   41   43.71749   42.95297  1.75%  90.1 2234s
 384790 32439 infeasible   39        43.71749   42.95390  1.75%  90.2 2247s
 386048 32273   43.29180   46   48   43.71749   42.95602  1.74%  90.2 2257s
 386949 32187     cutoff   46        43.71749   42.95999  1.73%  90.2 2270s
 388268 32053   43.45025   44   39   43.71749   42.96260  1.73%  90.2 2280s
 389196 31948     cutoff   38        43.71749   42.96613  1.72%  90.3 2290s
 390129 31949   42.97318   43   47   43.71749   42.96822  1.71%  90.3 2301s
 391201 31889   43.55368   31   47   43.71749   42.97140  1.71%  90.3 2308s
 391856 31884 infeasible   44        43.71749   42.97307  1.70%  90.3 2320s
 393128 31869   43.28966   35   55   43.71749   42.97604  1.70%  90.3 2330s
 394197 31848   43.30583   52   84   43.71749   42.97824  1.69%  90.3 2344s
 395737 31819   43.27460   48   72   43.71749   42.98134  1.68%  90.3 2354s
 396559 31731 infeasible   41        43.71749   42.98612  1.67%  90.3 2364s
 397623 31637   43.02375   42   70   43.71749   42.99068  1.66%  90.3 2374s
 397943 31637   43.40865   45   64   43.71749   42.99087  1.66%  90.3 2375s
 398631 31592   43.52590   39   54   43.71749   42.99492  1.65%  90.3 2380s
 398862 31433 infeasible   34        43.71749   42.99534  1.65%  90.3 2389s
 399669 31268   43.41075   57  117   43.71749   43.00083  1.64%  90.4 2399s
 400511 31232 infeasible   39        43.71749   43.00405  1.63%  90.4 2409s
 401571 31139     cutoff   44        43.71749   43.00923  1.62%  90.5 2419s
 402616 30983   43.68390   45   75   43.71749   43.01390  1.61%  90.5 2429s
 403087 30983   43.27197   39   68   43.71749   43.01410  1.61%  90.5 2430s
 403588 31016   43.52226   44  128   43.71749   43.01941  1.60%  90.5 2443s
 405041 31069   43.07142   47   72   43.71749   43.02127  1.59%  90.6 2452s
 405886 30977   43.45310   42   55   43.71749   43.02127  1.59%  90.6 2463s
 406807 31015   43.30905   42   64   43.71749   43.02127  1.59%  90.7 2480s
 408514 30981   43.11980   46  106   43.71749   43.02127  1.59%  90.7 2492s
 409729 30844     cutoff   38        43.71749   43.02482  1.58%  90.7 2505s
 410988 30762   43.61485   45   42   43.71749   43.02783  1.58%  90.8 2517s
 412124 30693   43.53179   64   61   43.71749   43.03049  1.57%  90.8 2528s
 413223 30634     cutoff   39        43.71749   43.03298  1.57%  90.8 2539s
 414329 30507     cutoff   36        43.71749   43.03831  1.55%  90.8 2551s
 415345 30516   43.04234   55  121   43.71749   43.04204  1.55%  90.9 2564s
 416608 30469   43.07984   63   40   43.71749   43.04239  1.54%  90.9 2577s
 417920 30300   43.04600   44   43   43.71749   43.04589  1.54%  90.8 2592s
 419515 30130   43.63372   45   99   43.71749   43.04791  1.53%  90.8 2603s
 420403 29983   43.66228   47   48   43.71749   43.05283  1.52%  90.8 2615s
 421465 29823     cutoff   38        43.71749   43.05696  1.51%  90.8 2623s
 422206 29596   43.60335   44   37   43.71749   43.06179  1.50%  90.9 2634s
 423183 29467     cutoff   45        43.71749   43.06703  1.49%  90.9 2646s
 424390 29369   43.56155   47   51   43.71749   43.07158  1.48%  90.9 2658s
 425359 29326   43.15765   33   61   43.71749   43.07431  1.47%  91.0 2670s
 426494 29372   43.07498   41   35   43.71749   43.07498  1.47%  91.0 2683s
 427624 29280 infeasible   43        43.71749   43.07498  1.47%  91.0 2691s
 428172 29418 infeasible   45        43.71749   43.07733  1.46%  91.1 2708s
 429960 29579     cutoff   34        43.71749   43.08064  1.46%  91.0 2719s
 431145 29642 infeasible   49        43.71749   43.08064  1.46%  90.9 2733s
 432494 29721   43.52233   35   67   43.71749   43.08064  1.46%  90.9 2744s
 433616 29726 infeasible   31        43.71749   43.08064  1.46%  90.8 2755s
 434611 29594   43.32676   37   53   43.71749   43.08064  1.46%  90.8 2763s
 435292 29477   43.09108   36   69   43.71749   43.08710  1.44%  90.8 2774s
 436288 29338   43.46843   41   30   43.71749   43.09108  1.43%  90.9 2785s
 437154 29236   43.38156   40   58   43.71749   43.09108  1.43%  90.9 2798s
 438394 29144     cutoff   44        43.71749   43.09341  1.43%  90.9 2810s
 439493 29131 infeasible   38        43.71749   43.09575  1.42%  91.0 2822s
 440658 29048 infeasible   43        43.71749   43.09575  1.42%  91.1 2833s
 441530 29090   43.63540   42   44   43.71749   43.09575  1.42%  91.1 2844s
 442427 29008 infeasible   39        43.71749   43.09575  1.42%  91.2 2851s
 443080 28991 infeasible   39        43.71749   43.09722  1.42%  91.2 2864s
 444248 28864   43.37627   36   60   43.71749   43.10045  1.41%  91.3 2876s
 445291 28784   43.61269   41   57   43.71749   43.10154  1.41%  91.3 2884s
 445757 28550   43.31063   45   48   43.71749   43.10328  1.40%  91.3 2900s
 447160 28434   43.71320   37   65   43.71749   43.10823  1.39%  91.4 2912s
 448283 28328   43.67821   41   54   43.71749   43.11118  1.39%  91.4 2927s
 449632 28253   43.12133   31  112   43.71749   43.11297  1.38%  91.4 2940s
 450842 28177   43.12431   38   63   43.71749   43.11607  1.38%  91.4 2952s
 452120 28041   43.28196   37   61   43.71749   43.12172  1.36%  91.4 2964s
 453214 27875   43.28685   38   58   43.71749   43.12583  1.35%  91.4 2978s
 454578 27714     cutoff   40        43.71749   43.13023  1.34%  91.4 2990s
 455696 27516 infeasible   41        43.71749   43.13328  1.34%  91.4 3001s
 456867 27234 infeasible   43        43.71749   43.14006  1.32%  91.4 3015s
 458082 27166   43.40574   33   59   43.71749   43.14426  1.31%  91.4 3030s
 459430 27062   43.65100   34   25   43.71749   43.14590  1.31%  91.5 3042s
 460382 27042   43.57711   32   52   43.71749   43.14590  1.31%  91.5 3053s
 461563 27089     cutoff   37        43.71749   43.14590  1.31%  91.6 3066s
 462739 27016   43.21482   37   35   43.71749   43.14590  1.31%  91.5 3074s
 463475 26935     cutoff   58        43.71749   43.14826  1.30%  91.6 3083s
 464409 26754     cutoff   45        43.71749   43.15435  1.29%  91.6 3093s
 465328 26572   43.68134   36  119   43.71749   43.15750  1.28%  91.6 3107s
 466870 26325 infeasible   42        43.71749   43.16078  1.27%  91.6 3118s
 467904 26144 infeasible   45        43.71749   43.16667  1.26%  91.6 3129s
 468802 25980   43.67884   46   78   43.71749   43.16667  1.26%  91.7 3139s
 469578 25734   43.71041   43   31   43.71749   43.16667  1.26%  91.9 3151s
 470773 25458     cutoff   39        43.71749   43.17236  1.25%  91.9 3162s
 471752 25151 infeasible   49        43.71749   43.17622  1.24%  92.0 3172s
 472786 24854     cutoff   38        43.71749   43.18284  1.22%  92.1 3183s
 473811 24570   43.27306   35   82   43.71749   43.19079  1.20%  92.1 3194s
 474871 24386   43.19605   38   63   43.71749   43.19272  1.20%  92.2 3207s
 475773 24211   43.65107   39   89   43.71749   43.19605  1.19%  92.2 3217s
 476794 24095   43.47425   34   47   43.71749   43.20018  1.18%  92.3 3229s
 478229 23933 infeasible   35        43.71749   43.20018  1.18%  92.3 3240s
 479259 23681     cutoff   42        43.71749   43.20018  1.18%  92.3 3249s
 480162 23494   43.21598   50   57   43.71749   43.21332  1.15%  92.3 3258s
 480958 23278 infeasible   37        43.71749   43.21598  1.15%  92.4 3276s
 482697 23114 infeasible   45        43.71749   43.21868  1.14%  92.3 3285s
 483499 22923   43.49840   48   92   43.71749   43.22284  1.13%  92.3 3297s
 484822 22697   43.36516   43   75   43.71749   43.22754  1.12%  92.3 3308s
 485957 22425 infeasible   43        43.71749   43.23404  1.11%  92.3 3319s
 486830 22152   43.23946   40   71   43.71749   43.23946  1.09%  92.4 3332s
 488036 21900 infeasible   52        43.71749   43.24630  1.08%  92.4 3342s
 488718 21660 infeasible   37        43.71749   43.25156  1.07%  92.4 3352s
 489519 21437     cutoff   48        43.71749   43.25728  1.05%  92.4 3364s
 490696 21146   43.66228   44   60   43.71749   43.26048  1.05%  92.4 3374s
 491564 20862 infeasible   48        43.71749   43.27135  1.02%  92.5 3384s
 492670 20725     cutoff   48        43.71749   43.27962  1.00%  92.5 3396s
 493928 20445   43.38156   42   32   43.71749   43.28650  0.99%  92.4 3406s
 494981 20188     cutoff   42        43.71749   43.29569  0.96%  92.4 3417s
 495987 19961     cutoff   51        43.71749   43.29932  0.96%  92.5 3429s
 496897 19740   43.39766   45   20   43.71749   43.30497  0.94%  92.5 3446s
 498422 19788   43.34380   43   36   43.71749   43.30497  0.94%  92.4 3459s
 499795 19678 infeasible   53        43.71749   43.31063  0.93%  92.3 3468s
 500519 19475     cutoff   36        43.71749   43.31424  0.92%  92.3 3478s
 501531 19250   43.37584   40   38   43.71749   43.32126  0.91%  92.3 3488s
 502234 19015   43.66500   33   99   43.71749   43.32676  0.89%  92.3 3501s
 503484 18803 infeasible   39        43.71749   43.33175  0.88%  92.3 3510s
 504279 18553     cutoff   55        43.71749   43.33672  0.87%  92.3 3519s
 505013 18478 infeasible   33        43.71749   43.34227  0.86%  92.3 3528s
 505816 18218     cutoff   44        43.71749   43.34546  0.85%  92.3 3537s
 506478 18011     cutoff   44        43.71749   43.34855  0.84%  92.4 3548s
 507388 17719 infeasible   44        43.71749   43.35253  0.83%  92.4 3559s
 508285 17508   43.59774   48   33   43.71749   43.36577  0.80%  92.4 3571s
 509305 17187   43.68208   60   59   43.71749   43.37268  0.79%  92.4 3585s
 510331 17046     cutoff   34        43.71749   43.37589  0.78%  92.5 3600s

Cutting planes:
  Learned: 268
  Gomory: 22
  Lift-and-project: 1
  Cover: 13624
  Implied bound: 1288
  Projected implied bound: 16
  Clique: 43
  MIR: 136
  StrongCG: 34
  Flow cover: 1104
  GUB cover: 44
  Inf proof: 190
  Zero half: 39
  RLT: 174
  Relax-and-lift: 170

Explored 511396 nodes (47328327 simplex iterations) in 3600.59 seconds (1607.91 work units)
Thread count was 8 (of 24 available processors)

Solution count 10: 43.7175 43.7175 43.7175 ... 43.9102

Time limit reached
Warning: max constraint violation (1.2359e-03) exceeds tolerance
Warning: max bound violation (1.2359e-03) exceeds tolerance
         (model may be infeasible or unbounded - try turning presolve off)
Best objective 4.371748999106e+01, best bound 4.337589131208e+01, gap 0.7814%
