
Gurobi 10.0.0 (win64) logging started Sun Jan 21 15:17:44 2024

Set parameter LogFile to value "C:/Users\Administrator\Documents\BNC_Repo\BNC_Tests\10_MIP_Results\n20m3\Instance_Class4_Parts20_Machines3_Instance3_logfileChe21.txt"
Gurobi Optimizer version 10.0.0 build v10.0.0rc2 (win64)

CPU model: AMD EPYC 7513 32-Core Processor, instruction set [SSE2|AVX|AVX2]
Thread count: 24 physical cores, 24 logical processors, using up to 8 threads

Optimize a model with 20457 rows, 3461 columns and 100651 nonzeros
Model fingerprint: 0x7b35453c
Variable types: 1361 continuous, 2100 integer (2100 binary)
Coefficient statistics:
  Matrix range     [4e-06, 5e+02]
  Objective range  [1e+00, 1e+00]
  Bounds range     [1e+00, 1e+00]
  RHS range        [1e+00, 7e+02]
Presolve removed 9503 rows and 1549 columns
Presolve time: 0.83s
Presolved: 10954 rows, 1912 columns, 74430 nonzeros
Variable types: 101 continuous, 1811 integer (1733 binary)
Found heuristic solution: objective 444.5317400
Found heuristic solution: objective 219.6211600
Root relaxation presolved: 10954 rows, 1912 columns, 74430 nonzeros


Root relaxation: objective 6.888630e+01, 4847 iterations, 0.94 seconds (1.30 work units)

    Nodes    |    Current Node    |     Objective Bounds      |     Work
 Expl Unexpl |  Obj  Depth IntInf | Incumbent    BestBd   Gap | It/Node Time

     0     0   68.88630    0  316  219.62116   68.88630  68.6%     -    2s
     0     0   68.88630    0  163  219.62116   68.88630  68.6%     -    2s
H    0     0                     201.6211600   68.88630  65.8%     -    2s
H    0     0                     197.6211600   68.88630  65.1%     -    2s
H    0     0                     190.0977200   68.88630  63.8%     -    2s
     0     0   68.88630    0  161  190.09772   68.88630  63.8%     -    2s
     0     0   69.80583    0  143  190.09772   69.80583  63.3%     -    5s
H    0     0                     184.0977200   69.80583  62.1%     -    5s
H    0     0                     176.3062800   69.80583  60.4%     -    5s
H    0     0                     166.6505200   69.80583  58.1%     -    6s
     0     0   70.13016    0  285  166.65052   70.13016  57.9%     -    6s
H    0     0                     121.8018000   70.13016  42.4%     -    6s
H    0     0                     121.7018000   70.13016  42.4%     -    6s
     0     0   70.17562    0  229  121.70180   70.17562  42.3%     -    6s
     0     0   70.39391    0  213  121.70180   70.39391  42.2%     -    7s
     0     0   70.40354    0  243  121.70180   70.40354  42.2%     -    7s
     0     0   70.40354    0  239  121.70180   70.40354  42.2%     -    7s
     0     0   70.40863    0  292  121.70180   70.40863  42.1%     -    7s
     0     0   70.40863    0  285  121.70180   70.40863  42.1%     -    7s
     0     0   70.40863    0  265  121.70180   70.40863  42.1%     -    7s
     0     0   70.40863    0  254  121.70180   70.40863  42.1%     -    7s
     0     0   70.44404    0  279  121.70180   70.44404  42.1%     -    8s
     0     0   70.44465    0  268  121.70180   70.44465  42.1%     -    8s
     0     0   70.44779    0  325  121.70180   70.44779  42.1%     -    8s
     0     0   70.44779    0  305  121.70180   70.44779  42.1%     -    8s
     0     0   70.44841    0  265  121.70180   70.44841  42.1%     -    8s
     0     0   70.44841    0  258  121.70180   70.44841  42.1%     -    8s
     0     0   70.45567    0  308  121.70180   70.45567  42.1%     -    9s
     0     0   70.45898    0  262  121.70180   70.45898  42.1%     -    9s
     0     0   70.45997    0  255  121.70180   70.45997  42.1%     -    9s
     0     0   70.46091    0  246  121.70180   70.46091  42.1%     -    9s
     0     0   70.46099    0  251  121.70180   70.46099  42.1%     -    9s
     0     0   70.47471    0  263  121.70180   70.47471  42.1%     -   10s
     0     0   70.47500    0  255  121.70180   70.47500  42.1%     -   10s
     0     0   70.47515    0  247  121.70180   70.47515  42.1%     -   10s
     0     0   70.47515    0  262  121.70180   70.47515  42.1%     -   10s
H    0     0                     101.5932400   70.47515  30.6%     -   11s
     0     0   70.55080    0  229  101.59324   70.55080  30.6%     -   11s
H    0     0                      93.9196400   70.55080  24.9%     -   11s
     0     0   70.55792    0  218   93.91964   70.55792  24.9%     -   11s
     0     0   70.55933    0  265   93.91964   70.55933  24.9%     -   11s
     0     0   70.55951    0  238   93.91964   70.55951  24.9%     -   11s
     0     0   70.55951    0  232   93.91964   70.55951  24.9%     -   11s
H    0     0                      91.3781200   70.55951  22.8%     -   12s
H    0     0                      86.8908000   70.55951  18.8%     -   12s
     0     0   70.57758    0  207   86.89080   70.57758  18.8%     -   12s
     0     0   70.58132    0  207   86.89080   70.58132  18.8%     -   12s
     0     0   70.58142    0  245   86.89080   70.58142  18.8%     -   12s
     0     0   70.58304    0  231   86.89080   70.58304  18.8%     -   13s
     0     0   70.58306    0  195   86.89080   70.58306  18.8%     -   13s
     0     0   70.65376    0  216   86.89080   70.65376  18.7%     -   14s
     0     0   70.68871    0  206   86.89080   70.68871  18.6%     -   14s
     0     0   70.68871    0  221   86.89080   70.68871  18.6%     -   14s
     0     0   70.70864    0  203   86.89080   70.70864  18.6%     -   14s
H    0     0                      86.8357200   70.70864  18.6%     -   14s
     0     0   70.71664    0  209   86.83572   70.71664  18.6%     -   15s
     0     0   70.71664    0  186   86.83572   70.71664  18.6%     -   15s
     0     0   70.72819    0  253   86.83572   70.72819  18.5%     -   15s
     0     0   70.72819    0  241   86.83572   70.72819  18.5%     -   15s
     0     0   70.76560    0  198   86.83572   70.76560  18.5%     -   15s
     0     0   70.76560    0  166   86.83572   70.76560  18.5%     -   15s
H    0     0                      86.4466400   70.76560  18.1%     -   16s
H    0     0                      84.8125200   70.76560  16.6%     -   17s
     0     0   70.76560    0  187   84.81252   70.76560  16.6%     -   18s
     0     0   70.76560    0  238   84.81252   70.76560  16.6%     -   19s
     0     0   70.76560    0  217   84.81252   70.76560  16.6%     -   19s
     0     0   70.76560    0  216   84.81252   70.76560  16.6%     -   19s
     0     0   70.76560    0  225   84.81252   70.76560  16.6%     -   19s
     0     0   70.76560    0  226   84.81252   70.76560  16.6%     -   19s
     0     0   70.76560    0  220   84.81252   70.76560  16.6%     -   19s
     0     0   70.76560    0  226   84.81252   70.76560  16.6%     -   20s
     0     0   70.76560    0  224   84.81252   70.76560  16.6%     -   20s
     0     0   70.76560    0  205   84.81252   70.76560  16.6%     -   20s
     0     0   70.76560    0  224   84.81252   70.76560  16.6%     -   20s
     0     0   70.76560    0  215   84.81252   70.76560  16.6%     -   20s
     0     0   70.80232    0  226   84.81252   70.80232  16.5%     -   21s
H    0     0                      84.2797900   70.80232  16.0%     -   21s
     0     0   70.80232    0  226   84.27979   70.80232  16.0%     -   21s
     0     0   70.80357    0  224   84.27979   70.80357  16.0%     -   21s
H    0     0                      83.5708900   70.83904  15.2%     -   22s
     0     0   70.84613    0  220   83.57089   70.84613  15.2%     -   22s
     0     0   70.84613    0  181   83.57089   70.84613  15.2%     -   22s
     0     0   70.84613    0  179   83.57089   70.84613  15.2%     -   22s
H    0     0                      83.4892600   70.84613  15.1%     -   22s
     0     2   70.84613    0  167   83.48926   70.84613  15.1%     -   23s
H   32    40                      81.3381800   71.03283  12.7%   448   24s
    66    71   78.17843    8   79   81.33818   71.25453  12.4%   325   25s
H   69    71                      80.1892600   71.25453  11.1%   314   25s
H  149   138                      80.1593198   71.25453  11.1%   210   26s
H  151   138                      79.8076400   71.25453  10.7%   209   26s
  1271   892   72.23813    8  112   79.80764   71.61056  10.3%   101   31s
H 1275   889                      79.6928200   71.61056  10.1%   101   31s
  1496  1041   77.02301   32  161   79.69282   71.61056  10.1%  98.3   35s
  1506  1048   74.89631   19  263   79.69282   71.61056  10.1%  97.6   40s
H 1653  1100                      79.6565800   71.61056  10.1%   113   42s
H 1656  1049                      79.6439200   71.61056  10.1%   113   42s
H 1707  1030                      78.9862800   71.61056  9.34%   113   43s
  1873  1080   73.55773   35   84   78.98628   71.61056  9.34%   112   45s
  3179  1520   76.33490   33   69   78.98628   71.94270  8.92%   115   50s
  4204  1816   76.79101   40  118   78.98628   72.24653  8.53%   113   55s
H 5046  2250                      78.9695000   72.52416  8.16%   114   57s
* 5844  2592              51      78.6884000   72.64759  7.68%   112   59s
  6224  2789   77.78797   29  115   78.68840   72.71973  7.59%   110   60s
  8416  4052   77.27442   30  175   78.68840   73.00861  7.22%   107   65s
* 9150  4482              59      78.6580200   73.09649  7.07%   107   67s
 10647  5348   77.15177   40   58   78.65802   73.28153  6.84%   105   70s
 12802  6624   73.43465   31   93   78.65802   73.30813  6.80%   106   76s
 14607  7642   73.64857   36   89   78.65802   73.30813  6.80%   107   81s
H14681  7406                      78.6074200   73.30813  6.74%   107   81s
H16061  7723                      78.3612800   73.41486  6.31%   107   84s
 16225  8151   74.33606   36   66   78.36128   73.41746  6.31%   106   85s
 18645  9348   73.95878   33   73   78.36128   73.48203  6.23%   104   90s
H20839 10236                      78.3612800   73.51349  6.19%   103   94s
H20944  9791                      78.0990000   73.51349  5.87%   103   94s
H21052  9244                      77.7174800   73.51812  5.40%   103   94s
 21173  9580   75.49394   37   88   77.71748   73.56003  5.35%   103   96s
*22378  9844              67      77.6189200   73.58750  5.19%   103   98s
 22832 10187   74.01980   31   79   77.61892   73.60364  5.17%   103  100s
 24680 11137   75.23112   43   39   77.61892   73.65857  5.10%   102  105s
 26487 11905   74.93335   36  125   77.61892   73.69533  5.05%   102  110s
 28193 12797   74.22290   25   92   77.61892   73.73110  5.01%   102  115s
 30064 13636 infeasible   58        77.61892   73.75560  4.98%   101  120s
 31694 14437 infeasible   33        77.61892   73.77694  4.95%   101  126s
 32687 14884     cutoff   57        77.61892   73.78859  4.93%   101  130s
 34377 15810 infeasible   52        77.61892   73.80027  4.92%   101  136s
 36277 16207   74.71534   43   84   77.61892   73.80718  4.91%   101  143s
H36283 15325                      77.3068000   73.80718  4.53%   101  143s
 36361 15693   77.17376   53   43   77.30680   73.80718  4.53%   101  145s
 38160 16428   75.28585   30   68   77.30680   73.82463  4.50%   100  152s
 39158 16718   74.78000   43  106   77.30680   73.83105  4.50%   100  155s
 41002 17590   74.06266   36   76   77.30680   73.84153  4.48%   100  162s
 41825 17962   75.73928   45   70   77.30680   73.84746  4.47%   100  165s
 43575 18721   74.13439   33  129   77.30680   73.86823  4.45%   100  172s
 44301 19172   74.47826   30  111   77.30680   73.86823  4.45%   100  176s
H44711 19172                      77.3068000   73.86823  4.45%   100  176s
 45364 19530 infeasible   42        77.30680   73.88280  4.43%   100  180s
 47287 20251   76.20160   47   87   77.30680   73.90295  4.40%   100  187s
 48311 20581   74.70925   29   76   77.30680   73.92549  4.37%   100  190s
 50082 21265   76.14507   40   29   77.30680   73.95313  4.34%   100  196s
 51011 21702   76.28861   50   83   77.30680   73.96493  4.32%   100  200s
 53002 22440   74.62495   48   57   77.30680   73.99103  4.29%   100  207s
 54014 22815   76.62691   47   32   77.30680   73.99563  4.28%   100  211s
 55029 23223   74.29546   36   80   77.30680   74.00660  4.27%   100  215s
 56961 23978   74.21577   35  102   77.30680   74.01972  4.25%   100  223s
 57861 24313 infeasible   35        77.30680   74.02726  4.24%   100  226s
 58810 24687   75.22132   36   62   77.30680   74.03731  4.23%   100  231s
 60696 25316   75.20148   38   72   77.30680   74.05186  4.21%  99.1  237s
 61582 25664   76.66898   42   52   77.30680   74.05940  4.20%  99.0  240s
 63255 26334   76.06292   39   41   77.30680   74.07315  4.18%  98.9  246s
 64038 26706   76.44118   54   48   77.30680   74.08288  4.17%  98.9  250s
 65843 27270   75.50993   43   54   77.30680   74.08913  4.16%  98.8  257s
 66744 27618   74.29546   37   62   77.30680   74.09428  4.16%  98.9  261s
 68585 28218   75.15225   37   77   77.30680   74.10349  4.14%  98.7  268s
 69452 28592   75.94543   30   75   77.30680   74.10699  4.14%  98.8  271s
 70406 28941   74.69339   39   69   77.30680   74.11245  4.13%  98.6  275s
 72140 29598   75.31233   40   79   77.30680   74.12714  4.11%  98.5  282s
 73065 29911   75.45514   41   76   77.30680   74.13070  4.11%  98.4  286s
 74015 30341   76.95690   33   43   77.30680   74.13790  4.10%  98.2  292s
 75032 30703   74.88396   37   62   77.30680   74.14223  4.09%  98.0  296s
 76820 31253   74.85522   34   99   77.30680   74.15103  4.08%  97.9  303s
 77738 31557   74.81305   38  112   77.30680   74.15657  4.07%  97.8  307s
 78584 31830   74.48332   38   59   77.30680   74.16115  4.07%  97.7  311s
 80463 32329   74.41325   54   60   77.30680   74.17077  4.06%  97.4  318s
 81102 32637   74.41325   52   54   77.30680   74.17443  4.05%  97.4  323s
 82025 32967   75.55034   49   58   77.30680   74.17964  4.05%  97.4  326s
 82907 33282   76.37033   47   37   77.30680   74.18528  4.04%  97.3  331s
 83805 33566   74.51910   38   63   77.30680   74.18912  4.03%  97.4  335s
 85474 34159   76.49757   46   41   77.30680   74.19976  4.02%  97.4  342s
 86336 34522 infeasible   38        77.30680   74.20647  4.01%  97.4  347s
 87359 34962   74.25419   43   66   77.30680   74.21278  4.00%  97.3  352s
 88476 35393   74.85016   37   73   77.30680   74.21293  4.00%  97.2  357s
 89521 35751   75.06576   43   51   77.30680   74.21293  4.00%  97.1  363s
 90520 36098 infeasible   38        77.30680   74.21293  4.00%  97.0  367s
 91453 36392   75.36933   46  111   77.30680   74.21780  4.00%  97.0  371s
 92487 36656   75.79380   43   63   77.30680   74.22348  3.99%  96.8  375s
 93378 36866   75.36694   59   68   77.30680   74.23002  3.98%  96.8  380s
 94620 37315   74.52998   30  150   77.30680   74.23792  3.97%  96.9  387s
 95454 37602   75.15146   39  124   77.30680   74.24557  3.96%  96.9  390s
 96338 37921   75.40209   32   97   77.30680   74.25006  3.95%  96.9  395s
 98391 38543   76.83194   42   52   77.30680   74.25876  3.94%  96.8  403s
 99301 38849   74.79259   44   85   77.30680   74.26443  3.94%  96.7  407s
 100330 39200   74.45959   36  125   77.30680   74.27096  3.93%  96.6  412s
 101327 39445   75.08419   35   45   77.30680   74.28093  3.91%  96.6  415s
 103062 40050   74.54306   40   62   77.30680   74.29546  3.90%  96.6  425s
 105058 40570 infeasible   50        77.30680   74.29821  3.89%  96.4  433s
 105891 40849   76.60051   48   72   77.30680   74.30578  3.88%  96.3  436s
 106729 41135 infeasible   48        77.30680   74.31005  3.88%  96.3  440s
 108466 41684   76.74207   55   26   77.30680   74.32681  3.85%  96.2  448s
 109431 42083   75.86069   45   64   77.30680   74.33386  3.85%  96.1  453s
 110514 42456   75.35437   36  130   77.30680   74.33673  3.84%  96.0  458s
 111640 42733   75.16651   52   61   77.30680   74.33673  3.84%  95.7  462s
 112452 42966   77.27864   51   26   77.30680   74.33673  3.84%  95.8  466s
 113277 43237 infeasible   51        77.30680   74.33810  3.84%  95.9  470s
 114175 43546 infeasible   44        77.30680   74.34516  3.83%  95.8  475s
 116127 44076   75.49838   39   79   77.30680   74.35106  3.82%  95.8  483s
 117003 44359   75.20283   38   94   77.30680   74.35106  3.82%  95.9  488s
 117923 44604   74.63935   39   82   77.30680   74.35393  3.82%  95.8  493s
 118936 44956   75.79651   39   49   77.30680   74.36032  3.81%  95.8  497s
 120094 45211 infeasible   51        77.30680   74.36032  3.81%  95.7  501s
 121110 45484   76.76376   30   45   77.30680   74.36292  3.81%  95.6  505s
*121355 45029              59      77.2255000   74.36404  3.71%  95.6  505s
H122476 45236                      77.2255000   74.36761  3.70%  95.5  509s
 122736 45396   75.59043   40   40   77.22550   74.37299  3.69%  95.5  513s
 123378 45540   74.99699   40   75   77.22550   74.37621  3.69%  95.5  516s
 124173 45663     cutoff   46        77.22550   74.37799  3.69%  95.4  520s
 124665 45895   76.62164   43   31   77.22550   74.37799  3.69%  95.5  525s
 126467 46413   74.85589   33   94   77.22550   74.39136  3.67%  95.5  534s
 127519 46694   74.88281   33   97   77.22550   74.39764  3.66%  95.5  539s
 128505 46988   75.76449   31   82   77.22550   74.40329  3.65%  95.4  544s
 129472 47283   75.45263   45   63   77.22550   74.40550  3.65%  95.3  549s
 130441 47632 infeasible   49        77.22550   74.41325  3.64%  95.3  554s
 131539 47945     cutoff   47        77.22550   74.41505  3.64%  95.2  559s
 132497 48372   77.10062   39   54   77.22550   74.41893  3.63%  95.2  566s
 133660 48648   74.62963   47   85   77.22550   74.41926  3.63%  95.0  570s
 135305 49043   76.92700   44   58   77.22550   74.42614  3.62%  94.9  578s
 136139 49310   75.48752   32   73   77.22550   74.42960  3.62%  94.9  582s
 137106 49533   76.45616   55   12   77.22550   74.43384  3.61%  94.9  586s
 137928 49745   76.46523   28   88   77.22550   74.43852  3.61%  94.9  590s
 139712 50231   74.71370   45   81   77.22550   74.44918  3.60%  94.9  598s
 140543 50422   76.59113   40   38   77.22550   74.45562  3.59%  94.9  603s
 141387 50646   75.91567   47   32   77.22550   74.46008  3.58%  95.0  609s
 142479 50912 infeasible   46        77.22550   74.46053  3.58%  95.0  614s
 143360 51210 infeasible   40        77.22550   74.46053  3.58%  95.1  619s
 144381 51548   77.12458   61   32   77.22550   74.46140  3.58%  95.1  624s
 145515 51840   75.21271   46   41   77.22550   74.46617  3.57%  95.1  629s
 146638 52099   74.81254   46  101   77.22550   74.46617  3.57%  95.0  634s
 147632 52357   74.99242   33  101   77.22550   74.47084  3.57%  94.9  640s
 149577 52735   76.32966   50  104   77.22550   74.47653  3.56%  94.9  649s
 150537 52929   75.60754   41   45   77.22550   74.48184  3.55%  94.9  654s
 151372 53146   75.68349   40   33   77.22550   74.48638  3.55%  94.9  658s
 152318 53396 infeasible   45        77.22550   74.49026  3.54%  94.9  663s
 153239 53559   75.97705   51   56   77.22550   74.49296  3.54%  94.9  668s
 154023 53807   75.41763   34   72   77.22550   74.49795  3.53%  95.0  672s
 154847 53975 infeasible   39        77.22550   74.50108  3.53%  95.1  677s
 155611 54304   77.21246   40   76   77.22550   74.50108  3.53%  95.3  683s
*155999 53293              66      77.1645200   74.50108  3.45%  95.4  683s
 156647 53539   74.50108   30  102   77.16452   74.50108  3.45%  95.4  688s
H156759 50262                      76.8446000   74.50108  3.05%  95.4  688s
 157515 50420   76.24512   55   35   76.84460   74.50108  3.05%  95.4  693s
H157684 50257                      76.8317200   74.50108  3.03%  95.5  693s
 158219 50411 infeasible   42        76.83172   74.50108  3.03%  95.6  698s
 158750 50626     cutoff   48        76.83172   74.50108  3.03%  95.7  704s
 159675 50910   74.50108   36   44   76.83172   74.50108  3.03%  95.8  710s
 160684 51147   74.50108   37   99   76.83172   74.50108  3.03%  96.0  715s
 161363 51428   76.33745   39   50   76.83172   74.50108  3.03%  96.2  721s
 162232 51646   76.24314   44   40   76.83172   74.50108  3.03%  96.4  727s
 162977 51908   75.01036   41   52   76.83172   74.50108  3.03%  96.5  733s
 163990 52143   74.50108   37   68   76.83172   74.50108  3.03%  96.6  739s
 164402 52143   74.79727   44   84   76.83172   74.50108  3.03%  96.7  740s
 164920 52385   74.70413   38   78   76.83172   74.50108  3.03%  96.8  747s
 166106 52655   74.77437   33  143   76.83172   74.50205  3.03%  97.0  754s
 167443 52964   74.80403   38   81   76.83172   74.51298  3.02%  97.1  762s
 168852 53250   75.54379   48   93   76.83172   74.51910  3.01%  97.0  769s
 170146 53518     cutoff   46        76.83172   74.52447  3.00%  97.0  776s
 171344 53662   75.32019   46   75   76.83172   74.52995  3.00%  96.9  783s
 171949 53899   75.07032   35   38   76.83172   74.53480  2.99%  96.9  790s
 173120 54274   75.20050   35   68   76.83172   74.54090  2.98%  96.9  798s
 174543 54787   76.29288   36   48   76.83172   74.54306  2.98%  96.9  807s
 175995 55341   74.96101   49   63   76.83172   74.54306  2.98%  96.9  816s
 177527 55733   74.80799   39  107   76.83172   74.54306  2.98%  96.7  825s
 178697 56138   74.58639   51   81   76.83172   74.54306  2.98%  96.7  834s
 179984 56424   75.99464   45   49   76.83172   74.54306  2.98%  96.6  841s
 181089 56736   75.82188   46   77   76.83172   74.54306  2.98%  96.5  847s
 182134 57009   75.60535   41   77   76.83172   74.54306  2.98%  96.5  854s
 183198 57273   75.61998   46   66   76.83172   74.54306  2.98%  96.4  860s
 184306 57446   76.73195   53   34   76.83172   74.54306  2.98%  96.4  866s
 185176 57722   74.74939   36   80   76.83172   74.54848  2.97%  96.4  872s
 186231 57928   75.60548   31   87   76.83172   74.55131  2.97%  96.3  879s
 187257 58160 infeasible   45        76.83172   74.55438  2.96%  96.4  886s
 188446 58390   75.75217   47   72   76.83172   74.55652  2.96%  96.3  892s
 189424 58583   74.80291   31   91   76.83172   74.55997  2.96%  96.3  899s
 190266 58752   74.83192   42   54   76.83172   74.56366  2.95%  96.3  904s
 190571 58752   75.02614   40  101   76.83172   74.56419  2.95%  96.3  905s
 191206 58962   75.30094   49  122   76.83172   74.56798  2.95%  96.3  911s
 192164 59121   75.25467   42   59   76.83172   74.57203  2.94%  96.3  917s
 193210 59318   74.90050   26  127   76.83172   74.57447  2.94%  96.2  923s
 194084 59480   76.50088   55   44   76.83172   74.58015  2.93%  96.2  928s
 195024 59719   76.01805   41   48   76.83172   74.58489  2.92%  96.2  935s
 196080 59901   75.85844   49  126   76.83172   74.58936  2.92%  96.2  940s
 196956 60115   75.08146   36   80   76.83172   74.59429  2.91%  96.2  946s
 197930 60317     cutoff   47        76.83172   74.59769  2.91%  96.2  953s
 198988 60585   76.48654   40   47   76.83172   74.60197  2.90%  96.1  958s
 199999 60785     cutoff   47        76.83172   74.60496  2.90%  96.0  964s
 200972 61027   75.66455   33   70   76.83172   74.61102  2.89%  96.0  970s
 201976 61307   74.77447   31   51   76.83172   74.61569  2.88%  96.0  976s
 203010 61519   76.23113   34   46   76.83172   74.61569  2.88%  95.9  982s
 203989 61706   76.17437   37  102   76.83172   74.61708  2.88%  95.9  988s
 204822 61924 infeasible   47        76.83172   74.62094  2.88%  95.9  994s
 205864 62122   75.87571   54   40   76.83172   74.62495  2.87%  95.9 1001s
 206781 62352   76.66476   41   64   76.83172   74.62566  2.87%  95.9 1008s
 207711 62672   74.94677   44   76   76.83172   74.63003  2.87%  95.9 1015s
 208944 62870     cutoff   44        76.83172   74.63345  2.86%  95.8 1022s
H209644 62870                      76.8317200   74.63391  2.86%  95.8 1022s
 209973 62962   75.86345   40   78   76.83172   74.63644  2.86%  95.8 1026s
 210261 63264   75.88157   44   91   76.83172   74.63712  2.86%  95.8 1034s
 211294 63560   75.25114   48   73   76.83172   74.63995  2.85%  95.8 1042s
 212351 63733   76.29380   46   52   76.83172   74.64258  2.85%  95.7 1050s
 213209 64000   75.90264   39   63   76.83172   74.64575  2.85%  95.7 1057s
 214217 64205   76.15514   44   57   76.83172   74.64974  2.84%  95.7 1064s
 215244 64439   75.05261   40   52   76.83172   74.65410  2.83%  95.7 1072s
 216180 64612   76.20882   36   74   76.83172   74.65943  2.83%  95.7 1079s
 217140 64794   76.26883   49   93   76.83172   74.66077  2.83%  95.8 1087s
 218195 65111     cutoff   32        76.83172   74.66450  2.82%  95.9 1097s
 219512 65303 infeasible   44        76.83172   74.66686  2.82%  95.8 1107s
 220824 65465   75.40965   42   60   76.83172   74.66686  2.82%  95.7 1115s
 221852 65626   75.23410   41   82   76.83172   74.66686  2.82%  95.8 1123s
 222788 65927     cutoff   38        76.83172   74.67239  2.81%  95.8 1130s
 223868 66145   75.83866   49   62   76.83172   74.67408  2.81%  95.8 1138s
 225038 66266   76.56760   43   35   76.83172   74.67788  2.80%  95.7 1144s
 225878 66461   75.32658   33   72   76.83172   74.68135  2.80%  95.7 1151s
 226747 66664   75.77666   39   65   76.83172   74.68439  2.79%  95.8 1157s
 227639 66817 infeasible   36        76.83172   74.68849  2.79%  95.8 1164s
 228535 67100     cutoff   37        76.83172   74.69437  2.78%  95.8 1171s
 229630 67305   76.14356   53   39   76.83172   74.69650  2.78%  95.8 1179s
 230623 67492   75.87571   42   38   76.83172   74.70096  2.77%  95.7 1186s
 231693 67703   76.64175   34   58   76.83172   74.70534  2.77%  95.7 1193s
 232733 67965     cutoff   48        76.83172   74.70812  2.76%  95.7 1202s
 233839 68180   75.36838   36   35   76.83172   74.70941  2.76%  95.6 1210s
 234869 68387   75.96212   37   49   76.83172   74.71370  2.76%  95.7 1217s
 235845 68551   75.11047   43  128   76.83172   74.71668  2.75%  95.7 1225s
 236824 68782 infeasible   50        76.83172   74.71839  2.75%  95.7 1234s
 237974 69038     cutoff   41        76.83172   74.72149  2.75%  95.7 1242s
 239023 69269     cutoff   61        76.83172   74.72197  2.75%  95.7 1250s
 240091 69396   75.69135   35   69   76.83172   74.72343  2.74%  95.6 1256s
 240941 69596 infeasible   41        76.83172   74.72714  2.74%  95.6 1263s
 241819 69832   75.48097   47   74   76.83172   74.73081  2.73%  95.6 1269s
 242476 69832   76.29796   55   93   76.83172   74.73144  2.73%  95.6 1270s
 242813 70026   76.15513   39   59   76.83172   74.73404  2.73%  95.6 1277s
 243823 70216   76.60464   46   62   76.83172   74.73870  2.72%  95.6 1285s
 244561 70426   75.64850   46   58   76.83172   74.73996  2.72%  95.6 1292s
 245568 70693     cutoff   39        76.83172   74.74331  2.72%  95.6 1301s
 246927 70915   76.67868   50   59   76.83172   74.74766  2.71%  95.6 1311s
 248210 71254 infeasible   54        76.83172   74.74939  2.71%  95.5 1322s
 249666 71572   76.79370   57   21   76.83172   74.74939  2.71%  95.4 1332s
 251162 71866 infeasible   45        76.83172   74.74939  2.71%  95.2 1341s
 252378 72044   76.59615   48   61   76.83172   74.74939  2.71%  95.1 1349s
 253258 72083 infeasible   44        76.83172   74.75429  2.70%  95.1 1356s
 253476 72349   75.05261   41   72   76.83172   74.75429  2.70%  95.1 1367s
 254904 72554     cutoff   37        76.83172   74.75884  2.70%  95.1 1377s
 256214 72771   75.16260   37   92   76.83172   74.76375  2.69%  95.1 1385s
 257325 72936 infeasible   46        76.83172   74.76646  2.69%  95.1 1394s
 258427 73290   76.42614   39   86   76.83172   74.77241  2.68%  95.1 1403s
 259681 73482     cutoff   40        76.83172   74.77447  2.68%  95.1 1411s
 260689 73684 infeasible   47        76.83172   74.77627  2.68%  95.1 1419s
 261778 74003   76.30854   50   30   76.83172   74.78190  2.67%  95.0 1428s
 263116 74373   75.54871   40   66   76.83172   74.78373  2.67%  95.0 1439s
 264424 74631   75.64283   38   87   76.83172   74.78373  2.67%  94.9 1449s
 265534 74846   75.97259   49   58   76.83172   74.78373  2.67%  94.9 1458s
 266679 75088   74.85256   41   79   76.83172   74.78373  2.67%  94.9 1466s
 267649 75208   74.98625   44   92   76.83172   74.78805  2.66%  94.9 1473s
 268515 75413   76.36812   49   64   76.83172   74.79066  2.66%  94.9 1482s
 269725 75553   76.10348   39   61   76.83172   74.79310  2.65%  94.9 1490s
 270612 75746 infeasible   35        76.83172   74.79833  2.65%  94.9 1499s
 271861 75959   76.47774   40   62   76.83172   74.80325  2.64%  94.9 1510s
 273244 76121   76.36778   60   48   76.83172   74.80403  2.64%  94.8 1520s
 274393 76337   75.47043   35  111   76.83172   74.80439  2.64%  94.8 1528s
 275459 76498   74.95516   45   53   76.83172   74.80719  2.64%  94.7 1537s
 276450 76629   76.26382   44   48   76.83172   74.81109  2.63%  94.7 1544s
 277367 76810     cutoff   32        76.83172   74.81507  2.62%  94.7 1554s
 278504 77038   76.36704   37   56   76.83172   74.81822  2.62%  94.7 1565s
 279814 77224   76.37466   47   59   76.83172   74.81955  2.62%  94.7 1575s
 281039 77334   74.83956   46  128   76.83172   74.82039  2.62%  94.6 1586s
 282200 77555   75.07160   45   92   76.83172   74.82200  2.62%  94.6 1595s
 283330 77754   75.40684   41   54   76.83172   74.82563  2.61%  94.6 1604s
 284449 77946   76.56668   48   45   76.83172   74.82825  2.61%  94.6 1613s
 285557 78153 infeasible   46        76.83172   74.83187  2.60%  94.6 1624s
 286761 78304   75.57472   48   53   76.83172   74.83192  2.60%  94.5 1635s
 287835 78509   74.89094   51   61   76.83172   74.83192  2.60%  94.6 1646s
 289121 78743   76.44406   44   45   76.83172   74.83192  2.60%  94.5 1657s
 290296 78974   75.02964   41  110   76.83172   74.83192  2.60%  94.5 1669s
 291482 79126   75.66688   50   56   76.83172   74.83192  2.60%  94.5 1680s
 292566 79256   75.35193   38  108   76.83172   74.83567  2.60%  94.5 1690s
 293531 79412   75.66476   58   63   76.83172   74.83852  2.59%  94.5 1699s
 294581 79540   75.05616   34   89   76.83172   74.84213  2.59%  94.5 1709s
 295615 79720   75.46527   44   83   76.83172   74.84592  2.58%  94.5 1720s
 296744 79803   75.64067   39   93   76.83172   74.84662  2.58%  94.5 1729s
 297733 79923   75.01520   46   75   76.83172   74.84944  2.58%  94.5 1736s
 298646 80066     cutoff   37        76.83172   74.85429  2.57%  94.5 1745s
 299713 80138   76.57550   47   37   76.83172   74.85802  2.57%  94.5 1753s
 300292 80284   75.61379   44  157   76.83172   74.85943  2.57%  94.5 1763s
 301391 80452   75.25670   36   94   76.83172   74.86388  2.56%  94.4 1774s
 302537 80547     cutoff   45        76.83172   74.86773  2.56%  94.4 1784s
 303579 80701   75.41344   42   78   76.83172   74.87224  2.55%  94.4 1793s
*303751 79403              60      76.7672600   74.87227  2.47%  94.4 1793s
 304646 79579     cutoff   47        76.76726   74.87413  2.47%  94.4 1803s
 305703 79727   75.34107   40  118   76.76726   74.87802  2.46%  94.4 1813s
 306841 79879 infeasible   42        76.76726   74.88033  2.46%  94.4 1822s
 307877 80049   75.10011   47   79   76.76726   74.88351  2.45%  94.4 1831s
 308841 80208   75.91669   58   39   76.76726   74.88687  2.45%  94.5 1841s
 310007 80355   74.89981   48  122   76.76726   74.88959  2.45%  94.5 1852s
 311083 80412 infeasible   47        76.76726   74.89055  2.44%  94.5 1861s
 311859 80558   76.41726   42   71   76.76726   74.89158  2.44%  94.5 1870s
 312816 80858   76.25684   39   92   76.76726   74.89618  2.44%  94.6 1880s
 314075 80983   75.97474   40   81   76.76726   74.89737  2.44%  94.5 1889s
 315074 81133   75.87857   44   76   76.76726   74.90071  2.43%  94.5 1898s
 316094 81237   76.27635   49   76   76.76726   74.90399  2.43%  94.5 1908s
 317210 81369     cutoff   45        76.76726   74.90714  2.42%  94.4 1918s
 318263 81382   76.73676   51   33   76.76726   74.91023  2.42%  94.4 1924s
 318482 81530     cutoff   35        76.76726   74.91080  2.42%  94.4 1934s
 319637 81701     cutoff   44        76.76726   74.91446  2.41%  94.4 1947s
 321000 81900   75.26147   48   65   76.76726   74.91446  2.41%  94.3 1960s
 322316 82036   76.25588   53   50   76.76726   74.91446  2.41%  94.3 1970s
 323325 82109   76.40652   45   63   76.76726   74.91446  2.41%  94.3 1980s
 324396 82283   75.28837   42  107   76.76726   74.91857  2.41%  94.3 1992s
 325653 82432   75.82188   43   46   76.76726   74.92234  2.40%  94.3 2003s
 326871 82572   75.19004   43   67   76.76726   74.92523  2.40%  94.3 2016s
 328153 82716 infeasible   52        76.76726   74.92541  2.40%  94.3 2028s
 329287 82888   76.36237   39   79   76.76726   74.92541  2.40%  94.3 2040s
 330515 83074   75.17542   49   33   76.76726   74.92782  2.40%  94.3 2052s
 331786 83176   76.22287   38   73   76.76726   74.92881  2.39%  94.2 2064s
 332931 83398   76.31590   44   46   76.76726   74.93234  2.39%  94.2 2074s
 333866 83552     cutoff   39        76.76726   74.93362  2.39%  94.3 2086s
 335072 83636   75.72763   48   97   76.76726   74.93565  2.39%  94.2 2096s
 336147 83734   76.01951   41   49   76.76726   74.93944  2.38%  94.2 2107s
 337364 83842     cutoff   42        76.76726   74.94251  2.38%  94.2 2118s
 338471 83941   76.01884   43   59   76.76726   74.94382  2.38%  94.2 2129s
 339538 84107   76.58450   44   59   76.76726   74.94624  2.37%  94.3 2138s
 340447 84288   76.10094   44   51   76.76726   74.94810  2.37%  94.3 2148s
 341512 84530   76.38426   43   69   76.76726   74.95221  2.36%  94.3 2160s
 342650 84768 infeasible   52        76.76726   74.95473  2.36%  94.2 2174s
 343923 84987 infeasible   60        76.76726   74.95572  2.36%  94.2 2188s
 345449 85102 infeasible   41        76.76726   74.95584  2.36%  94.1 2199s
 346514 85214   76.23041   45   63   76.76726   74.95900  2.36%  94.1 2208s
 347475 85403   75.23489   39  100   76.76726   74.96084  2.35%  94.1 2219s
 348553 85529     cutoff   48        76.76726   74.96402  2.35%  94.1 2229s
 349554 85727     cutoff   33        76.76726   74.96781  2.34%  94.2 2240s
 350790 85896   75.06300   37   89   76.76726   74.97016  2.34%  94.2 2250s
 351768 86073   75.83673   34   85   76.76726   74.97230  2.34%  94.2 2260s
 352898 86155   75.09695   47   96   76.76726   74.97626  2.33%  94.2 2272s
 354001 86301   75.75376   51   79   76.76726   74.97928  2.33%  94.2 2284s
H354307 86301                      76.7672600   74.97930  2.33%  94.2 2284s
 355145 86463   75.89261   38   81   76.76726   74.98323  2.32%  94.2 2295s
 356214 86568 infeasible   39        76.76726   74.98618  2.32%  94.2 2305s
 357074 86669   76.32883   48   67   76.76726   74.98896  2.32%  94.2 2316s
 358278 86773   76.63334   31   63   76.76726   74.99305  2.31%  94.2 2328s
 359245 86982   75.91118   42   35   76.76726   74.99544  2.31%  94.2 2341s
 360466 87183   76.73743   49   54   76.76726   74.99699  2.31%  94.2 2354s
 361660 87379   75.03204   51   69   76.76726   74.99699  2.31%  94.1 2366s
 362758 87484   76.10590   37   66   76.76726   74.99699  2.31%  94.1 2376s
 363801 87544   75.01036   40   83   76.76726   75.00217  2.30%  94.1 2387s
 364863 87712 infeasible   36        76.76726   75.00548  2.29%  94.1 2400s
 366152 87886 infeasible   40        76.76726   75.00977  2.29%  94.1 2414s
 367674 88033   76.17759   45   35   76.76726   75.01036  2.29%  94.0 2426s
 368708 88134   75.58412   33   98   76.76726   75.01268  2.29%  94.0 2436s
 369795 88225   76.10630   50   40   76.76726   75.01611  2.28%  94.0 2447s
 370864 88349   75.87571   45   46   76.76726   75.01979  2.28%  94.0 2457s
 371826 88441 infeasible   50        76.76726   75.02301  2.27%  94.0 2468s
 372889 88589   75.27308   33  102   76.76726   75.02654  2.27%  94.0 2480s
 374037 88734     cutoff   39        76.76726   75.02833  2.27%  94.0 2493s
 375461 88925   76.27211   47   60   76.76726   75.03126  2.26%  94.0 2506s
 376763 89095     cutoff   34        76.76726   75.03266  2.26%  94.0 2518s
 377961 89240   75.41039   41   84   76.76726   75.03538  2.26%  94.0 2532s
 379294 89409   76.67972   35  141   76.76726   75.03740  2.25%  94.0 2546s
 380679 89691   76.63390   55   44   76.76726   75.03825  2.25%  93.9 2558s
 381930 89861   75.03825   44   62   76.76726   75.03825  2.25%  93.9 2570s
 383111 90118   75.69978   38   69   76.76726   75.03825  2.25%  93.9 2583s
 384553 90358   76.33291   40   54   76.76726   75.03911  2.25%  93.8 2597s
 385859 90561   75.49100   45   68   76.76726   75.03911  2.25%  93.8 2610s
 387075 90809   76.48528   46   46   76.76726   75.03911  2.25%  93.7 2623s
 388405 90983   75.81627   37   74   76.76726   75.03911  2.25%  93.7 2635s
 389582 91121   75.95746   46   57   76.76726   75.03937  2.25%  93.7 2647s
 390871 91266   75.21667   42   70   76.76726   75.04140  2.25%  93.6 2660s
 391991 91345   75.04530   41   86   76.76726   75.04345  2.25%  93.6 2673s
 393308 91444   76.49741   56   61   76.76726   75.04556  2.24%  93.6 2685s
 394390 91587   76.25205   40   48   76.76726   75.04837  2.24%  93.6 2697s
 395658 91734   76.29098   45   83   76.76726   75.04841  2.24%  93.6 2710s
 396791 91854   75.39567   31  148   76.76726   75.04968  2.24%  93.6 2722s
 397848 92061   75.80768   31   67   76.76726   75.05163  2.23%  93.6 2738s
 399403 92260   75.45456   52   78   76.76726   75.05261  2.23%  93.5 2751s
 400634 92360     cutoff   30        76.76726   75.05455  2.23%  93.5 2762s
 401675 92519   75.83272   42   37   76.76726   75.05731  2.23%  93.5 2774s
 402751 92663   75.98013   31  152   76.76726   75.05970  2.22%  93.5 2786s
 403798 92739   75.36838   34   68   76.76726   75.06197  2.22%  93.5 2798s
 404796 92850     cutoff   45        76.76726   75.06326  2.22%  93.5 2811s
 406012 93073   75.44891   38  107   76.76726   75.06782  2.21%  93.5 2824s
 407349 93211   76.28494   41   86   76.76726   75.07077  2.21%  93.4 2836s
 408539 93341   76.22718   53   79   76.76726   75.07317  2.21%  93.4 2849s
 409787 93562   76.01955   37   79   76.76726   75.07702  2.20%  93.4 2863s
 411126 93856 infeasible   65        76.76726   75.07952  2.20%  93.4 2880s
 412730 94093 infeasible   45        76.76726   75.07952  2.20%  93.3 2896s
 414114 94478   75.08744   45   93   76.76726   75.07952  2.20%  93.2 2911s
 415598 94693   75.07952   47   62   76.76726   75.07952  2.20%  93.1 2926s
 416765 94990   76.41520   40   29   76.76726   75.07952  2.20%  93.1 2942s
 418184 95213   75.69403   45   73   76.76726   75.07952  2.20%  93.0 2955s
 419440 95474   75.96733   43   77   76.76726   75.07952  2.20%  93.0 2970s
 420707 95808   75.24413   55  112   76.76726   75.07952  2.20%  92.9 2987s
 422313 96135   76.06582   44   65   76.76726   75.07952  2.20%  92.8 3003s
 423631 96366   75.24297   56   47   76.76726   75.07952  2.20%  92.7 3016s
 424830 96660   76.52505   40   62   76.76726   75.07952  2.20%  92.7 3030s
*424966 90323              57      76.5582400   75.07952  1.93%  92.7 3030s
 425923 90437   75.43917   45   39   76.55824   75.07952  1.93%  92.7 3042s
 426605 90691   75.34882   51   43   76.55824   75.07952  1.93%  92.6 3056s
 427871 90783   75.91958   51   47   76.55824   75.07952  1.93%  92.6 3071s
 429001 90864   75.84468   49   86   76.55824   75.07952  1.93%  92.6 3084s
 430066 90870   75.35420   40   52   76.55824   75.08297  1.93%  92.7 3097s
 431052 90985   75.34069   41   82   76.55824   75.08482  1.92%  92.7 3114s
 432431 91108   75.79455   52   51   76.55824   75.08769  1.92%  92.7 3130s
 433905 91170   75.61262   40   71   76.55824   75.09071  1.92%  92.7 3146s
 435310 91252 infeasible   57        76.55824   75.09289  1.91%  92.7 3163s
 436564 91323   75.14771   46   87   76.55824   75.09289  1.91%  92.7 3180s
 437933 91377     cutoff   51        76.55824   75.09446  1.91%  92.6 3195s
 439265 91399   75.97955   47   83   76.55824   75.09750  1.91%  92.6 3208s
 440478 91504 infeasible   48        76.55824   75.10047  1.90%  92.6 3222s
 441794 91523     cutoff   31        76.55824   75.10243  1.90%  92.6 3235s
 443025 91599   75.60016   38   81   76.55824   75.10503  1.90%  92.6 3245s
 443758 91635   75.58321   27   92   76.55824   75.10774  1.89%  92.6 3259s
 444990 91690 infeasible   53        76.55824   75.11022  1.89%  92.6 3271s
 446026 91726   76.11823   33   70   76.55824   75.11301  1.89%  92.6 3285s
 447238 91781 infeasible   43        76.55824   75.11592  1.88%  92.6 3300s
 448599 91931 infeasible   39        76.55824   75.11850  1.88%  92.6 3315s
 449887 92040 infeasible   55        76.55824   75.11947  1.88%  92.6 3329s
 451177 92173     cutoff   42        76.55824   75.12080  1.88%  92.6 3343s
 452372 92238   76.10745   34   95   76.55824   75.12405  1.87%  92.6 3355s
H452666 92238                      76.5582400   75.12409  1.87%  92.6 3355s
 453481 92295   76.17760   49   51   76.55824   75.12571  1.87%  92.6 3367s
 454413 92301   76.36969   39   75   76.55824   75.12835  1.87%  92.6 3380s
 454749 92327     cutoff   40        76.55824   75.12854  1.87%  92.6 3393s
 456040 92360 infeasible   57        76.55824   75.13299  1.86%  92.6 3408s
 457315 92403   75.99277   40   77   76.55824   75.13448  1.86%  92.6 3423s
 458602 92517   75.28617   30   80   76.55824   75.13712  1.86%  92.7 3440s
 459951 92563   76.38649   41   90   76.55824   75.13712  1.86%  92.6 3450s
 460796 92665   76.34511   54   47   76.55824   75.13940  1.85%  92.7 3464s
 462086 92730   76.47499   34  109   76.55824   75.14439  1.85%  92.7 3477s
 463232 92753   75.42148   48   74   76.55824   75.14575  1.84%  92.7 3492s
 464490 92822   75.58808   41   60   76.55824   75.14951  1.84%  92.7 3507s
 465867 92964   75.17350   46   91   76.55824   75.15364  1.83%  92.7 3524s
 467261 92978     cutoff   61        76.55824   75.15422  1.83%  92.7 3540s
 468687 92987 infeasible   53        76.55824   75.15479  1.83%  92.8 3555s
 470053 93040     cutoff   45        76.55824   75.15733  1.83%  92.7 3569s
 471149 93143   75.99556   42   75   76.55824   75.15952  1.83%  92.8 3584s
 472369 93377     cutoff   29        76.55824   75.16205  1.82%  92.8 3600s

Cutting planes:
  Learned: 203
  Gomory: 25
  Cover: 8049
  Implied bound: 1541
  Projected implied bound: 10
  Clique: 141
  MIR: 169
  StrongCG: 83
  Flow cover: 1080
  GUB cover: 25
  Inf proof: 102
  Zero half: 98
  Network: 1
  RLT: 195
  Relax-and-lift: 181

Explored 473570 nodes (43992574 simplex iterations) in 3600.61 seconds (1497.68 work units)
Thread count was 8 (of 24 available processors)

Solution count 10: 76.5582 76.5582 76.5582 ... 77.2255

Time limit reached
Warning: max constraint violation (1.9490e-03) exceeds tolerance
Warning: max bound violation (1.9490e-03) exceeds tolerance
         (model may be infeasible or unbounded - try turning presolve off)
Best objective 7.655823999224e+01, best bound 7.516205255908e+01, gap 1.8237%
