
Gurobi 10.0.0 (win64) logging started Sun Jan 21 12:17:36 2024

Set parameter LogFile to value "C:/Users\Administrator\Documents\BNC_Repo\BNC_Tests\10_MIP_Results\n20m3\Instance_Class4_Parts20_Machines3_Instance2_logfileChe21.txt"
Gurobi Optimizer version 10.0.0 build v10.0.0rc2 (win64)

CPU model: AMD EPYC 7513 32-Core Processor, instruction set [SSE2|AVX|AVX2]
Thread count: 24 physical cores, 24 logical processors, using up to 8 threads

Optimize a model with 20457 rows, 3461 columns and 97135 nonzeros
Model fingerprint: 0x32c9cea9
Variable types: 1361 continuous, 2100 integer (2100 binary)
Coefficient statistics:
  Matrix range     [4e-06, 4e+02]
  Objective range  [1e+00, 1e+00]
  Bounds range     [1e+00, 1e+00]
  RHS range        [1e+00, 6e+02]
Presolve removed 12192 rows and 1628 columns
Presolve time: 0.41s
Presolved: 8265 rows, 1833 columns, 55512 nonzeros
Variable types: 101 continuous, 1732 integer (1672 binary)
Found heuristic solution: objective 675.9544000
Found heuristic solution: objective 209.9321800
Root relaxation presolved: 8265 rows, 1833 columns, 55512 nonzeros


Use crossover to convert LP symmetric solution to basic solution...

Root relaxation: objective 1.196268e+02, 1521 iterations, 0.22 seconds (0.21 work units)

    Nodes    |    Current Node    |     Objective Bounds      |     Work
 Expl Unexpl |  Obj  Depth IntInf | Incumbent    BestBd   Gap | It/Node Time

     0     0  119.62679    0   69  209.93218  119.62679  43.0%     -    1s
H    0     0                     186.4986600  119.62679  35.9%     -    1s
     0     0  119.62679    0  246  186.49866  119.62679  35.9%     -    1s
     0     0  119.62679    0  148  186.49866  119.62679  35.9%     -    1s
H    0     0                     169.4938000  119.62679  29.4%     -    1s
     0     0  119.80332    0  136  169.49380  119.80332  29.3%     -    1s
     0     0  119.80332    0   50  169.49380  119.80332  29.3%     -    2s
H    0     0                     169.3579200  119.80332  29.3%     -    2s
H    0     0                     169.1879200  119.80332  29.2%     -    2s
H    0     0                     168.6438000  119.80332  29.0%     -    2s
     0     0  119.80332    0   93  168.64380  119.80332  29.0%     -    3s
H    0     0                     155.5508400  119.80332  23.0%     -    3s
H    0     0                     153.0308400  119.80332  21.7%     -    3s
     0     0  119.80332    0   75  153.03084  119.80332  21.7%     -    3s
     0     0  119.80332    0   76  153.03084  119.80332  21.7%     -    3s
     0     0  119.80332    0  105  153.03084  119.80332  21.7%     -    3s
     0     0  119.80332    0   96  153.03084  119.80332  21.7%     -    3s
     0     0  120.10544    0   74  153.03084  120.10544  21.5%     -    4s
     0     0  120.10544    0   86  153.03084  120.10544  21.5%     -    4s
     0     0  120.10544    0   82  153.03084  120.10544  21.5%     -    4s
     0     0  120.10544    0   75  153.03084  120.10544  21.5%     -    4s
H    0     0                     145.4384800  120.10544  17.4%     -    4s
     0     0  120.10544    0   80  145.43848  120.10544  17.4%     -    4s
H    0     0                     142.5182800  120.10544  15.7%     -    5s
H    0     0                     139.1582800  120.10544  13.7%     -    5s
     0     0  120.14418    0   77  139.15828  120.14418  13.7%     -    5s
     0     0  120.15078    0   90  139.15828  120.15078  13.7%     -    5s
     0     0  120.15078    0   79  139.15828  120.15078  13.7%     -    5s
H    0     0                     138.8182800  120.15078  13.4%     -    6s
H    0     0                     135.0559800  120.15078  11.0%     -    6s
H    0     0                     133.7692800  120.15078  10.2%     -    6s
H    0     0                     133.1326800  120.15078  9.75%     -    6s
     0     0  120.16182    0   83  133.13268  120.16182  9.74%     -    6s
     0     0  120.16182    0   82  133.13268  120.16182  9.74%     -    6s
H    0     0                     131.2762600  120.16182  8.47%     -    6s
     0     0  120.17564    0   99  131.27626  120.17564  8.46%     -    6s
     0     0  120.17564    0   84  131.27626  120.17564  8.46%     -    6s
     0     0  120.18181    0   94  131.27626  120.18181  8.45%     -    6s
     0     0  120.18181    0   89  131.27626  120.18181  8.45%     -    6s
     0     0  120.19243    0  106  131.27626  120.19243  8.44%     -    7s
     0     0  120.19243    0  109  131.27626  120.19243  8.44%     -    7s
     0     0  120.19640    0   96  131.27626  120.19640  8.44%     -    7s
     0     0  120.19640    0   83  131.27626  120.19640  8.44%     -    7s
H    0     0                     130.0021600  120.19640  7.54%     -    8s
H    0     0                     128.1799000  120.19640  6.23%     -    8s
     0     0  120.21309    0   96  128.17990  120.21309  6.22%     -    8s
     0     0  120.21309    0   98  128.17990  120.21309  6.22%     -    8s
H    0     0                     127.8399000  120.21309  5.97%     -    8s
     0     0  120.24068    0  142  127.83990  120.24068  5.94%     -    8s
     0     0  120.24068    0  101  127.83990  120.24068  5.94%     -    8s
     0     0  120.24131    0  101  127.83990  120.24131  5.94%     -    8s
     0     0  120.24131    0  109  127.83990  120.24131  5.94%     -    8s
H    0     0                     127.7982600  120.24131  5.91%     -    9s
H    0     0                     127.6880000  120.24131  5.83%     -    9s
H    0     0                     127.6535800  120.24131  5.81%     -    9s
     0     0  120.26809    0  104  127.65358  120.26809  5.79%     -    9s
     0     0  120.26809    0  105  127.65358  120.26809  5.79%     -    9s
     0     0  120.31608    0  103  127.65358  120.31608  5.75%     -    9s
     0     0  120.31608    0  100  127.65358  120.31608  5.75%     -    9s
H    0     0                     127.1599000  120.31608  5.38%     -   10s
     0     0  120.31608    0   90  127.15990  120.31608  5.38%     -   10s
     0     0  120.31608    0   92  127.15990  120.31608  5.38%     -   10s
     0     0  120.31608    0   52  127.15990  120.31608  5.38%     -   10s
     0     0  120.31608    0   53  127.15990  120.31608  5.38%     -   10s
H    0     0                     126.5043600  120.31608  4.89%     -   11s
     0     0  120.31608    0   41  126.50436  120.31608  4.89%     -   11s
H    0     0                     126.4646600  120.31608  4.86%     -   11s
     0     0  120.31608    0   66  126.46466  120.31608  4.86%     -   11s
     0     0  120.31608    0   45  126.46466  120.31608  4.86%     -   11s
     0     0  120.31608    0   45  126.46466  120.31608  4.86%     -   11s
     0     2  120.31608    0   45  126.46466  120.31608  4.86%     -   11s
H   35    30                     126.4646600  120.32768  4.85%   208   12s
H   73    56                     126.2650200  120.32768  4.70%   173   13s
H  102    85                     125.2407800  120.32768  3.92%   155   14s
H  103    85                     124.6114800  120.32768  3.44%   154   14s
   144   125  120.59174   19   75  124.61148  120.32768  3.44%   138   15s
H  774   519                     124.2714800  120.32768  3.17%  87.5   18s
  1063   658  120.67773   12   55  124.27148  120.32768  3.17%  92.5   21s
H 1076   653                     124.1591600  120.32768  3.09%  92.3   21s
  1474   860  120.79443   13   95  124.15916  120.38797  3.04%  87.3   25s
  1488   878  120.38797   14   86  124.15916  120.38797  3.04%  92.5   30s
H 1555   870                     124.1591600  120.38797  3.04%  93.8   30s
  2578  1172  121.02782   34   47  124.15916  120.38797  3.04%  85.8   35s
  6043  2865  120.82880   37   46  124.15916  120.42127  3.01%  75.7   40s
  8430  3885  120.67288   33   75  124.15916  120.42150  3.01%  74.0   46s
H 8431  3824                     123.8012800  120.42150  2.73%  74.0   46s
 10968  5232  120.79583   35   44  123.80128  120.42184  2.73%  75.2   50s
H13486  6201                     123.8012800  120.42244  2.73%  76.2   54s
 14171  6615  121.03789   34   39  123.80128  120.42260  2.73%  75.8   55s
 15149  6623  121.05182   33   94  123.80128  120.42337  2.73%  76.6   60s
 15154  6626  122.05947   45   57  123.80128  120.42337  2.73%  76.6   65s
 15161  6631  123.50259   41   86  123.80128  120.42337  2.73%  76.6   70s
 15167  6635  120.47012   37   80  123.80128  120.42337  2.73%  76.5   75s
H15170  6304                     123.5285000  120.42337  2.51%  76.5   78s
 15174  6306  121.36848   42   54  123.52850  120.42337  2.51%  76.5   80s
 15288  6382  120.42740   32   82  123.52850  120.42337  2.51%  77.9   85s
H15334  6084                     123.5285000  120.42337  2.51%  77.9   88s
 16502  6289  120.43667   34   53  123.52850  120.42337  2.51%  76.1   90s
 20351  6990  120.83469   53   73  123.52850  120.46081  2.48%  72.6   95s
 24036  7443  120.50692   47   39  123.52850  120.49218  2.46%  71.1  100s
H24911  7090                     123.5284994  120.50427  2.45%  71.0  102s
 26303  7107  121.48101   44   56  123.52850  120.51419  2.44%  71.5  108s
 27319  7358  123.13178   49   46  123.52850  120.52741  2.43%  71.9  110s
 29847  7267  121.62891   53   59  123.52850  120.55836  2.40%  71.9  115s
 29856  7273  121.21780   47   58  123.52850  120.55836  2.40%  71.9  120s
 29909  7317  120.55836   39   53  123.52850  120.55836  2.40%  72.4  125s
 30956  7639  122.62311   44   68  123.52850  120.55836  2.40%  72.4  130s
 35312  8245  121.39662   50   83  123.52850  120.55836  2.40%  71.1  136s
 37400  8644  121.17933   60   78  123.52850  120.55836  2.40%  71.3  140s
 39733  8848  123.24003   55   54  123.52850  120.55836  2.40%  71.6  145s
 42982  9534  120.55836   49  113  123.52850  120.55836  2.40%  72.1  150s
 46343  9991  123.11438   55   71  123.52850  120.55836  2.40%  72.3  155s
 49170 10043  120.81002   55   81  123.52850  120.55836  2.40%  72.5  160s
 51229 10247  121.08524   57   70  123.52850  120.55836  2.40%  72.8  166s
 53405 10960  120.75161   59   81  123.52850  120.55836  2.40%  73.1  170s
 56596 12052  121.85420   53   52  123.52850  120.55836  2.40%  73.5  175s
 59573 12704  120.74159   60  136  123.52850  120.55836  2.40%  74.0  181s
 59584 12711  120.76088   49   58  123.52850  120.55836  2.40%  74.0  185s
 59590 12715  121.75214   58   75  123.52850  120.55836  2.40%  74.0  190s
 59779 12827  120.55836   62   87  123.52850  120.55836  2.40%  74.7  195s
 63000 13879  120.55836   66   60  123.52850  120.55836  2.40%  73.9  200s
 65685 14545  122.41317  101   39  123.52850  120.55836  2.40%  73.9  205s
 68952 15500  122.99757   79   66  123.52850  120.55836  2.40%  74.4  210s
 70695 15751  122.28992   79   84  123.52850  120.55836  2.40%  74.6  215s
 74604 16473  122.76316   83   33  123.52850  120.55836  2.40%  75.0  220s
 78966 17167  120.72600   67   62  123.52850  120.55836  2.40%  75.2  225s
 82197 17701  123.39905   70   47  123.52850  120.55836  2.40%  76.0  230s
 85607 18245  122.41506   75   55  123.52850  120.55836  2.40%  76.4  235s
 88837 18647  121.48984   66   99  123.52850  120.55836  2.40%  77.1  240s
 92164 19199  120.77193   69   96  123.52850  120.55836  2.40%  77.9  246s
 94853 19522 infeasible   65       123.52850  120.55836  2.40%  78.7  252s
 96687 19741 infeasible   77       123.52850  120.55836  2.40%  78.9  256s
 98473 20309  121.14515   69   62  123.52850  120.55836  2.40%  79.4  260s
 100731 21462  121.54601   72   54  123.52850  120.55866  2.40%  79.7  265s
 103885 22843  122.44190   72   35  123.52850  120.57155  2.39%  80.2  271s
 106899 24215  121.65618   68   42  123.52850  120.57792  2.39%  80.6  276s
 108805 25221  121.08546   68  119  123.52850  120.58526  2.38%  81.0  281s
 111887 26542  121.71441   79   75  123.52850  120.59356  2.38%  81.4  286s
 113862 27685 infeasible   78       123.52850  120.59895  2.37%  81.8  291s
 116253 29142  120.68892   63   76  123.52850  120.59895  2.37%  81.7  296s
 118638 29739  121.02782   64   64  123.52850  120.60210  2.37%  81.7  301s
 119658 30488  122.08453   73   67  123.52850  120.60516  2.37%  81.9  306s
 121529 31412  122.44354   86   43  123.52850  120.61120  2.36%  82.1  311s
 123713 32871  120.67936   61   88  123.52850  120.61120  2.36%  82.1  317s
 124860 33408  120.69840   63   98  123.52850  120.61120  2.36%  82.0  320s
 126882 33989  120.71386   62   97  123.52850  120.61958  2.35%  82.1  326s
 128207 34921  123.11525   81   65  123.52850  120.62259  2.35%  82.2  332s
 130025 35684  121.69055   73   88  123.52850  120.62930  2.35%  82.5  337s
 130995 36114  122.95108   65   58  123.52850  120.63369  2.34%  82.7  340s
 132909 37081  121.33908   73   31  123.52850  120.64174  2.34%  83.0  347s
 134128 37517  123.05061   74   18  123.52850  120.64579  2.33%  83.0  351s
 135325 38101  120.68892   63   55  123.52850  120.64841  2.33%  83.1  355s
 137704 39446  121.31836   70   64  123.52850  120.65054  2.33%  83.4  363s
 138891 40005  121.01158   67   82  123.52850  120.65054  2.33%  83.5  367s
 139996 40468  123.34124   73   71  123.52850  120.65054  2.33%  83.6  371s
 141799 41295  122.00589   59  119  123.52850  120.65484  2.33%  83.9  377s
 142930 41812  120.67773   70   77  123.52850  120.65678  2.32%  84.0  381s
 144050 42384 infeasible   73       123.52850  120.65966  2.32%  84.1  385s
 146319 43113  120.90749   68  126  123.52850  120.66498  2.32%  84.3  392s
 146724 43580  121.08577   68   83  123.52850  120.66532  2.32%  84.4  396s
 147748 44073  123.37854   72   55  123.52850  120.66943  2.31%  84.6  400s
 150061 45079  121.78324   66  110  123.52850  120.67680  2.31%  84.9  409s
 151460 45673  121.13092   77   30  123.52850  120.67773  2.31%  85.0  414s
 152760 46224  120.67773   69   54  123.52850  120.67773  2.31%  85.1  419s
 153940 46893  121.57503   61   48  123.52850  120.67773  2.31%  85.4  424s
 154305 46893  120.67773   63   37  123.52850  120.67773  2.31%  85.4  425s
 155379 47567  120.99105   64  101  123.52850  120.67773  2.31%  85.5  430s
 156768 47677  120.77655   59   92  123.52850  120.67773  2.31%  85.6  435s
 157017 48259  120.67773   59   55  123.52850  120.67773  2.31%  85.7  440s
 158383 48836 infeasible   66       123.52850  120.67773  2.31%  85.8  446s
 159739 49449  120.79580   69   91  123.52850  120.67773  2.31%  86.0  452s
 161089 49987  121.93965   75   43  123.52850  120.67773  2.31%  86.1  457s
 162520 50628  122.26172   76   35  123.52850  120.68663  2.30%  86.2  463s
 163963 51075  121.82997   72   76  123.52850  120.68815  2.30%  86.3  467s
 164989 51601 infeasible   69       123.52850  120.68852  2.30%  86.4  472s
 166317 52132  121.64345   82   56  123.52850  120.68892  2.30%  86.6  477s
 167554 52702  121.11433   70   54  123.52850  120.68892  2.30%  86.7  482s
 168772 53273  120.99933   65   48  123.52850  120.68892  2.30%  86.9  486s
 170067 53770  121.07880   65  111  123.52850  120.68892  2.30%  87.1  491s
 171242 54215  121.63558   77   41  123.52850  120.68892  2.30%  87.2  495s
 172418 54725 infeasible   66       123.52850  120.69125  2.30%  87.3  500s
 174918 55581  122.84194   80   18  123.52850  120.69651  2.29%  87.5  509s
 176018 56150  121.35697   64   50  123.52850  120.69838  2.29%  87.7  514s
 177287 56472  122.03166   69   48  123.52850  120.70067  2.29%  87.7  518s
 178299 56885  121.18000   70  110  123.52850  120.70500  2.29%  87.9  522s
 179465 57256  121.32133   67   93  123.52850  120.70819  2.28%  88.1  526s
 180487 57769  122.19179   75   51  123.52850  120.71035  2.28%  88.1  531s
 181665 58210  122.15931   81   64  123.52850  120.71261  2.28%  88.2  535s
 182742 58661  120.90833   71   89  123.52850  120.71386  2.28%  88.4  540s
 183907 59202  121.04759   65  123  123.52850  120.71631  2.28%  88.5  545s
 185231 59701  120.98389   65   99  123.52850  120.71969  2.27%  88.6  550s
 187476 60560  123.15562   82   36  123.52850  120.72634  2.27%  88.8  559s
 188644 61000 infeasible   64       123.52850  120.72809  2.27%  89.0  563s
 189864 61418  121.32494   67   72  123.52850  120.73121  2.26%  89.1  568s
 191079 61823  121.25930   69   66  123.52850  120.73508  2.26%  89.2  573s
 192259 62355  121.01015   68   96  123.52850  120.73724  2.26%  89.4  578s
 193529 62879  121.32995   63   48  123.52850  120.73916  2.26%  89.4  582s
 194704 63247     cutoff   73       123.52850  120.73986  2.26%  89.5  586s
 195706 63648  123.05449   67   47  123.52850  120.74246  2.26%  89.6  590s
 197730 64529 infeasible   76       123.52850  120.74839  2.25%  89.8  598s
 198894 64893  122.18794   65   93  123.52850  120.75125  2.25%  89.8  602s
 199969 65355  123.52076   67   53  123.52850  120.75449  2.25%  89.9  606s
 201142 65725  122.17336   69  104  123.52850  120.75764  2.24%  90.0  611s
 202331 66153 infeasible   69       123.52850  120.76168  2.24%  90.1  616s
 203544 66577  121.72888   67   79  123.52850  120.76437  2.24%  90.2  621s
 204820 66998  122.09602   67   79  123.52850  120.76686  2.24%  90.4  626s
 206040 67441  121.80598   63   37  123.52850  120.76686  2.24%  90.5  630s
 207188 67957     cutoff   81       123.52850  120.76695  2.24%  90.6  635s
 208441 68409  122.03235   89   52  123.52850  120.77061  2.23%  90.6  640s
 210531 69134  121.73116   70   97  123.52850  120.77578  2.23%  90.7  649s
 211618 69563  121.00547   69  126  123.52850  120.77955  2.23%  90.9  654s
 212843 69973  121.17559   66   86  123.52850  120.78387  2.22%  90.9  658s
 214002 70461  120.91314   67   59  123.52850  120.78770  2.22%  91.1  663s
 215335 70903  121.50637   76   56  123.52850  120.79127  2.22%  91.1  668s
 216435 71391  121.09656   66   72  123.52850  120.79443  2.21%  91.2  673s
 217705 71730  121.36875   68   95  123.52850  120.79590  2.21%  91.3  678s
 218775 72136     cutoff   78       123.52850  120.79880  2.21%  91.4  682s
 219805 72524  121.79423   69   46  123.52850  120.80049  2.21%  91.5  686s
 220869 73017  123.16545   75   46  123.52850  120.80487  2.20%  91.6  692s
 222106 73481 infeasible   65       123.52850  120.80755  2.20%  91.7  697s
 223416 73864  121.62470   67   41  123.52850  120.81137  2.20%  91.8  702s
 224601 74201  121.19771   69  151  123.52850  120.81497  2.20%  91.9  706s
 225621 74529  122.53202   92   56  123.52850  120.81674  2.20%  92.0  711s
 226911 74812  121.34700   64  104  123.52850  120.81870  2.19%  92.0  715s
 227904 75071 infeasible   76       123.52850  120.82356  2.19%  92.1  720s
 229983 75852  121.60792   66   38  123.52850  120.83014  2.18%  92.4  729s
 231315 76261  121.89688   74   56  123.52850  120.83365  2.18%  92.5  734s
 232588 76566  121.94750   68   58  123.52850  120.83638  2.18%  92.5  739s
 233590 76888  121.69297   67   65  123.52850  120.83999  2.18%  92.6  743s
 234500 77213  120.89910   70   75  123.52850  120.83999  2.18%  92.7  747s
 235423 77589  122.04648   79   76  123.52850  120.84225  2.17%  92.9  751s
 236528 77864  121.22298   69   67  123.52850  120.84744  2.17%  92.9  755s
 237556 78315  122.45498   82   47  123.52850  120.85049  2.17%  93.0  760s
 238793 78750  121.51777   63   69  123.52850  120.85632  2.16%  93.1  766s
 240097 78974  122.05084   74  102  123.52850  120.85951  2.16%  93.1  770s
 241255 79288     cutoff   75       123.52850  120.86315  2.16%  93.2  775s
 243157 79992  123.23044   72   52  123.52850  120.86958  2.15%  93.4  784s
 244217 80245  122.23784   76   96  123.52850  120.87320  2.15%  93.5  788s
 245233 80607  121.56193   67   76  123.52850  120.87655  2.15%  93.6  793s
 246342 80999  121.47425   69  134  123.52850  120.88180  2.14%  93.6  798s
 247434 81396  123.17308   72   72  123.52850  120.88497  2.14%  93.7  803s
 248553 81831  122.20529   69   88  123.52850  120.88965  2.14%  93.8  808s
 249778 82261  122.31304   80   52  123.52850  120.89273  2.13%  93.8  813s
 250945 82601  120.98390   74   60  123.52850  120.89793  2.13%  93.9  818s
 252026 82935     cutoff   77       123.52850  120.90201  2.13%  93.9  824s
 253140 83273  121.01090   72   50  123.52850  120.90573  2.12%  94.0  829s
 254204 83676  122.21761   70   53  123.52850  120.91013  2.12%  94.1  834s
 255392 83915  123.35464   85   14  123.52850  120.91428  2.12%  94.1  842s
 256231 84901  121.15031   74   91  123.52850  120.91735  2.11%  94.2  855s
 259188 85288  122.49483   77   45  123.52850  120.92410  2.11%  94.4  861s
 260370 85741     cutoff   77       123.52850  120.92946  2.10%  94.4  867s
 261755 86233  121.06565   68   89  123.52850  120.93467  2.10%  94.5  874s
 263154 86640  121.39380   70   77  123.52850  120.93973  2.10%  94.6  879s
 264304 87111  122.09029   70   90  123.52850  120.94392  2.09%  94.7  886s
 265697 87453  122.52200   79   52  123.52850  120.94687  2.09%  94.7  891s
 266877 87869  121.57677   68  130  123.52850  120.95156  2.09%  94.8  897s
 268169 88266  123.42939   75   38  123.52850  120.95573  2.08%  94.8  903s
 269372 88524  121.36509   67   92  123.52850  120.95868  2.08%  94.9  907s
 270318 88914 infeasible   78       123.52850  120.96259  2.08%  95.0  912s
 271271 89307  123.08152   71   77  123.52850  120.96643  2.07%  95.1  917s
 272325 89627 infeasible   64       123.52850  120.96947  2.07%  95.1  922s
 273352 89943 infeasible   60       123.52850  120.97464  2.07%  95.2  927s
 274591 90415  121.30908   71  110  123.52850  120.97860  2.06%  95.3  934s
 275910 90751  122.73286   74   56  123.52850  120.97986  2.06%  95.4  941s
 277130 91056  122.68605   77   70  123.52850  120.97986  2.06%  95.6  948s
 278354 91436  121.63537   61   82  123.52850  120.97986  2.06%  95.7  956s
 279649 91653     cutoff   65       123.52850  120.97986  2.06%  95.9  963s
 280648 91945  120.97986   67   58  123.52850  120.97986  2.06%  96.1  970s
 281824 92355  121.36697   69   64  123.52850  120.97986  2.06%  96.3  978s
 283167 92630  120.97986   64   66  123.52850  120.97986  2.06%  96.4  985s
 284332 92926     cutoff   65       123.52850  120.97986  2.06%  96.6  992s
 285576 93138  121.01032   66  141  123.52850  120.97986  2.06%  96.8  998s
 286566 93484  121.73807   69   55  123.52850  120.98390  2.06%  96.9 1005s
 287849 93813 infeasible   75       123.52850  120.98586  2.06%  97.0 1012s
 289185 94213  121.13971   70  119  123.52850  120.98965  2.06%  97.1 1019s
 290490 94506 infeasible   75       123.52850  120.99105  2.05%  97.2 1026s
 291503 94764  121.03284   70  109  123.52850  120.99105  2.05%  97.3 1033s
 292575 95010  121.11623   65   78  123.52850  120.99105  2.05%  97.5 1039s
 293613 95374  121.33044   76   70  123.52850  120.99105  2.05%  97.7 1046s
 294869 95665  121.01565   66  116  123.52850  120.99122  2.05%  97.8 1053s
 296055 95980  123.07561   70   54  123.52850  120.99451  2.05%  98.0 1059s
 297238 96226  123.26776   70   63  123.52850  120.99740  2.05%  98.1 1066s
 298497 96618  122.06522   71  111  123.52850  120.99933  2.05%  98.3 1073s
 299882 97080  123.24163   69   47  123.52850  121.00118  2.05%  98.4 1081s
 301424 97332  122.11706   78   28  123.52850  121.00430  2.04%  98.4 1086s
 302264 97686 infeasible   68       123.52850  121.00622  2.04%  98.5 1094s
 303707 98083     cutoff   71       123.52850  121.00959  2.04%  98.6 1102s
 305162 98426  122.22008   76   53  123.52850  121.01195  2.04%  98.7 1109s
 305727 98426  123.37854   66   61  123.52850  121.01208  2.04%  98.7 1110s
 306516 98768  121.32995   67   74  123.52850  121.01429  2.04%  98.8 1117s
 307825 99166  121.10584   66  121  123.52850  121.01637  2.03%  98.8 1124s
 309181 99496  121.32995   69   43  123.52850  121.01942  2.03%  98.9 1131s
 310431 99715  122.33618   70   50  123.52850  121.02193  2.03%  99.0 1138s
 311558 99674  121.72574   71   75  123.52850  121.02541  2.03%  99.1 1143s
 312476 100053  122.59823   72   68  123.52850  121.02624  2.03%  99.3 1151s
 313737 100475  122.65124   75   50  123.52850  121.02782  2.02%  99.4 1158s
 315046 100842  122.07716   74   53  123.52850  121.02782  2.02%  99.5 1164s
 316247 101122  121.32995   73   51  123.52850  121.02782  2.02%   100 1169s
 317201 101292  121.60190   71   90  123.52850  121.02782  2.02%   100 1176s
 317750 101970  121.60190   72   53  123.52850  121.02782  2.02%   100 1186s
 319682 102375  122.41608   69  110  123.52850  121.02782  2.02%   100 1194s
 321207 102728  122.88856   78   61  123.52850  121.03279  2.02%   100 1201s
 322596 103155 infeasible   81       123.52850  121.03596  2.02%   100 1209s
 323965 103454  121.21610   63   70  123.52850  121.03803  2.02%   100 1216s
 325225 103734  123.20263   79   59  123.52850  121.04153  2.01%   100 1223s
 326513 104018  121.58075   76   68  123.52850  121.04416  2.01%   100 1230s
 327734 104391  121.10806   67  119  123.52850  121.04715  2.01%   100 1237s
 329032 104809  121.49518   69   94  123.52850  121.04992  2.01%   100 1244s
 330401 105213  121.29356   67  120  123.52850  121.05290  2.00%   100 1251s
 331817 105479  123.26479   67   62  123.52850  121.05550  2.00%   100 1257s
 332770 105725 infeasible   76       123.52850  121.05798  2.00%   101 1264s
 333883 106001 infeasible   72       123.52850  121.06090  2.00%   101 1271s
 335066 106530  122.37900   83   56  123.52850  121.06369  2.00%   101 1279s
 336487 106914 infeasible   65       123.52850  121.06546  1.99%   101 1287s
 337949 106972  123.21264   80   43  123.52850  121.06899  1.99%   101 1293s
 338163 107474  122.18794   80   50  123.52850  121.06899  1.99%   101 1302s
 339825 107854 infeasible   73       123.52850  121.06899  1.99%   101 1310s
 341187 108205     cutoff   75       123.52850  121.07177  1.99%   101 1317s
 342469 108619  122.02343   72  121  123.52850  121.07561  1.99%   101 1325s
 343852 108940  122.35739   70   54  123.52850  121.07814  1.98%   101 1333s
 345154 109218  121.50955   73  101  123.52850  121.08070  1.98%   101 1340s
 346365 109621  122.22133   66  103  123.52850  121.08396  1.98%   101 1346s
 347505 109933  122.23325   74   75  123.52850  121.08532  1.98%   101 1352s
 348610 110200  122.50020   70   58  123.52850  121.08778  1.98%   101 1358s
 349655 110535  121.80598   66   63  123.52850  121.09005  1.97%   101 1365s
 350867 110745  122.04343   70  166  123.52850  121.09223  1.97%   101 1371s
 351834 111054  121.30160   67   72  123.52850  121.09486  1.97%   101 1379s
 353027 111205  121.76341   70   92  123.52850  121.09656  1.97%   102 1385s
 353932 111585  121.45116   68   96  123.52850  121.09656  1.97%   102 1392s
 355231 111806  122.59464   78   28  123.52850  121.09910  1.97%   102 1399s
 355972 111806  121.36624   74   62  123.52850  121.09943  1.97%   102 1400s
 356473 112191  121.70624   65   92  123.52850  121.10182  1.96%   102 1407s
 357834 112527 infeasible   76       123.52850  121.10419  1.96%   102 1414s
 359086 112872 infeasible   69       123.52850  121.10754  1.96%   102 1422s
 360466 113342  121.11224   76   77  123.52850  121.11008  1.96%   102 1430s
 361972 113411     cutoff   70       123.52850  121.11188  1.96%   102 1435s
 362858 113512  123.32555   67   73  123.52850  121.11224  1.96%   102 1442s
 364130 113759  121.96814   67   86  123.52850  121.11224  1.96%   102 1450s
 365484 113874  122.37867   70   65  123.52850  121.11224  1.96%   102 1458s
 366870 114231 infeasible   97       123.52850  121.11546  1.95%   102 1467s
 368179 114663     cutoff   79       123.52850  121.11743  1.95%   102 1475s
 369582 114994  121.53228   77  121  123.52850  121.12010  1.95%   103 1482s
 370811 115303  122.29929   79   93  123.52850  121.12257  1.95%   103 1489s
 371848 115303  121.90671   69  114  123.52850  121.12483  1.95%   103 1490s
 372010 115759  122.99977   75   60  123.52850  121.12521  1.95%   103 1498s
 373482 115960     cutoff   75       123.52850  121.12742  1.94%   103 1505s
 374757 116201  123.19343   71   61  123.52850  121.12948  1.94%   103 1513s
 375920 116576  121.14309   66  139  123.52850  121.13225  1.94%   103 1520s
 377193 116778 infeasible   66       123.52850  121.13321  1.94%   103 1526s
 378053 117085  122.06319   67   97  123.52850  121.13530  1.94%   103 1534s
 379445 117356  122.26172   76   67  123.52850  121.13729  1.94%   103 1542s
 380730 117605  122.75040   65   75  123.52850  121.14021  1.93%   103 1549s
 381600 117605 infeasible   72       123.52850  121.14052  1.93%   103 1550s
 381884 117867  121.57328   72   83  123.52850  121.14211  1.93%   103 1557s
 383086 118113 infeasible   64       123.52850  121.14442  1.93%   103 1564s
 384211 118311  121.45834   78   71  123.52850  121.14515  1.93%   103 1573s
 385605 118567  123.10736   73   31  123.52850  121.14737  1.93%   103 1581s
 386868 118936  121.38246   70   59  123.52850  121.14972  1.93%   104 1589s
 388282 119243  123.27319   74   81  123.52850  121.15294  1.92%   104 1597s
 389617 119585  122.67551   73   47  123.52850  121.15545  1.92%   104 1605s
 390938 119890  121.55917   69  127  123.52850  121.15756  1.92%   104 1613s
 392287 120107 infeasible   68       123.52850  121.16036  1.92%   104 1620s
 393347 120426     cutoff   76       123.52850  121.16261  1.92%   104 1627s
 394552 120663  122.01464   61   57  123.52850  121.16522  1.91%   104 1634s
 395676 120864  121.18013   67  123  123.52850  121.16764  1.91%   104 1642s
 396710 121232  123.11415   69   76  123.52850  121.17074  1.91%   104 1651s
 398006 121687  122.95108   68   75  123.52850  121.17388  1.91%   104 1660s
 399581 121953 infeasible   68       123.52850  121.17619  1.90%   104 1667s
 400790 122369  121.57436   68   67  123.52850  121.17839  1.90%   104 1675s
 401949 122717 infeasible   65       123.52850  121.17889  1.90%   104 1684s
 402259 122717  121.37392   64   90  123.52850  121.17889  1.90%   104 1685s
 403170 123010  121.24391   72   84  123.52850  121.17941  1.90%   104 1692s
 404449 123285 infeasible   68       123.52850  121.18239  1.90%   104 1700s
 405672 123455  123.12493   67   70  123.52850  121.18576  1.90%   104 1708s
 406858 123699  121.93198   66  114  123.52850  121.18735  1.90%   104 1715s
 407855 124000  122.88564   77   75  123.52850  121.18905  1.89%   104 1724s
 409191 124242  121.55929   72   59  123.52850  121.19081  1.89%   104 1732s
 410467 124478     cutoff   79       123.52850  121.19354  1.89%   104 1740s
 411654 124708     cutoff   72       123.52850  121.19478  1.89%   104 1747s
 412780 124992 infeasible   80       123.52850  121.19711  1.89%   104 1756s
 414087 125217     cutoff   83       123.52850  121.19992  1.89%   104 1763s
 415306 125462 infeasible   73       123.52850  121.20343  1.88%   105 1771s
 416498 125674  122.08708   78  103  123.52850  121.20568  1.88%   105 1779s
 417634 125972     cutoff   76       123.52850  121.20909  1.88%   105 1788s
 418856 126283     cutoff   62       123.52850  121.21160  1.88%   105 1796s
 420140 126568  122.75629   67   67  123.52850  121.21412  1.87%   105 1804s
 421366 126796  121.82518   71   97  123.52850  121.21701  1.87%   105 1810s
 422324 127089  123.01053   79   47  123.52850  121.21892  1.87%   105 1818s
 423649 127303     cutoff   71       123.52850  121.22164  1.87%   105 1826s
 424877 127480  122.15268   72   75  123.52850  121.22317  1.87%   105 1834s
 425966 127800 infeasible   78       123.52850  121.22581  1.86%   105 1843s
 427300 127938 infeasible   75       123.52850  121.22771  1.86%   105 1850s
 427819 128289  121.80586   74   69  123.52850  121.22771  1.86%   105 1859s
 429227 128610  122.21408   65   96  123.52850  121.23189  1.86%   105 1869s
 430637 128937  122.69254   72   40  123.52850  121.23538  1.86%   105 1878s
 431963 129168  121.89532   74   54  123.52850  121.23797  1.85%   105 1886s
 433218 129355  122.93560   82   72  123.52850  121.24011  1.85%   105 1894s
 434524 129698 infeasible   77       123.52850  121.24359  1.85%   105 1903s
 435789 130013  122.16005   72  105  123.52850  121.24654  1.85%   105 1909s
 436372 130013 infeasible   83       123.52850  121.24683  1.85%   105 1910s
 436583 130261  122.68942   82   67  123.52850  121.24683  1.85%   105 1919s
 437958 130605  121.90694   78   52  123.52850  121.25004  1.84%   105 1928s
 439544 131043 infeasible   78       123.52850  121.25484  1.84%   105 1939s
 441129 131322  121.45163   67  129  123.52850  121.25758  1.84%   105 1948s
 442365 131622 infeasible   67       123.52850  121.26027  1.84%   105 1957s
 443659 131919  123.40945   69  109  123.52850  121.26301  1.83%   106 1966s
 444934 132299  122.81951   75   74  123.52850  121.26630  1.83%   106 1976s
 446341 132404  121.85600   83   73  123.52850  121.26925  1.83%   106 1982s
 446895 132599  123.16991   71   83  123.52850  121.26978  1.83%   106 1989s
 447435 132599  121.35564   68   97  123.52850  121.27011  1.83%   106 1990s
 448106 132903 infeasible   72       123.52850  121.27371  1.83%   106 1998s
 449330 133199  122.49527   77   93  123.52850  121.27645  1.82%   106 2006s
 450744 133454     cutoff   87       123.52850  121.28058  1.82%   106 2013s
 451884 133737  122.73048   73   36  123.52850  121.28224  1.82%   106 2020s
 453007 133984  121.95040   70  109  123.52850  121.28473  1.82%   106 2028s
 454258 134252     cutoff   83       123.52850  121.28746  1.81%   106 2035s
 455252 134620  121.84197   68   94  123.52850  121.28871  1.81%   106 2044s
 456705 134958     cutoff   61       123.52850  121.29145  1.81%   106 2052s
 457969 135186  121.62584   62   76  123.52850  121.29424  1.81%   106 2060s
 459196 135404 infeasible   79       123.52850  121.29565  1.81%   106 2068s
 460337 135555  122.95440   75   40  123.52850  121.29928  1.80%   106 2076s
 461448 135848  122.56462   79   26  123.52850  121.30207  1.80%   106 2084s
 462710 136026  123.14811   73   41  123.52850  121.30436  1.80%   106 2091s
 463822 136264  122.50194   76   66  123.52850  121.30682  1.80%   106 2099s
 464923 136519  122.55994   70   86  123.52850  121.30855  1.80%   106 2107s
 466243 136747  122.13579   83   60  123.52850  121.31194  1.79%   106 2114s
 467246 136747  122.31886   84   33  123.52850  121.31309  1.79%   106 2115s
 467427 136988 infeasible   73       123.52850  121.31310  1.79%   106 2122s
 468510 137294  121.36606   69  131  123.52850  121.31562  1.79%   106 2130s
 469702 137552  123.41380   79   30  123.52850  121.31802  1.79%   106 2137s
 470850 137711 infeasible   75       123.52850  121.32083  1.79%   106 2144s
 471837 137901 infeasible   84       123.52850  121.32334  1.79%   106 2152s
 472977 138040  122.56450   66   84  123.52850  121.32720  1.78%   106 2160s
 474171 138149  121.32995   74   77  123.52850  121.32995  1.78%   106 2168s
 475163 138379     cutoff   75       123.52850  121.32995  1.78%   107 2176s
 476313 138570 infeasible   71       123.52850  121.32995  1.78%   107 2185s
 477380 138855  122.25936   75   59  123.52850  121.32995  1.78%   107 2194s
 478526 138910  122.59654   71  111  123.52850  121.32995  1.78%   107 2201s
 479312 139106  123.34611   74   36  123.52850  121.32995  1.78%   107 2210s
 480339 139165  121.40481   71  103  123.52850  121.32995  1.78%   107 2217s
 480606 139408     cutoff   72       123.52850  121.32995  1.78%   107 2226s
 481852 139519 infeasible   76       123.52850  121.32995  1.78%   107 2231s
 482561 139864 infeasible   72       123.52850  121.33009  1.78%   107 2244s
 484445 140193  121.64996   67   95  123.52850  121.33347  1.78%   107 2254s
 485567 140193 infeasible   76       123.52850  121.33366  1.78%   107 2255s
 485913 140526  121.75787   72   53  123.52850  121.33368  1.78%   107 2265s
 487352 140819  122.45759   72   37  123.52850  121.33471  1.78%   107 2274s
 488674 141064  123.15286   71   33  123.52850  121.33626  1.77%   107 2282s
 489873 141202  121.89614   60   87  123.52850  121.33738  1.77%   107 2290s
 491000 141392  122.28264   86   53  123.52850  121.33849  1.77%   107 2298s
 492171 141569  122.02798   74   62  123.52850  121.34088  1.77%   108 2306s
 493326 141763  123.37854   68   64  123.52850  121.34287  1.77%   108 2314s
 494611 141993  121.91760   82   89  123.52850  121.34608  1.77%   108 2323s
 495946 142238  121.42637   72  107  123.52850  121.34790  1.77%   108 2332s
 497160 142438     cutoff   71       123.52850  121.35041  1.76%   108 2339s
 498259 142476  123.18367   68   49  123.52850  121.35261  1.76%   108 2344s
 498604 142729     cutoff   75       123.52850  121.35356  1.76%   108 2353s
 499924 143079  122.51472   77   47  123.52850  121.35575  1.76%   108 2362s
 501498 143318  121.48481   71  102  123.52850  121.35886  1.76%   108 2372s
 502831 143701 infeasible   77       123.52850  121.36163  1.75%   108 2381s
 504336 143667  122.02594   80   63  123.52850  121.36423  1.75%   108 2389s
 505574 143856 infeasible   71       123.52850  121.36624  1.75%   108 2397s
 506802 144062 infeasible   70       123.52850  121.36776  1.75%   108 2406s
 507859 144321  122.29160   74   93  123.52850  121.36871  1.75%   108 2415s
 509223 144512 infeasible   72       123.52850  121.37056  1.75%   108 2423s
 510403 144793     cutoff   75       123.52850  121.37367  1.74%   108 2432s
 511752 144877  121.69408   76   41  123.52850  121.37601  1.74%   108 2438s
 512504 145096  121.45284   67   82  123.52850  121.37730  1.74%   108 2447s
 513959 145335 infeasible   67       123.52850  121.37791  1.74%   108 2456s
 515386 145568  121.52027   73   93  123.52850  121.37963  1.74%   109 2465s
 516568 145765  121.63558   66   99  123.52850  121.38138  1.74%   109 2473s
 517879 146030  122.25896   66   64  123.52850  121.38381  1.74%   109 2482s
 519229 146284  123.37854   70   57  123.52850  121.38691  1.73%   109 2492s
 520605 146475  121.52874   68  147  123.52850  121.38936  1.73%   109 2501s
 521940 146678  122.18229   69   66  123.52850  121.39180  1.73%   109 2510s
 523094 146853  122.38942   66   48  123.52850  121.39384  1.73%   109 2520s
 524444 146895  123.46414   74  119  123.52850  121.39707  1.73%   109 2529s
 525745 147171  121.41228   66   72  123.52850  121.40060  1.72%   109 2538s
 527131 147312 infeasible   71       123.52850  121.40386  1.72%   109 2545s
 527988 147546     cutoff   77       123.52850  121.40643  1.72%   109 2554s
 529278 147830 infeasible   65       123.52850  121.40899  1.72%   109 2564s
 530614 148297  121.52149   70   59  123.52850  121.41170  1.71%   109 2574s
 532258 148485  123.10633   68   47  123.52850  121.41228  1.71%   109 2582s
 533360 148693  123.03212   81  104  123.52850  121.41488  1.71%   109 2591s
 534669 149048  121.90876   64   98  123.52850  121.41717  1.71%   109 2601s
 536097 149285 infeasible   71       123.52850  121.41885  1.71%   109 2609s
 537260 149500     cutoff   79       123.52850  121.42121  1.71%   109 2618s
 538509 149603  122.18794   77   73  123.52850  121.42398  1.70%   109 2626s
 539637 149841  121.81558   86   72  123.52850  121.42753  1.70%   109 2635s
 540841 149997  122.18794   71   58  123.52850  121.42998  1.70%   109 2643s
 541976 150220 infeasible   77       123.52850  121.43300  1.70%   109 2650s
 542946 150387  121.74832   73   79  123.52850  121.43482  1.69%   109 2659s
 544072 150667  122.18892   77   56  123.52850  121.43766  1.69%   110 2669s
 545363 150712  121.85932   66   67  123.52850  121.43878  1.69%   110 2676s
 545583 151004  121.85932   67   62  123.52850  121.43878  1.69%   110 2687s
 547011 151249  122.51030   73   83  123.52850  121.44189  1.69%   110 2698s
 548578 151278  121.44665   66   84  123.52850  121.44440  1.69%   110 2705s
 548983 151512  121.60254   68   79  123.52850  121.44448  1.69%   110 2716s
 550423 151669  122.37478   72   40  123.52850  121.44665  1.69%   110 2727s
 551712 151911  123.09820   68   69  123.52850  121.44665  1.69%   110 2736s
 552990 152016 infeasible   69       123.52850  121.44665  1.69%   110 2746s
 554120 152253  121.52898   64   62  123.52850  121.44732  1.68%   110 2756s
 555610 152529 infeasible   68       123.52850  121.44932  1.68%   110 2766s
 557028 152749  121.55929   79   19  123.52850  121.45214  1.68%   110 2775s
 558045 152974  123.11625   72   63  123.52850  121.45290  1.68%   110 2784s
 559352 153153  121.75000   66  122  123.52850  121.45546  1.68%   110 2793s
 560616 153255  122.60122   72   76  123.52850  121.45780  1.68%   110 2801s
 561700 153518 infeasible   79       123.52850  121.45843  1.68%   110 2811s
 563025 153762  121.95574   70   85  123.52850  121.46037  1.67%   110 2821s
 564295 153929 infeasible   88       123.52850  121.46247  1.67%   110 2829s
 565444 154059     cutoff   76       123.52850  121.46440  1.67%   110 2839s
 566782 154209  123.31934   72   71  123.52850  121.46608  1.67%   110 2849s
 568041 154399  121.91954   72   70  123.52850  121.46775  1.67%   110 2859s
 569319 154529     cutoff   79       123.52850  121.46977  1.67%   110 2869s
 570493 154779  123.11400   69  101  123.52850  121.47168  1.67%   110 2878s
 571744 154926     cutoff   67       123.52850  121.47415  1.66%   110 2886s
 572667 155138  123.15183   77   54  123.52850  121.47612  1.66%   110 2895s
 573908 155325  123.51338   67   42  123.52850  121.47815  1.66%   110 2903s
 575184 155494  121.48479   65   79  123.52850  121.48083  1.66%   110 2912s
 576371 155771  121.50516   71   65  123.52850  121.48270  1.66%   111 2922s
 577738 156018     cutoff   74       123.52850  121.48502  1.65%   111 2931s
 578964 156085  121.49031   78   97  123.52850  121.48730  1.65%   111 2940s
 579966 156142  121.70625   70   75  123.52850  121.48866  1.65%   111 2949s
 581075 156208     cutoff   74       123.52850  121.49031  1.65%   111 2958s
 582144 156332  121.91199   75   89  123.52850  121.49220  1.65%   111 2968s
 583379 156420  121.58243   67   71  123.52850  121.49461  1.65%   111 2977s
 584590 156495 infeasible   69       123.52850  121.49593  1.65%   111 2987s
 585873 156636 infeasible   71       123.52850  121.49746  1.64%   111 2996s
 587157 156725  122.72660   74   78  123.52850  121.50007  1.64%   111 3003s
 587947 156849  122.39461   78   51  123.52850  121.50195  1.64%   111 3013s
 589131 157047     cutoff   76       123.52850  121.50465  1.64%   111 3025s
 590628 157269     cutoff   68       123.52850  121.50708  1.64%   111 3036s
 592121 157499  122.58422   74   63  123.52850  121.50924  1.63%   111 3046s
 593517 157677  121.65814   78   90  123.52850  121.51170  1.63%   111 3055s
 594878 157743  123.01783   70   55  123.52850  121.51450  1.63%   111 3063s
 595841 157988  122.96760   74   72  123.52850  121.51605  1.63%   111 3073s
 597107 158152  122.39201   71   91  123.52850  121.51835  1.63%   111 3082s
 598286 158384 infeasible   71       123.52850  121.52022  1.63%   111 3092s
 599630 158593     cutoff   73       123.52850  121.52291  1.62%   111 3101s
 600872 158710  121.84587   69  117  123.52850  121.52578  1.62%   111 3109s
 601931 158920     cutoff   78       123.52850  121.52725  1.62%   112 3118s
 603040 159140 infeasible   71       123.52850  121.52898  1.62%   112 3126s
 604086 159322  121.77287   71   91  123.52850  121.52974  1.62%   112 3135s
 605257 159500 infeasible   77       123.52850  121.53237  1.62%   112 3144s
 605962 159500 infeasible   83       123.52850  121.53264  1.62%   112 3145s
 606405 159755 infeasible   62       123.52850  121.53434  1.61%   112 3154s
 607716 159868     cutoff   76       123.52850  121.53650  1.61%   112 3163s
 608895 160191  122.78675   71   50  123.52850  121.53848  1.61%   112 3173s
 610338 160434 infeasible   70       123.52850  121.54014  1.61%   112 3184s
 611738 160684  122.64049   75   50  123.52850  121.54176  1.61%   112 3194s
 613123 160835  121.58021   69   53  123.52850  121.54396  1.61%   112 3204s
 614166 160867 infeasible   75       123.52850  121.54569  1.61%   112 3210s
 614527 161126  121.70624   65   66  123.52850  121.54582  1.61%   112 3218s
 615918 161277  121.97671   77   31  123.52850  121.54695  1.60%   112 3228s
 617099 161357 infeasible   78       123.52850  121.54856  1.60%   112 3235s
 617903 161568  121.72164   68  120  123.52850  121.55071  1.60%   112 3246s
 619438 161837  121.68726   69   77  123.52850  121.55328  1.60%   112 3256s
 620870 161891  122.39185   69   98  123.52850  121.55481  1.60%   112 3265s
 622009 161862     cutoff   73       123.52850  121.55771  1.60%   112 3276s
 623368 162039  122.48607   78   41  123.52850  121.55929  1.59%   112 3286s
 624660 162276  122.70160   85   61  123.52850  121.56090  1.59%   112 3296s
 626016 162561  121.83467   70   87  123.52850  121.56283  1.59%   112 3306s
 627334 162733  123.11264   84   42  123.52850  121.56334  1.59%   112 3316s
 628481 163125  121.79435   64  108  123.52850  121.56575  1.59%   112 3325s
 629751 163769  123.37854   89   36  123.52850  121.56634  1.59%   112 3335s
 631162 164292  121.69070   58   76  123.52850  121.56634  1.59%   112 3346s
 632658 164493  122.29114   76   44  123.52850  121.56634  1.59%   112 3354s
 633673 164795  122.13673   73  130  123.52850  121.56839  1.59%   112 3364s
 633827 164795  122.11360   75   83  123.52850  121.56843  1.59%   112 3365s
 635103 164930  122.68455   82   68  123.52850  121.57019  1.59%   112 3372s
 635991 165129  121.87852   71  126  123.52850  121.57203  1.58%   112 3382s
 637138 165405 infeasible   72       123.52850  121.57375  1.58%   112 3392s
 638414 165663  122.15502   76   18  123.52850  121.57532  1.58%   112 3403s
 639780 165869     cutoff   72       123.52850  121.57700  1.58%   112 3413s
 641107 166043 infeasible   82       123.52850  121.57872  1.58%   112 3423s
 642381 166347  121.82767   86   63  123.52850  121.58103  1.58%   112 3433s
 643723 166576 infeasible   65       123.52850  121.58334  1.57%   112 3443s
 644995 166764  123.29085   75   73  123.52850  121.58537  1.57%   112 3453s
 646179 166871     cutoff   67       123.52850  121.58730  1.57%   112 3462s
 647297 167075  121.67505   76  101  123.52850  121.58975  1.57%   112 3470s
 648424 167224  123.22606   73   99  123.52850  121.59154  1.57%   112 3479s
 649511 167383  121.99044   71   82  123.52850  121.59344  1.57%   112 3488s
 650697 167585 infeasible   72       123.52850  121.59527  1.57%   112 3498s
 652070 167655  123.45176   79   35  123.52850  121.59634  1.56%   112 3508s
 653193 167760 infeasible   76       123.52850  121.59771  1.56%   113 3520s
 654456 167856 infeasible   75       123.52850  121.59771  1.56%   113 3531s
 655785 167941     cutoff   74       123.52850  121.59901  1.56%   113 3540s
 656876 167859 infeasible   76       123.52850  121.60149  1.56%   113 3550s
 657979 167819  122.91563   73   38  123.52850  121.60190  1.56%   113 3560s
 659036 167814 infeasible   67       123.52850  121.60190  1.56%   113 3569s
 660166 167914  122.33781   76   84  123.52850  121.60190  1.56%   113 3578s
 661253 168148  122.90514   71   86  123.52850  121.60190  1.56%   113 3590s
 662718 168349  122.65580   88   61  123.52850  121.60343  1.56%   113 3599s
 663725 168370 infeasible   80       123.52850  121.60494  1.56%   113 3600s

Cutting planes:
  Learned: 258
  Gomory: 79
  Lift-and-project: 8
  Cover: 6647
  Implied bound: 1032
  Projected implied bound: 56
  Clique: 240
  MIR: 264
  StrongCG: 71
  Flow cover: 1258
  GUB cover: 3
  Inf proof: 62
  Zero half: 240
  RLT: 155
  Relax-and-lift: 288

Explored 663768 nodes (74894692 simplex iterations) in 3600.15 seconds (1864.60 work units)
Thread count was 8 (of 24 available processors)

Solution count 10: 123.528 123.528 123.528 ... 124.611

Time limit reached
Warning: max constraint violation (1.3901e-01) exceeds tolerance
Warning: max bound violation (1.3901e-01) exceeds tolerance
         (model may be infeasible or unbounded - try turning presolve off)
Best objective 1.235284993957e+02, best bound 1.216050287396e+02, gap 1.5571%
