
Gurobi 10.0.0 (win64) logging started Sun Jan 21 16:17:47 2024

Set parameter LogFile to value "C:/Users\Administrator\Documents\BNC_Repo\BNC_Tests\10_MIP_Results\n20m3\Instance_Class4_Parts20_Machines3_Instance3_logfileChe1021.txt"
Gurobi Optimizer version 10.0.0 build v10.0.0rc2 (win64)

CPU model: AMD EPYC 7513 32-Core Processor, instruction set [SSE2|AVX|AVX2]
Thread count: 24 physical cores, 24 logical processors, using up to 8 threads

Optimize a model with 20457 rows, 3461 columns and 100651 nonzeros
Model fingerprint: 0x7b35453c
Variable types: 1361 continuous, 2100 integer (2100 binary)
Coefficient statistics:
  Matrix range     [4e-06, 5e+02]
  Objective range  [1e+00, 1e+00]
  Bounds range     [1e+00, 1e+00]
  RHS range        [1e+00, 7e+02]
Presolve removed 9464 rows and 1548 columns
Presolve time: 0.91s
Presolved: 10993 rows, 1913 columns, 76426 nonzeros
Variable types: 101 continuous, 1812 integer (1734 binary)
Found heuristic solution: objective 631.8866000
Found heuristic solution: objective 619.6732000
Found heuristic solution: objective 219.6211600
Root relaxation presolved: 10993 rows, 1913 columns, 76426 nonzeros


Root relaxation: objective 6.894399e+01, 5694 iterations, 0.97 seconds (1.47 work units)

    Nodes    |    Current Node    |     Objective Bounds      |     Work
 Expl Unexpl |  Obj  Depth IntInf | Incumbent    BestBd   Gap | It/Node Time

     0     0   68.94399    0  130  219.62116   68.94399  68.6%     -    2s
H    0     0                     211.6211600   68.94399  67.4%     -    2s
H    0     0                     184.0977200   68.94399  62.6%     -    3s
     0     0   69.33341    0  278  184.09772   69.33341  62.3%     -    4s
     0     0   69.33341    0  204  184.09772   69.33341  62.3%     -    4s
     0     0   69.43652    0  571  184.09772   69.43652  62.3%     -    4s
     0     0   69.45126    0  189  184.09772   69.45126  62.3%     -    6s
H    0     0                     166.6505200   69.45126  58.3%     -    6s
     0     0   69.81309    0  255  166.65052   69.81309  58.1%     -    7s
     0     0   69.81309    0  249  166.65052   69.81309  58.1%     -    7s
H    0     0                     138.0292400   69.81309  49.4%     -    7s
H    0     0                     133.0458800   69.81309  47.5%     -    7s
     0     0   69.85870    0  326  133.04588   69.85870  47.5%     -    7s
     0     0   69.85962    0  284  133.04588   69.85962  47.5%     -    7s
     0     0   69.96703    0  288  133.04588   69.96703  47.4%     -    9s
     0     0   69.96703    0  221  133.04588   69.96703  47.4%     -    9s
H    0     0                     117.2276200   69.96703  40.3%     -    9s
H    0     0                     112.1276200   69.96703  37.6%     -    9s
     0     0   69.99466    0  278  112.12762   69.99466  37.6%     -    9s
     0     0   70.01498    0  210  112.12762   70.01498  37.6%     -    9s
H    0     0                     107.4414600   70.01498  34.8%     -    9s
H    0     0                     101.6742400   70.01498  31.1%     -    9s
     0     0   70.01525    0  235  101.67424   70.01525  31.1%     -    9s
H    0     0                     101.0958400   70.01525  30.7%     -    9s
     0     0   70.01525    0  242  101.09584   70.01525  30.7%     -    9s
H    0     0                      96.3493800   70.01525  27.3%     -   10s
     0     0   70.14363    0  258   96.34938   70.14363  27.2%     -   10s
     0     0   70.22307    0  257   96.34938   70.22307  27.1%     -   10s
     0     0   70.22740    0  239   96.34938   70.22740  27.1%     -   10s
     0     0   70.24130    0  261   96.34938   70.24130  27.1%     -   11s
     0     0   70.24130    0  218   96.34938   70.24130  27.1%     -   11s
H    0     0                      86.0120600   70.24130  18.3%     -   13s
     0     0   70.24130    0  140   86.01206   70.24130  18.3%     -   14s
     0     0   70.37239    0  222   86.01206   70.37239  18.2%     -   15s
     0     0   70.40700    0  189   86.01206   70.40700  18.1%     -   15s
     0     0   70.79962    0  278   86.01206   70.79962  17.7%     -   16s
H    0     0                      85.0229800   70.81229  16.7%     -   17s
H    0     0                      83.4229800   70.81229  15.1%     -   17s
     0     0   70.81229    0  243   83.42298   70.81229  15.1%     -   17s
     0     0   70.83377    0  267   83.42298   70.83377  15.1%     -   17s
     0     0   70.83526    0  274   83.42298   70.83526  15.1%     -   17s
     0     0   70.83891    0  273   83.42298   70.83891  15.1%     -   17s
     0     0   70.83904    0  272   83.42298   70.83904  15.1%     -   17s
H    0     0                      81.7068400   70.92003  13.2%     -   17s
H    0     0                      80.5947000   70.96775  11.9%     -   17s
     0     0   70.96775    0  290   80.59470   70.96775  11.9%     -   17s
     0     0   70.98971    0  258   80.59470   70.98971  11.9%     -   17s
     0     2   70.98971    0  258   80.59470   70.98971  11.9%     -   18s
H   64    62                      80.4167500   70.98971  11.7%   400   19s
H   66    70                      80.2641000   70.98971  11.6%   394   19s
H   72    70                      80.1163400   70.98971  11.4%   374   19s
    85    87   78.43455   10  149   80.11634   70.98971  11.4%   351   20s
H  105   103                      80.0240400   70.98971  11.3%   322   20s
H  106   103                      79.8163400   70.98971  11.1%   323   20s
H  149   141                      79.7940400   70.98971  11.0%   264   21s
H  154   141                      79.6340800   70.98971  10.9%   258   21s
  1233   904   78.37540   29   65   79.63408   71.57440  10.1%   105   25s
H 1399   933                      79.0125200   71.57468  9.41%   105   26s
  1471   985   77.06087   45  168   79.01252   71.57468  9.41%   106   30s
  1484   997   71.57468   10  118   79.01252   71.57468  9.41%   116   35s
H 1591  1015                      78.7678800   71.57468  9.13%   121   36s
H 1596   974                      78.6201000   71.57468  8.96%   121   37s
  2215  1157     cutoff   24        78.62010   71.57468  8.96%   111   40s
H 2232  1100                      78.3693600   71.57468  8.67%   110   40s
H 2629  1123                      78.1264200   71.63158  8.31%   110   42s
H 3152  1222                      77.9201000   71.82198  7.83%   109   44s
  3592  1378   77.48505   18   74   77.92010   72.19769  7.34%   108   45s
  4797  1921   76.62991   23   67   77.92010   72.46582  7.00%   102   50s
  6852  2843     cutoff   36        77.92010   72.62461  6.80%  99.3   55s
  9205  3988   76.38198   30  106   77.92010   72.79959  6.57%  98.5   60s
H 9825  4108                      77.8394000   72.82705  6.44%  97.7   61s
 11178  4757   74.91054   19  102   77.83940   72.92351  6.32%  96.7   65s
 13216  5657 infeasible   36        77.83940   73.05474  6.15%  95.4   70s
 13899  5815   75.23789   19   67   77.83940   73.06831  6.13%  95.3   75s
 16176  6862   73.99576   22  102   77.83940   73.16145  6.01%  94.3   80s
*16643  6802              51      77.7562400   73.18267  5.88%  94.0   80s
 18583  7708   76.75309   24   60   77.75624   73.26968  5.77%  94.1   86s
 19951  8257     cutoff   21        77.75624   73.30813  5.72%  94.4   90s
H19953  8213                      77.7226200   73.30813  5.68%  94.4   90s
 21446  8935   76.50219   39   66   77.72262   73.36457  5.61%  95.0   95s
 23540  9694   74.24629   36   69   77.72262   73.40764  5.55%  93.6  100s
 25314 10410   76.10438   26   72   77.72262   73.47014  5.47%  93.0  105s
 27267 11153   73.90830   22  128   77.72262   73.53986  5.38%  92.1  110s
 29209 11870   76.86962   25  107   77.72262   73.59181  5.31%  91.3  116s
 31088 12651   75.70430   33   46   77.72262   73.66280  5.22%  90.8  122s
 32063 13071   75.03911   29   50   77.72262   73.66301  5.22%  90.6  125s
 33876 13394   77.61898   41   62   77.72262   73.66301  5.22%  89.6  132s
H33881 13021                      77.5749300   73.66301  5.04%  89.6  132s
 33917 13239   73.83237   30   71   77.57493   73.66301  5.04%  89.6  135s
 35384 13833   77.18607   35  117   77.57493   73.70195  4.99%  89.6  140s
 36848 14472   75.82188   35   71   77.57493   73.72598  4.96%  89.8  146s
 38587 15192   74.94613   35   91   77.57493   73.76886  4.91%  89.8  152s
 39510 15450   74.93891   26   74   77.57493   73.77750  4.90%  89.7  155s
 40985 16003 infeasible   36        77.57493   73.79537  4.87%  90.0  161s
 42904 16777 infeasible   30        77.57493   73.83105  4.83%  89.7  167s
 43757 17168   75.40105   35   76   77.57493   73.83606  4.82%  89.8  170s
 45632 17687   76.32786   25   82   77.57493   73.85996  4.79%  89.6  177s
 47117 18288   73.97755   27  113   77.57493   73.86823  4.78%  90.0  182s
 47945 18646   77.42978   42   34   77.57493   73.86823  4.78%  90.4  185s
 49692 19231   76.78266   40   42   77.57493   73.86823  4.78%  90.8  191s
 51535 20018   74.95302   38   78   77.57493   73.86823  4.78%  90.8  198s
 52630 20401   74.00660   26   63   77.57493   73.92540  4.70%  90.7  201s
 53686 20697   76.38198   30   49   77.57493   73.94061  4.68%  90.7  205s
 55614 21267   76.37340   44   69   77.57493   73.97757  4.64%  90.6  212s
 56527 21683   74.46642   31  161   77.57493   73.99301  4.62%  90.7  216s
*56803 20074              70      77.2154200   73.99414  4.17%  90.6  216s
 57601 20210   74.97452   38   92   77.21542   74.00660  4.16%  90.5  220s
H57707 19732                      77.1650600   74.00660  4.09%  90.5  220s
H57766 18828                      76.9712400   74.00660  3.85%  90.5  220s
 59030 19494   74.81022   36  129   76.97124   74.00660  3.85%  90.4  228s
 59994 19842   76.82875   29   60   76.97124   74.03348  3.82%  90.4  232s
 61054 20063   74.47533   21   67   76.97124   74.04910  3.80%  90.2  235s
 62624 20465   76.74089   37   62   76.97124   74.06305  3.78%  90.3  241s
 64366 21053   74.46052   37   78   76.97124   74.08642  3.75%  90.3  248s
 65300 21318   76.68797   41   26   76.97124   74.09219  3.74%  90.2  251s
 67187 21847   75.51675   31   76   76.97124   74.10759  3.72%  89.9  257s
 68017 22113   75.15028   40   64   76.97124   74.11680  3.71%  90.0  260s
 69944 22645   74.94776   30   81   76.97124   74.13042  3.69%  89.7  268s
 70796 22881     cutoff   34        76.97124   74.13903  3.68%  89.7  271s
 71690 23121 infeasible   34        76.97124   74.14625  3.67%  89.7  275s
 73484 23473     cutoff   43        76.97124   74.16828  3.64%  89.5  281s
 75038 23903   74.56585   33  105   76.97124   74.18733  3.62%  89.7  288s
 75918 24146   75.57799   30   85   76.97124   74.19914  3.60%  89.7  291s
 76788 24426   75.50319   38   99   76.97124   74.20967  3.59%  89.7  295s
 78462 24883   74.62018   29   92   76.97124   74.22621  3.57%  89.7  303s
 79374 25151   74.43140   37   82   76.97124   74.23811  3.55%  89.7  306s
 80184 25441   76.94373   33   78   76.97124   74.24594  3.54%  89.7  310s
 82171 25939   75.11196   22  112   76.97124   74.26402  3.52%  89.6  318s
 83076 26159   75.49682   36   45   76.97124   74.27339  3.51%  89.6  321s
 83915 26371   76.70008   31   87   76.97124   74.28618  3.49%  89.6  325s
 85802 26821   76.53139   45   44   76.97124   74.29947  3.47%  89.5  332s
 86604 27029   75.87999   43   77   76.97124   74.31669  3.45%  89.6  336s
 87481 27298 infeasible   32        76.97124   74.32615  3.44%  89.6  340s
 89566 27897   76.51775   36   90   76.97124   74.34265  3.42%  89.3  349s
 90489 28216   74.98226   38  100   76.97124   74.35106  3.40%  89.2  353s
 91762 28527   76.94738   33   29   76.97124   74.35106  3.40%  89.0  357s
 92695 28738   74.74695   26   69   76.97124   74.35106  3.40%  88.9  361s
 93486 28885   75.77871   38   67   76.97124   74.35219  3.40%  89.0  365s
 95233 29294   75.45491   39   90   76.97124   74.36676  3.38%  89.0  372s
 96212 29496   74.71361   21  133   76.97124   74.37228  3.38%  88.9  376s
 97058 29673   76.05624   42   64   76.97124   74.38068  3.37%  89.0  380s
 98763 30113   76.19176   36   63   76.97124   74.39710  3.34%  89.0  388s
 99616 30329   75.73199   37   55   76.97124   74.40398  3.34%  89.0  392s
 100473 30589   74.41325   36   62   76.97124   74.41325  3.32%  89.0  397s
 101423 30988   74.95040   28   58   76.97124   74.41722  3.32%  88.8  402s
 102556 31172   76.08954   40   60   76.97124   74.41926  3.32%  88.6  405s
 104207 31595   75.67423   34   70   76.97124   74.43739  3.29%  88.6  414s
 105118 31826   76.30171   29   63   76.97124   74.44254  3.29%  88.6  418s
 105949 32068   76.83206   33   49   76.97124   74.45173  3.27%  88.6  422s
 106873 32280   76.11303   33   88   76.97124   74.45691  3.27%  88.6  426s
 107918 32474   74.94555   24   69   76.97124   74.46053  3.26%  88.4  431s
 108877 32685     cutoff   47        76.97124   74.46653  3.25%  88.4  435s
 109788 32779   76.38198   37   59   76.97124   74.47389  3.24%  88.4  440s
H110125 32779                      76.9712400   74.47442  3.24%  88.4  440s
 110749 33104   76.87825   39   33   76.97124   74.47998  3.24%  88.4  448s
 111738 33317   75.42201   35   82   76.97124   74.48640  3.23%  88.4  453s
 112685 33567   75.56898   39   65   76.97124   74.49540  3.22%  88.4  457s
 113699 33837     cutoff   44        76.97124   74.50108  3.21%  88.3  463s
 114828 34079     cutoff   33        76.97124   74.50984  3.20%  88.1  468s
 115846 34245   74.75398   30   80   76.97124   74.50984  3.20%  88.0  472s
 116739 34539     cutoff   32        76.97124   74.51760  3.19%  88.0  477s
 117875 34736   74.77447   28   59   76.97124   74.52074  3.18%  87.9  481s
 118771 34826   75.25279   38  115   76.97124   74.52641  3.18%  87.9  487s
 119148 35941   75.12555   31  105   76.97124   74.52927  3.17%  87.8  509s
 121516 35941   76.10094   28   54   76.97124   74.53038  3.17%  87.6  510s
 124745 36357   75.36838   34   64   76.97124   74.56276  3.13%  87.5  518s
 125724 36552   75.67242   33   86   76.97124   74.56613  3.12%  87.5  523s
 126820 36804   75.00296   41   85   76.97124   74.57203  3.12%  87.4  527s
 127823 37050   76.72627   34   46   76.97124   74.57900  3.11%  87.4  531s
 128841 37256   75.03911   31   60   76.97124   74.58432  3.10%  87.3  535s
 130672 37636   76.47915   48   46   76.97124   74.59688  3.08%  87.3  543s
 131588 37802   75.21928   37   49   76.97124   74.60384  3.08%  87.3  548s
 132485 38024   75.99541   40   62   76.97124   74.60936  3.07%  87.3  552s
 133544 38326   74.78386   31   80   76.97124   74.61569  3.06%  87.2  558s
 134618 38553   74.96394   31   97   76.97124   74.61569  3.06%  87.2  562s
 135518 38768   75.05065   37   83   76.97124   74.61847  3.06%  87.2  566s
 136427 39004   76.28444   37   27   76.97124   74.62310  3.05%  87.2  571s
 137563 39171 infeasible   37        76.97124   74.62559  3.05%  87.0  575s
 139213 39495   75.87139   42   59   76.97124   74.63538  3.03%  87.0  583s
 140065 39707   75.01008   33  104   76.97124   74.64175  3.03%  87.0  587s
 140888 39858   75.77238   36  122   76.97124   74.65037  3.02%  87.0  591s
 141797 40045   76.70378   27   79   76.97124   74.65793  3.01%  87.0  595s
 142728 40386   75.36557   28   46   76.97124   74.66508  3.00%  87.0  601s
 143964 40729 infeasible   34        76.97124   74.66686  2.99%  86.8  607s
 145141 40933   74.90117   38   97   76.97124   74.66893  2.99%  86.7  611s
 146025 41198   75.99879   36   40   76.97124   74.67487  2.98%  86.7  616s
 146991 41359   76.84107   40   43   76.97124   74.67895  2.98%  86.6  620s
 148829 41801   75.05236   29  136   76.97124   74.69071  2.96%  86.5  629s
 149751 41998   76.66535   36   52   76.97124   74.69758  2.95%  86.5  633s
 150723 42176   74.95703   37   44   76.97124   74.70421  2.95%  86.4  638s
 151602 42374   75.50255   36   98   76.97124   74.71013  2.94%  86.4  642s
 152490 42550     cutoff   33        76.97124   74.71508  2.93%  86.4  647s
 153521 42772   76.92477   37   46   76.97124   74.72135  2.92%  86.3  652s
 154447 42953   75.85262   24   68   76.97124   74.72250  2.92%  86.3  656s
 155371 42979   76.57805   35   70   76.97124   74.72750  2.92%  86.3  660s
H155372 41293                      76.8317200   74.72750  2.74%  86.3  660s
 156430 41594   76.51037   43   52   76.83172   74.73397  2.73%  86.3  668s
 157390 41752   75.89947   28   58   76.83172   74.73996  2.72%  86.2  673s
 158315 41990   75.99974   31   72   76.83172   74.74485  2.72%  86.3  678s
 159519 42303 infeasible   38        76.83172   74.74939  2.71%  86.2  684s
 160729 42545   75.07642   34  116   76.83172   74.74939  2.71%  86.1  688s
 161899 42777   75.41488   44   70   76.83172   74.74939  2.71%  86.0  693s
 162889 42956   75.64850   43   86   76.83172   74.75574  2.70%  85.9  697s
 163905 43097   75.07669   36  101   76.83172   74.76053  2.70%  85.8  701s
 164857 43235 infeasible   33        76.83172   74.76555  2.69%  85.8  705s
 165770 43497   76.40529   39   64   76.83172   74.77114  2.68%  85.8  710s
 167936 43840 infeasible   40        76.83172   74.77589  2.68%  85.7  718s
 168865 44009   76.02506   36   46   76.83172   74.77944  2.67%  85.7  721s
 169828 44132 infeasible   35        76.83172   74.78331  2.67%  85.7  726s
 170724 44284   75.49076   29   64   76.83172   74.78772  2.66%  85.7  730s
 172592 44559   75.82188   36   45   76.83172   74.79847  2.65%  85.6  738s
 173482 44775   74.80403   32   67   76.83172   74.80400  2.64%  85.7  743s
 174588 44875   74.86879   35   85   76.83172   74.80746  2.63%  85.5  748s
 175452 45146   76.76167   41   83   76.83172   74.81412  2.63%  85.6  753s
 176508 45406   76.76550   56   15   76.83172   74.81955  2.62%  85.5  758s
 177759 45518     cutoff   47        76.83172   74.82200  2.62%  85.3  763s
 178726 45656   76.07510   38   60   76.83172   74.82740  2.61%  85.3  768s
 179656 45903 infeasible   45        76.83172   74.83192  2.60%  85.3  773s
 180842 45970     cutoff   31        76.83172   74.83303  2.60%  85.2  777s
 181284 46073   76.08186   31   81   76.83172   74.83494  2.60%  85.2  782s
 182364 46259 infeasible   35        76.83172   74.84067  2.59%  85.2  787s
 183364 46386   76.47743   51   22   76.83172   74.84708  2.58%  85.2  792s
 184386 46512   76.52748   31   65   76.83172   74.85310  2.58%  85.1  797s
 185275 46607   76.13484   33   49   76.83172   74.85774  2.57%  85.1  802s
 186308 46728   76.49515   38   52   76.83172   74.86592  2.56%  85.1  807s
 187201 46849   76.02006   35  120   76.83172   74.87254  2.55%  85.1  811s
 188176 47013   76.55994   36   41   76.83172   74.87915  2.54%  85.1  817s
 189199 47126   76.68287   47   81   76.83172   74.88033  2.54%  85.1  822s
 190238 47271   75.05142   38   82   76.83172   74.88637  2.53%  85.1  827s
 191129 47378   76.23928   37   90   76.83172   74.88963  2.53%  85.2  832s
 192054 47538   75.49927   28   82   76.83172   74.89394  2.52%  85.2  837s
 193060 47705   76.56162   54   40   76.83172   74.90196  2.51%  85.1  843s
 194223 47845   74.90538   23  155   76.83172   74.90538  2.51%  85.1  847s
 195034 48029   75.79814   32   73   76.83172   74.90588  2.51%  85.1  852s
 196036 48177   75.75428   46   70   76.83172   74.91113  2.50%  85.1  859s
 197275 48326   75.14299   30   76   76.83172   74.91446  2.50%  85.1  865s
 198355 48441   75.13239   36   98   76.83172   74.91972  2.49%  85.0  870s
 199221 48524     cutoff   32        76.83172   74.92509  2.48%  85.0  876s
 200288 48711   75.30999   30  122   76.83172   74.93229  2.47%  85.0  882s
 201382 48868   75.82813   37   33   76.83172   74.93325  2.47%  85.0  887s
 202456 49043   75.81306   38   83   76.83172   74.93734  2.47%  85.0  893s
 203449 49160   75.98058   36   64   76.83172   74.93968  2.46%  85.0  898s
 204589 49281 infeasible   37        76.83172   74.94286  2.46%  84.9  904s
 205612 49472   76.18913   31   97   76.83172   74.94992  2.45%  84.9  909s
 206720 49758   75.99825   47   57   76.83172   74.95473  2.44%  84.8  915s
 208001 49968   76.73742   42   39   76.83172   74.95572  2.44%  84.7  921s
 209015 50161   76.40088   45   68   76.83172   74.95949  2.44%  84.7  927s
 209943 50339     cutoff   42        76.83172   74.96328  2.43%  84.7  932s
 210951 50503   76.47268   37   35   76.83172   74.96814  2.43%  84.7  938s
 211974 50648   75.93886   38   50   76.83172   74.97131  2.42%  84.6  943s
 212921 50781   75.66719   43   50   76.83172   74.97538  2.42%  84.6  948s
 213826 50798     cutoff   48        76.83172   74.98036  2.41%  84.6  953s
H213834 50798                      76.8317200   74.98036  2.41%  84.6  953s
 214020 50943   75.79814   20   94   76.83172   74.98036  2.41%  84.6  958s
 214978 51058   75.79814   21   79   76.83172   74.98163  2.41%  84.7  963s
 215855 51194   75.79238   39  120   76.83172   74.98758  2.40%  84.7  969s
 216997 51379     cutoff   38        76.83172   74.99250  2.39%  84.7  975s
 218179 51594   75.99624   40   65   76.83172   74.99474  2.39%  84.7  981s
 219374 51737   76.37802   30   70   76.83172   74.99699  2.39%  84.6  987s
 220449 51870   75.60005   28   99   76.83172   75.00314  2.38%  84.5  993s
 221601 51979   75.62642   35  106   76.83172   75.01004  2.37%  84.5  999s
 222673 52115   76.31701   23   81   76.83172   75.01320  2.37%  84.4 1005s
 223714 52223     cutoff   53        76.83172   75.01658  2.36%  84.4 1010s
 224559 52397   75.38877   30   51   76.83172   75.02338  2.35%  84.4 1016s
 225672 52525   76.41143   44   55   76.83172   75.02471  2.35%  84.4 1022s
 226739 52622   76.65222   52   44   76.83172   75.02716  2.35%  84.4 1027s
 227747 52862   75.54641   43   69   76.83172   75.03426  2.34%  84.4 1034s
 229228 53243   75.69978   37   73   76.83172   75.03825  2.33%  84.3 1042s
 230763 53470   75.70288   34   86   76.83172   75.03825  2.33%  84.1 1049s
 232079 53816   75.23231   42   99   76.83172   75.03911  2.33%  84.1 1056s
 233420 54063     cutoff   47        76.83172   75.03911  2.33%  84.0 1063s
 234630 54376   75.18996   33   88   76.83172   75.03911  2.33%  84.0 1070s
 235854 54584   75.03911   35   63   76.83172   75.03911  2.33%  83.9 1077s
 236921 54735   75.74104   22  116   76.83172   75.03911  2.33%  83.9 1082s
 237984 54854   76.28720   40   96   76.83172   75.04281  2.33%  83.8 1088s
 239057 54960   76.63324   43   63   76.83172   75.04675  2.32%  83.8 1095s
 240114 55119   75.57532   46   63   76.83172   75.04841  2.32%  83.7 1101s
 241128 55213   75.34882   40   57   76.83172   75.05261  2.32%  83.7 1106s
 242016 55352   75.75429   35   82   76.83172   75.05643  2.31%  83.8 1112s
 243034 55491     cutoff   33        76.83172   75.05933  2.31%  83.8 1117s
 244043 55629 infeasible   33        76.83172   75.06454  2.30%  83.7 1123s
 245019 55785 infeasible   51        76.83172   75.06908  2.29%  83.7 1129s
 246131 55958   75.97981   38   66   76.83172   75.07462  2.29%  83.7 1136s
 247377 56352 infeasible   48        76.83172   75.07952  2.28%  83.6 1145s
 248902 56878   75.24297   48   49   76.83172   75.07952  2.28%  83.4 1153s
 250435 57219   76.47816   36   39   76.83172   75.07952  2.28%  83.2 1162s
 251781 57493 infeasible   42        76.83172   75.07952  2.28%  83.0 1169s
 253007 57791   75.35978   32   74   76.83172   75.07952  2.28%  82.9 1176s
*253304 57118              42      76.7860800   75.07952  2.22%  82.9 1176s
 254134 57270   76.41888   33   99   76.78608   75.07952  2.22%  82.8 1183s
 255184 57395     cutoff   45        76.78608   75.08356  2.22%  82.7 1189s
 256114 57510     cutoff   36        76.78608   75.08771  2.21%  82.7 1196s
 257113 57611 infeasible   58        76.78608   75.09091  2.21%  82.6 1203s
 258113 57727     cutoff   39        76.78608   75.09425  2.20%  82.6 1209s
 259143 57884   75.15118   38   94   76.78608   75.09779  2.20%  82.6 1216s
 260190 57952 infeasible   41        76.78608   75.10141  2.19%  82.5 1222s
 261100 58081   76.53492   40   48   76.78608   75.10518  2.19%  82.5 1229s
 262166 58249   76.53817   50   30   76.78608   75.10918  2.18%  82.5 1236s
 263142 58442     cutoff   44        76.78608   75.11199  2.18%  82.5 1242s
 264214 58630   75.78097   44   49   76.78608   75.11375  2.18%  82.4 1249s
 265228 58782 infeasible   39        76.78608   75.11375  2.18%  82.4 1255s
 266284 58861   75.72709   47   61   76.78608   75.11983  2.17%  82.3 1262s
 267291 59031   75.79884   26   89   76.78608   75.12474  2.16%  82.3 1268s
*268265 58593              61      76.7672600   75.12723  2.14%  82.3 1268s
 268310 58615   75.33430   34   92   76.76726   75.12871  2.13%  82.3 1276s
 269342 58592   76.54366   31   63   76.76726   75.13144  2.13%  82.3 1283s
 270186 58646   76.03687   43   82   76.76726   75.13448  2.13%  82.3 1291s
 271314 58669   76.64172   36   30   76.76726   75.14050  2.12%  82.3 1297s
 271735 58747   76.52072   37   33   76.76726   75.14087  2.12%  82.3 1306s
 273067 58868   76.07958   40   45   76.76726   75.14496  2.11%  82.3 1314s
 274339 58933   75.73516   38   98   76.76726   75.14960  2.11%  82.3 1323s
 275663 58949   75.98690   36   65   76.76726   75.15422  2.10%  82.3 1332s
 276841 59112   75.94429   34   77   76.76726   75.15755  2.10%  82.3 1343s
 278193 59320     cutoff   36        76.76726   75.16205  2.09%  82.3 1354s
 279615 59379   76.23477   47   42   76.76726   75.16205  2.09%  82.2 1364s
 280857 59395 infeasible   28        76.76726   75.16260  2.09%  82.2 1371s
 281885 59497   75.62748   28   92   76.76726   75.16842  2.08%  82.2 1379s
 283045 59578     cutoff   43        76.76726   75.17366  2.08%  82.2 1387s
 284148 59626   76.62083   44   63   76.76726   75.17828  2.07%  82.2 1394s
 285005 59699     cutoff   37        76.76726   75.18224  2.06%  82.2 1402s
 286113 59855   76.68778   34   35   76.76726   75.18711  2.06%  82.2 1411s
 287419 60033   76.35124   48   72   76.76726   75.19004  2.05%  82.1 1423s
 288914 60037     cutoff   43        76.76726   75.19021  2.05%  82.0 1427s
H288938 54868                      76.5582400   75.19021  1.79%  82.0 1427s
 288982 54874   75.78384   37   68   76.55824   75.19032  1.79%  82.0 1435s
 290074 54920   76.21692   40   68   76.55824   75.19278  1.78%  82.1 1444s
 291266 55080 infeasible   43        76.55824   75.19789  1.78%  82.1 1454s
 292629 55166     cutoff   30        76.55824   75.19789  1.78%  82.1 1462s
 293814 55108   76.15438   42   49   76.55824   75.19941  1.77%  82.1 1470s
 294769 55154   75.78177   46   85   76.55824   75.20541  1.77%  82.1 1478s
 295821 55149   76.35976   40   84   76.55824   75.20715  1.76%  82.1 1486s
 296795 55156   75.33780   32  113   76.55824   75.21272  1.76%  82.1 1494s
 297845 55181   75.98183   35   61   76.55824   75.21802  1.75%  82.1 1501s
 298845 55183     cutoff   33        76.55824   75.22244  1.74%  82.2 1508s
 299658 55209     cutoff   33        76.55824   75.22661  1.74%  82.2 1516s
 300856 55214   76.50652   36   58   76.55824   75.23141  1.73%  82.2 1524s
 301837 55368   75.95650   32   77   76.55824   75.23817  1.72%  82.2 1534s
 303272 55631   75.64702   42   48   76.55824   75.24297  1.72%  82.1 1546s
 304981 55850   76.26511   44   52   76.55824   75.24297  1.72%  82.0 1558s
 306476 56061   75.82538   46   45   76.55824   75.24297  1.72%  81.8 1569s
 307776 56118   76.32920   46   41   76.55824   75.24297  1.72%  81.8 1578s
 308779 56124 infeasible   46        76.55824   75.24459  1.72%  81.8 1586s
 309792 56157   76.44118   43   25   76.55824   75.24991  1.71%  81.8 1594s
 310837 56220   76.15626   46   28   76.55824   75.25262  1.71%  81.7 1603s
 312084 56276 infeasible   30        76.55824   75.25392  1.70%  81.7 1611s
 313206 56313   76.16131   43   73   76.55824   75.25882  1.70%  81.6 1621s
 314423 56322   75.71032   42   55   76.55824   75.26109  1.69%  81.6 1629s
 315311 56320   76.16190   45   59   76.55824   75.26601  1.69%  81.6 1639s
 316533 56310   76.47268   40   35   76.55824   75.26796  1.69%  81.6 1646s
 317592 56314 infeasible   36        76.55824   75.27415  1.68%  81.6 1655s
 318760 56316     cutoff   43        76.55824   75.27857  1.67%  81.6 1665s
 319978 56338   75.94326   34   83   76.55824   75.28276  1.67%  81.6 1675s
 321199 56327     cutoff   43        76.55824   75.28585  1.66%  81.6 1685s
 322236 56337 infeasible   39        76.55824   75.28849  1.66%  81.6 1693s
 323267 56347   76.28527   30   74   76.55824   75.29374  1.65%  81.6 1703s
 324572 56371   75.75722   31   97   76.55824   75.29590  1.65%  81.7 1712s
 325656 56414   75.53490   39   92   76.55824   75.30021  1.64%  81.7 1721s
 326906 56451   75.60217   19   73   76.55824   75.30374  1.64%  81.7 1729s
 327724 56411 infeasible   40        76.55824   75.30399  1.64%  81.7 1737s
 328721 56399   76.37942   43   37   76.55824   75.30856  1.63%  81.7 1746s
 329848 56378   75.68101   37   84   76.55824   75.31433  1.62%  81.7 1756s
 330881 56291   76.25738   30   72   76.55824   75.31827  1.62%  81.8 1766s
 332037 56421   75.93744   42   90   76.55824   75.32427  1.61%  81.8 1777s
 333366 56514   75.93446   35  102   76.55824   75.32712  1.61%  81.7 1787s
 334400 56550     cutoff   41        76.55824   75.32897  1.61%  81.7 1797s
 335514 56557   75.60875   43   57   76.55824   75.33406  1.60%  81.7 1807s
 336796 56656   75.34049   46   57   76.55824   75.33932  1.59%  81.7 1821s
 338467 56671 infeasible   37        76.55824   75.34049  1.59%  81.5 1830s
 339496 56674   75.79472   39   73   76.55824   75.34172  1.59%  81.5 1840s
 340572 56684 infeasible   37        76.55824   75.34520  1.58%  81.5 1848s
 341595 56609   76.51173   41   48   76.55824   75.34890  1.58%  81.5 1857s
 342532 56566   76.37912   51   63   76.55824   75.35354  1.57%  81.5 1865s
 343551 56569   76.07774   22   74   76.55824   75.35921  1.57%  81.5 1875s
 344642 56642   76.06805   37   83   76.55824   75.36283  1.56%  81.5 1886s
 345853 56741   76.05540   32   60   76.55824   75.36593  1.56%  81.4 1896s
 346977 56842   75.44189   40   64   76.55824   75.36692  1.56%  81.4 1906s
 348031 56876 infeasible   45        76.55824   75.36838  1.55%  81.5 1914s
 348850 56831   76.20011   26   76   76.55824   75.37221  1.55%  81.5 1925s
 350092 56879   76.34895   41   47   76.55824   75.37667  1.54%  81.5 1937s
 351429 56821   75.84457   43   58   76.55824   75.38111  1.54%  81.5 1948s
 352681 56797   76.53887   36   60   76.55824   75.38671  1.53%  81.5 1957s
 353838 56744   75.79411   35   64   76.55824   75.39102  1.52%  81.4 1966s
 354822 56682   75.73633   40   57   76.55824   75.39576  1.52%  81.4 1976s
 355936 56626 infeasible   46        76.55824   75.40142  1.51%  81.4 1986s
 357079 56593     cutoff   39        76.55824   75.40701  1.50%  81.4 1997s
 358188 56780   76.41283   39   78   76.55824   75.40959  1.50%  81.5 2009s
 358909 56780   75.67781   39   70   76.55824   75.40959  1.50%  81.5 2010s
 359692 56927   76.00315   39   42   76.55824   75.40965  1.50%  81.4 2022s
 361256 56870   76.23051   45   18   76.55824   75.40965  1.50%  81.4 2032s
 362385 56869     cutoff   41        76.55824   75.41579  1.49%  81.3 2039s
 362819 56873   76.49694   44   40   76.55824   75.41609  1.49%  81.3 2049s
 363860 56887     cutoff   35        76.55824   75.41886  1.49%  81.4 2056s
 364359 56660   75.98999   33   66   76.55824   75.41997  1.49%  81.4 2078s
 367060 56640 infeasible   42        76.55824   75.42664  1.48%  81.3 2090s
 368234 56529     cutoff   50        76.55824   75.43239  1.47%  81.3 2101s
 369461 56532   76.25515   23   97   76.55824   75.43727  1.46%  81.3 2110s
 370455 56532     cutoff   37        76.55824   75.44011  1.46%  81.3 2121s
 371712 56499   75.76235   35   77   76.55824   75.44515  1.45%  81.3 2132s
 372975 56475     cutoff   39        76.55824   75.44968  1.45%  81.3 2141s
 374153 56418   76.24189   44   50   76.55824   75.45298  1.44%  81.3 2150s
 375246 56373   76.06127   44   60   76.55824   75.45798  1.44%  81.3 2160s
 376369 56251   76.09501   31  101   76.55824   75.46147  1.43%  81.3 2168s
 377427 56250   76.35730   35   97   76.55824   75.46649  1.43%  81.4 2178s
 378445 56312   76.54370   40   50   76.55824   75.47151  1.42%  81.4 2189s
 379695 56361 infeasible   34        76.55824   75.47178  1.42%  81.4 2197s
 380485 56359   75.72644   47   50   76.55824   75.47178  1.42%  81.4 2207s
 381672 56311   75.91301   31   83   76.55824   75.47956  1.41%  81.4 2218s
 382923 56326 infeasible   51        76.55824   75.48475  1.40%  81.4 2230s
 384241 56266 infeasible   52        76.55824   75.48787  1.40%  81.4 2240s
 385381 56263   75.82044   33   65   76.55824   75.48962  1.40%  81.5 2249s
 386260 56477   75.51403   32   84   76.55824   75.49119  1.39%  81.6 2263s
 387961 56569   75.77224   45   54   76.55824   75.49121  1.39%  81.5 2276s
 389407 56470   76.31496   35   31   76.55824   75.49263  1.39%  81.5 2288s
 390793 56382 infeasible   39        76.55824   75.49682  1.39%  81.5 2298s
 391855 56334     cutoff   43        76.55824   75.50263  1.38%  81.5 2310s
 393213 56325   75.94325   38   85   76.55824   75.50770  1.37%  81.5 2318s
 393878 56252     cutoff   43        76.55824   75.50811  1.37%  81.5 2329s
 395167 56145   75.89266   36   69   76.55824   75.51421  1.36%  81.5 2341s
 396514 56031   76.49854   46   36   76.55824   75.51749  1.36%  81.5 2352s
 397846 55936   75.92863   36   75   76.55824   75.52474  1.35%  81.5 2363s
 399282 55857   75.60868   43   63   76.55824   75.53027  1.34%  81.5 2376s
 400754 55774   75.83069   41   50   76.55824   75.53345  1.34%  81.5 2392s
 401993 55695   76.15162   43   46   76.55824   75.53345  1.34%  81.5 2404s
 403452 55589 infeasible   27        76.55824   75.53663  1.33%  81.4 2415s
 404718 55476 infeasible   42        76.55824   75.54186  1.33%  81.4 2427s
 406042 55348   76.01759   30   98   76.55824   75.54682  1.32%  81.4 2439s
 407384 55188     cutoff   35        76.55824   75.55125  1.32%  81.4 2450s
 408479 55109   76.30935   32   41   76.55824   75.55607  1.31%  81.4 2460s
 409653 55190     cutoff   34        76.55824   75.55979  1.30%  81.4 2473s
 411286 55223   75.59925   43   67   76.55824   75.56053  1.30%  81.4 2484s
 412463 55217   76.36308   36   81   76.55824   75.56416  1.30%  81.3 2494s
 413679 55187   75.99179   39   61   76.55824   75.56711  1.29%  81.3 2505s
 414841 55122     cutoff   27        76.55824   75.56837  1.29%  81.3 2516s
H414992 55122                      76.5582400   75.56837  1.29%  81.3 2516s
 416092 55290   76.16471   40   37   76.55824   75.56992  1.29%  81.3 2527s
 417613 55552 infeasible   50        76.55824   75.57472  1.28%  81.2 2541s
 419124 55754   76.52030   55   52   76.55824   75.57472  1.28%  81.1 2554s
 420543 55920   76.11959   55   35   76.55824   75.57472  1.28%  81.1 2567s
 421768 55963     cutoff   43        76.55824   75.57472  1.28%  81.0 2580s
 422982 56002     cutoff   43        76.55824   75.57532  1.28%  81.0 2593s
 424432 56024   75.92247   32   68   76.55824   75.57764  1.28%  80.9 2605s
 425786 55967   76.05003   42   74   76.55824   75.57895  1.28%  80.9 2616s
 426831 55911   76.45235   42   36   76.55824   75.58272  1.27%  80.9 2627s
 428054 55793   76.45053   42   67   76.55824   75.58560  1.27%  80.9 2640s
 429389 55722   76.15983   39   40   76.55824   75.58925  1.27%  80.9 2651s
 430656 55610   76.39021   58   51   76.55824   75.59474  1.26%  80.9 2662s
 431873 55466   76.04369   40   60   76.55824   75.59856  1.25%  80.9 2673s
 433147 55349   75.85145   37   31   76.55824   75.60359  1.25%  80.8 2685s
 434389 55249     cutoff   39        76.55824   75.60846  1.24%  80.8 2696s
 435585 55262   75.61346   41   56   76.55824   75.61242  1.24%  80.9 2709s
 436839 55278   76.52677   33   73   76.55824   75.61346  1.23%  80.9 2723s
 438165 55489   76.36704   30   38   76.55824   75.61598  1.23%  80.9 2737s
 439560 55539   75.96019   40   45   76.55824   75.61598  1.23%  80.8 2749s
 440642 55558   76.01406   22   81   76.55824   75.61598  1.23%  80.9 2760s
 441514 55524     cutoff   44        76.55824   75.61598  1.23%  80.9 2775s
 443057 55538   75.95601   35   44   76.55824   75.61598  1.23%  80.9 2787s
 444284 55498   75.99677   34   49   76.55824   75.62130  1.22%  80.9 2801s
 445732 55382   75.62450   40   58   76.55824   75.62130  1.22%  80.9 2812s
 446866 55276   75.74846   38   51   76.55824   75.62748  1.22%  80.9 2826s
 448231 55101     cutoff   46        76.55824   75.62964  1.21%  80.9 2838s
 449433 54993 infeasible   41        76.55824   75.63393  1.21%  80.9 2851s
 450765 54887   76.14443   33   47   76.55824   75.63906  1.20%  80.8 2866s
 452303 54748   76.09968   46   44   76.55824   75.64371  1.19%  80.8 2881s
 453627 54607   76.38434   37   58   76.55824   75.64759  1.19%  80.7 2892s
 455004 54521   75.70190   42   43   76.55824   75.65291  1.18%  80.7 2901s
 455891 54484   76.16142   46   59   76.55824   75.65490  1.18%  80.8 2914s
 457273 54383   76.22824   41   64   76.55824   75.65626  1.18%  80.7 2925s
 458747 54319     cutoff   46        76.55824   75.66201  1.17%  80.7 2938s
 460171 54578 infeasible   60        76.55824   75.66638  1.16%  80.6 2954s
 462020 54783     cutoff   60        76.55824   75.66638  1.16%  80.5 2966s
 463495 54839   76.22673   56   42   76.55824   75.66638  1.16%  80.5 2975s
 463842 55037 infeasible   55        76.55824   75.66638  1.16%  80.4 2988s
 465477 55017   75.80284   36   84   76.55824   75.66638  1.16%  80.4 3000s
 466798 55055   75.67164   22   90   76.55824   75.66926  1.16%  80.4 3013s
 468188 54943   75.70147   30   94   76.55824   75.67062  1.16%  80.3 3023s
 469344 54840   76.31338   37   49   76.55824   75.67423  1.15%  80.3 3032s
 470411 54803   76.29413   40   98   76.55824   75.67423  1.15%  80.3 3041s
 471259 54745   75.87245   32   68   76.55824   75.67423  1.15%  80.4 3051s
 472437 54605   76.46240   30   80   76.55824   75.67481  1.15%  80.4 3061s
 473553 54470 infeasible   46        76.55824   75.68111  1.15%  80.4 3074s
 474831 54283   76.00413   42   36   76.55824   75.68452  1.14%  80.4 3085s
 475985 54125 infeasible   34        76.55824   75.68784  1.14%  80.4 3097s
 477378 54148 infeasible   37        76.55824   75.69339  1.13%  80.4 3109s
 477673 54148   75.69403   46   44   76.55824   75.69360  1.13%  80.4 3110s
 478624 54156 infeasible   42        76.55824   75.69403  1.13%  80.4 3119s
 479484 54209   75.69403   41   62   76.55824   75.69403  1.13%  80.4 3132s
 480977 54261     cutoff   59        76.55824   75.69403  1.13%  80.4 3145s
 482486 54289 infeasible   39        76.55824   75.69403  1.13%  80.3 3158s
 483799 54287   76.16407   49   36   76.55824   75.69403  1.13%  80.3 3172s
 485530 54205 infeasible   49        76.55824   75.69617  1.13%  80.2 3185s
 487042 54312     cutoff   47        76.55824   75.69978  1.12%  80.2 3200s
 488826 54245     cutoff   46        76.55824   75.69978  1.12%  80.1 3213s
 490147 54067 infeasible   29        76.55824   75.70064  1.12%  80.0 3223s
 491270 53901 infeasible   41        76.55824   75.70499  1.11%  80.0 3234s
 491895 53901     cutoff   38        76.55824   75.70523  1.11%  80.0 3235s
 492517 53832     cutoff   33        76.55824   75.70791  1.11%  80.0 3243s
 493295 53773   76.13859   52   72   76.55824   75.70896  1.11%  80.1 3255s
 494738 53687   76.06039   48   57   76.55824   75.71165  1.11%  80.0 3266s
 495978 53567   76.20211   38   52   76.55824   75.71504  1.10%  80.0 3280s
 497429 53413 infeasible   47        76.55824   75.71820  1.10%  80.0 3291s
 498558 53263   76.48473   29   71   76.55824   75.72160  1.09%  80.0 3303s
 499878 53246   76.05617   41   67   76.55824   75.72644  1.09%  79.9 3315s
 501003 53337 infeasible   40        76.55824   75.72715  1.09%  80.0 3327s
 502239 53419   76.26034   28   28   76.55824   75.72715  1.09%  79.9 3338s
 503219 53403   76.47880   33   54   76.55824   75.72715  1.09%  80.0 3350s
 504608 53466     cutoff   31        76.55824   75.72901  1.08%  79.9 3359s
 505492 53529     cutoff   35        76.55824   75.72991  1.08%  79.9 3376s
 507486 53325     cutoff   26        76.55824   75.73199  1.08%  79.8 3388s
 508750 53185     cutoff   45        76.55824   75.73340  1.08%  79.8 3402s
 510215 53033   75.98647   40   59   76.55824   75.73575  1.07%  79.8 3414s
 511470 52797 infeasible   44        76.55824   75.74042  1.07%  79.8 3426s
 512860 52619   76.22161   39  107   76.55824   75.74490  1.06%  79.8 3439s
 514249 52405   76.23095   41   54   76.55824   75.74985  1.06%  79.8 3450s
 515425 52247   76.47774   31   43   76.55824   75.75320  1.05%  79.8 3462s
 516740 52049     cutoff   40        76.55824   75.75768  1.05%  79.7 3472s
 517846 51899   76.15240   40   39   76.55824   75.76132  1.04%  79.8 3483s
 519282 51801   76.18166   39  101   76.55824   75.76649  1.03%  79.7 3498s
 520828 51686   76.00866   44   59   76.55824   75.76985  1.03%  79.7 3510s
 522100 51566   76.20116   45   93   76.55824   75.77224  1.03%  79.7 3522s
 523445 51382   75.84717   36  106   76.55824   75.77292  1.03%  79.7 3534s
 524731 51209     cutoff   45        76.55824   75.77897  1.02%  79.7 3545s
 525963 50988   76.46624   30  139   76.55824   75.78319  1.01%  79.7 3556s
 527181 50788   76.25379   34   97   76.55824   75.78822  1.01%  79.7 3567s
 528354 50649   76.47236   43   70   76.55824   75.79264  1.00%  79.7 3579s
 529687 50708 infeasible   32        76.55824   75.79723  0.99%  79.6 3586s
 530257 50745   75.79998   31   64   76.55824   75.79814  0.99%  79.7 3592s
 530764 50819   75.79814   34   50   76.55824   75.79814  0.99%  79.8 3600s

Cutting planes:
  Learned: 242
  Gomory: 25
  Lift-and-project: 7
  Cover: 10128
  Implied bound: 1640
  Projected implied bound: 32
  Clique: 82
  MIR: 195
  StrongCG: 114
  Flow cover: 1283
  GUB cover: 18
  Inf proof: 139
  Zero half: 90
  RLT: 374
  Relax-and-lift: 224
  BQP: 2

Explored 531537 nodes (42500453 simplex iterations) in 3600.36 seconds (1540.08 work units)
Thread count was 8 (of 24 available processors)

Solution count 10: 76.5582 76.5582 76.5582 ... 77.1651

Time limit reached
Warning: max constraint violation (1.9490e-03) exceeds tolerance
Warning: max bound violation (1.9490e-03) exceeds tolerance
         (model may be infeasible or unbounded - try turning presolve off)
Best objective 7.655823999224e+01, best bound 7.579814000000e+01, gap 0.9928%
