
Gurobi 10.0.0 (win64) logging started Sun Jan 21 07:56:24 2024

Set parameter LogFile to value "C:/Users\Administrator\Documents\BNC_Repo\BNC_Tests\10_MIP_Results\n20m3\Instance_Class3_Parts20_Machines3_Instance4_logfileChe1021.txt"
Gurobi Optimizer version 10.0.0 build v10.0.0rc2 (win64)

CPU model: AMD EPYC 7513 32-Core Processor, instruction set [SSE2|AVX|AVX2]
Thread count: 24 physical cores, 24 logical processors, using up to 8 threads

Optimize a model with 20457 rows, 3461 columns and 100651 nonzeros
Model fingerprint: 0x756ead36
Variable types: 1361 continuous, 2100 integer (2100 binary)
Coefficient statistics:
  Matrix range     [4e-06, 5e+02]
  Objective range  [1e+00, 1e+00]
  Bounds range     [1e+00, 1e+00]
  RHS range        [1e+00, 8e+02]
Presolve removed 10051 rows and 1580 columns
Presolve time: 0.55s
Presolved: 10406 rows, 1881 columns, 69799 nonzeros
Variable types: 101 continuous, 1780 integer (1720 binary)
Found heuristic solution: objective 740.5708000
Root relaxation presolved: 10406 rows, 1881 columns, 69799 nonzeros

Warning: Markowitz tolerance tightened to 0.03125
Warning: Markowitz tolerance tightened to 0.0625

Root relaxation: objective 6.540667e+01, 7208 iterations, 1.48 seconds (2.44 work units)

    Nodes    |    Current Node    |     Objective Bounds      |     Work
 Expl Unexpl |  Obj  Depth IntInf | Incumbent    BestBd   Gap | It/Node Time

     0     0   65.40667    0  159  740.57080   65.40667  91.2%     -    2s
H    0     0                     451.8296000   65.40667  85.5%     -    3s
H    0     0                     333.8450400   65.79635  80.3%     -    3s
     0     0   65.79635    0  620  333.84504   65.79635  80.3%     -    4s
     0     0   65.80062    0  601  333.84504   65.80062  80.3%     -    4s
H    0     0                     301.8014800   65.88144  78.2%     -    4s
     0     0   65.88165    0  528  301.80148   65.88165  78.2%     -    4s
     0     0   65.88166    0  508  301.80148   65.88166  78.2%     -    4s
H    0     0                     301.6045200   65.89696  78.2%     -    6s
H    0     0                     298.1347400   65.89696  77.9%     -    6s
H    0     0                     274.7353200   65.89696  76.0%     -    6s
     0     0   65.89711    0  639  274.73532   65.89711  76.0%     -    7s
     0     0   65.89905    0  588  274.73532   65.89905  76.0%     -    7s
H    0     0                     270.4137200   65.89905  75.6%     -    7s
H    0     0                     198.4353000   65.89905  66.8%     -    7s
     0     0   65.95195    0  508  198.43530   65.95195  66.8%     -    7s
     0     0   65.95195    0  224  198.43530   65.95195  66.8%     -   11s
H    0     0                     189.0764000   65.95195  65.1%     -   11s
H    0     0                     177.7609600   65.95195  62.9%     -   11s
H    0     0                     173.4736800   65.95195  62.0%     -   12s
     0     0   65.95195    0  354  173.47368   65.95195  62.0%     -   12s
H    0     0                     168.1291800   65.95195  60.8%     -   12s
     0     0   65.98535    0  478  168.12918   65.98535  60.8%     -   12s
     0     0   65.98697    0  473  168.12918   65.98697  60.8%     -   12s
     0     0   66.52508    0  537  168.12918   66.52508  60.4%     -   13s
     0     0   66.52508    0  510  168.12918   66.52508  60.4%     -   13s
H    0     0                     157.0791800   66.52508  57.6%     -   14s
H    0     0                     153.8307400   66.73987  56.6%     -   14s
H    0     0                     134.4140200   66.73987  50.3%     -   14s
     0     0   66.73987    0  412  134.41402   66.73987  50.3%     -   14s
     0     0   66.94318    0  397  134.41402   66.94318  50.2%     -   14s
     0     0   67.00026    0  419  134.41402   67.00026  50.2%     -   14s
     0     0   67.00026    0  415  134.41402   67.00026  50.2%     -   14s
     0     0   67.00026    0  411  134.41402   67.00026  50.2%     -   15s
     0     0   67.00533    0  424  134.41402   67.00533  50.2%     -   15s
     0     0   67.01350    0  422  134.41402   67.01350  50.1%     -   15s
H    0     0                      99.5920000   67.10221  32.6%     -   15s
     0     0   67.14221    0  369   99.59200   67.14221  32.6%     -   16s
H    0     0                      97.9615400   67.14221  31.5%     -   16s
     0     0   67.14221    0  354   97.96154   67.14221  31.5%     -   16s
     0     0   67.14221    0  335   97.96154   67.14221  31.5%     -   16s
     0     0   67.14221    0  370   97.96154   67.14221  31.5%     -   16s
     0     0   67.14221    0  372   97.96154   67.14221  31.5%     -   16s
     0     0   67.14221    0  355   97.96154   67.14221  31.5%     -   16s
     0     0   67.14221    0  349   97.96154   67.14221  31.5%     -   16s
     0     0   67.25423    0  279   97.96154   67.25423  31.3%     -   17s
     0     0   67.29363    0  280   97.96154   67.29363  31.3%     -   17s
     0     0   67.36158    0  388   97.96154   67.36158  31.2%     -   17s
     0     0   67.36158    0  279   97.96154   67.36158  31.2%     -   17s
     0     0   67.38396    0  266   97.96154   67.38396  31.2%     -   17s
     0     0   67.43648    0  284   97.96154   67.43648  31.2%     -   18s
     0     0   67.43648    0  234   97.96154   67.43648  31.2%     -   18s
H    0     0                      89.2838800   67.43648  24.5%     -   21s
     0     0   67.43648    0  243   89.28388   67.43648  24.5%     -   22s
     0     0   67.43648    0  261   89.28388   67.43648  24.5%     -   23s
     0     0   67.43648    0  392   89.28388   67.43648  24.5%     -   24s
H    0     0                      85.8191600   67.49855  21.3%     -   25s
H    0     0                      83.2916800   67.49855  19.0%     -   25s
H    0     0                      79.2434800   67.49855  14.8%     -   25s
     0     0   67.49855    0  301   79.24348   67.49855  14.8%     -   25s
     0     0   67.57177    0  241   79.24348   67.57177  14.7%     -   25s
     0     0   67.57197    0  243   79.24348   67.57197  14.7%     -   25s
     0     0   67.57197    0  245   79.24348   67.57197  14.7%     -   25s
     0     0   67.57197    0  243   79.24348   67.57197  14.7%     -   25s
     0     0   67.57197    0  242   79.24348   67.57197  14.7%     -   25s
     0     0   67.57197    0  242   79.24348   67.57197  14.7%     -   25s
     0     0   67.79190    0  302   79.24348   67.79190  14.5%     -   26s
     0     0   67.79190    0  299   79.24348   67.79190  14.5%     -   26s
     0     0   67.81229    0  271   79.24348   67.81229  14.4%     -   26s
H    0     0                      78.4469200   67.81694  13.6%     -   26s
     0     0   67.81694    0  269   78.44692   67.81694  13.6%     -   26s
     0     0   67.91991    0  283   78.44692   67.91991  13.4%     -   27s
     0     0   67.92152    0  237   78.44692   67.92152  13.4%     -   27s
     0     2   67.92152    0  220   78.44692   67.92152  13.4%     -   30s
H   65    69                      77.7193000   67.92152  12.6%   627   32s
H  108   110                      76.1524800   67.92152  10.8%   548   33s
   270   185   70.50209   19  160   76.15248   67.92152  10.8%   387   35s
   790   579   69.93563   18   78   76.15248   67.92152  10.8%   282   40s
  1017   678   73.09322    9  177   76.15248   67.95091  10.8%   269   45s
  1471   901   70.83143   19  508   76.15248   68.34325  10.3%   259   55s
  1484   910   74.59035   25  192   76.15248   68.34325  10.3%   257   60s
  1796  1020   68.97521   15  206   76.15248   68.34325  10.3%   262   65s
  2466  1116   69.56327   18  139   76.15248   68.67029  9.83%   249   72s
  3022  1305   70.19114   21  120   76.15248   68.93176  9.48%   242   75s
  4198  1475   72.33656   30   87   76.15248   69.53994  8.68%   233   80s
  5617  2019   71.71622   23   80   76.15248   69.53994  8.68%   230   85s
H 6299  2225                      76.1360600   69.53994  8.66%   232   89s
  6301  2352   71.37539   21  133   76.13606   69.53994  8.66%   232   90s
  7827  2951   75.23994   20  142   76.13606   69.78258  8.34%   225   95s
  9263  3597   70.00562   27  180   76.13606   69.90622  8.18%   220  100s
H10628  4104                      76.0860800   70.00363  7.99%   216  104s
 10981  4340   70.21282   24  101   76.08608   70.03641  7.95%   215  106s
 12030  4879   75.55036   43   68   76.08608   70.11080  7.85%   212  110s
 13857  5724   71.17184   24  126   76.08608   70.19917  7.74%   207  115s
 15756  6378   72.74631   29   86   76.08608   70.31585  7.58%   203  121s
*16521  6140              68      75.3423400   70.35972  6.61%   200  123s
 17462  6351   73.37536   40   50   75.34234   70.40504  6.55%   199  125s
 18364  6845 infeasible   29        75.34234   70.47291  6.46%   198  130s
 19623  7373 infeasible   28        75.34234   70.56865  6.34%   197  136s
 21212  7887   71.52928   22  110   75.34234   70.63103  6.25%   196  142s
 22051  8177   72.66098   25  122   75.34234   70.67329  6.20%   195  146s
 23049  8423 infeasible   25        75.34234   70.76243  6.08%   193  151s
 24830  9169   70.95851   21  160   75.34234   70.83869  5.98%   190  158s
 25598  9584   72.70133   32   59   75.34234   70.87236  5.93%   190  161s
 26663  9855   72.14199   25   67   75.34234   70.90611  5.89%   188  165s
 27814 10115 infeasible   35        75.34234   70.93799  5.85%   186  171s
 29061 10404 infeasible   38        75.34234   70.93799  5.85%   183  175s
 30078 10411   74.69400   20  107   75.34234   70.96967  5.80%   182  182s
H30083  8634                      74.6038200   70.96967  4.87%   182  182s
H30098  7445                      74.0423400   70.96967  4.15%   182  182s
 30124  7582     cutoff   22        74.04234   70.99454  4.12%   182  185s
 31965  8114   71.87951   28  112   74.04234   71.06374  4.02%   182  193s
 33022  8317   72.70679   26  106   74.04234   71.06374  4.02%   181  196s
 33941  8497   72.58994   37   79   74.04234   71.08499  3.99%   181  200s
 35861  8939   71.17459   28   97   74.04234   71.13676  3.92%   180  207s
 36755  9133   73.61924   31   43   74.04234   71.16521  3.89%   180  210s
 38583  9398 infeasible   29        74.04234   71.23118  3.80%   179  217s
 39111  9618 infeasible   36        74.04234   71.25151  3.77%   179  221s
 41119 10028 infeasible   32        74.04234   71.31911  3.68%   178  227s
 41972 10312   73.89705   34   59   74.04234   71.35431  3.63%   178  231s
 42981 10575   73.35595   30   79   74.04234   71.37431  3.60%   177  235s
 44042 10757   72.88825   35   55   74.04234   71.37475  3.60%   177  240s
 46069 11048 infeasible   32        74.04234   71.44107  3.51%   175  246s
 47701 11449 infeasible   31        74.04234   71.46801  3.48%   174  253s
 48561 11628   73.26474   35   38   74.04234   71.46801  3.48%   174  256s
 50303 12070   72.32760   33   71   74.04234   71.51630  3.41%   173  263s
 51363 12354     cutoff   34        74.04234   71.51746  3.41%   172  267s
 52379 12571   73.21628   46   62   74.04234   71.51746  3.41%   171  270s
 54394 12997   72.63191   33   94   74.04234   71.52844  3.40%   170  277s
 55193 13148   72.66616   37   71   74.04234   71.53987  3.38%   169  280s
 56901 13429     cutoff   44        74.04234   71.55396  3.36%   169  287s
 57823 13677 infeasible   46        74.04234   71.56007  3.35%   169  291s
 58819 13861 infeasible   47        74.04234   71.56574  3.34%   168  296s
 60831 14150   72.85782   47   54   74.04234   71.57998  3.33%   167  303s
 61712 14361 infeasible   41        74.04234   71.59097  3.31%   166  306s
 62641 14549   73.27348   33   66   74.04234   71.59864  3.30%   166  310s
 64611 15052   71.76538   36  102   74.04234   71.61403  3.28%   165  319s
 65732 15218   71.86716   35  106   74.04234   71.61403  3.28%   165  323s
 66559 15454   72.73382   41   49   74.04234   71.61561  3.28%   164  327s
 67520 15602 infeasible   48        74.04234   71.62530  3.26%   164  330s
 69400 16017   72.51130   35   61   74.04234   71.64201  3.24%   163  337s
 70416 16143 infeasible   54        74.04234   71.64993  3.23%   163  341s
 71266 16327   72.30596   31  119   74.04234   71.66232  3.21%   162  345s
 73170 16792   73.65365   36   60   74.04234   71.66811  3.21%   162  353s
 74070 16922   73.00779   36   69   74.04234   71.66811  3.21%   162  357s
 74968 17095   72.19817   28   92   74.04234   71.67770  3.19%   162  361s
 75998 17264   73.73668   37   47   74.04234   71.68704  3.18%   162  366s
 77081 17457 infeasible   48        74.04234   71.69524  3.17%   161  370s
 79152 17797   72.07466   30  113   74.04234   71.71116  3.15%   161  377s
 79917 17916   73.36922   34   44   74.04234   71.71719  3.14%   161  381s
 80757 18062   73.69936   29   67   74.04234   71.72980  3.12%   160  385s
 82560 18315   73.01089   31  118   74.04234   71.74112  3.11%   160  393s
 83445 18423   73.19994   36   68   74.04234   71.75224  3.09%   160  398s
 84481 18551   72.55300   38   75   74.04234   71.76214  3.08%   159  402s
 85389 18687   72.45857   32   73   74.04234   71.76563  3.07%   159  407s
 86414 18780     cutoff   41        74.04234   71.76881  3.07%   159  410s
 87146 18833   71.78622   37   70   74.04234   71.78544  3.05%   159  415s
 88639 18991   73.27389   42   58   74.04234   71.79695  3.03%   159  423s
 89492 19136   73.12568   45   67   74.04234   71.81279  3.01%   159  428s
 90589 19223   72.73161   27   53   74.04234   71.81603  3.01%   159  432s
 91512 19300   73.57560   32  107   74.04234   71.82761  2.99%   159  437s
 92383 19374   72.40722   38   79   74.04234   71.83307  2.98%   159  441s
 92919 19491   73.18410   24  100   74.04234   71.83307  2.98%   159  447s
 93872 19536 infeasible   37        74.04234   71.85221  2.96%   158  452s
 94694 19770 infeasible   48        74.04234   71.86619  2.94%   158  458s
 95871 19898   71.87253   34   70   74.04234   71.86619  2.94%   158  464s
 96735 20091   72.57450   36   54   74.04234   71.86619  2.94%   158  470s
 97592 20176   72.98866   30   94   74.04234   71.87253  2.93%   158  475s
 98462 20347   72.49361   31   77   74.04234   71.87370  2.93%   159  481s
 99457 20491   72.74031   49   46   74.04234   71.88135  2.92%   158  487s
 100467 20670 infeasible   43        74.04234   71.88135  2.92%   158  494s
 101558 20754   73.98871   50   83   74.04234   71.88135  2.92%   158  502s
 101890 20868     cutoff   51        74.04234   71.88645  2.91%   158  508s
 102898 20999   72.43292   29   90   74.04234   71.90475  2.89%   158  514s
 103805 21146 infeasible   38        74.04234   71.91859  2.87%   158  520s
 105624 21346   73.08971   41   67   74.04234   71.93352  2.85%   157  531s
 106514 21410 infeasible   51        74.04234   71.93983  2.84%   157  537s
 107367 21462   72.08036   27  111   74.04234   71.94621  2.83%   157  543s
 108174 21515   72.92058   38   76   74.04234   71.95315  2.82%   157  548s
 108982 21600 infeasible   44        74.04234   71.96684  2.80%   157  554s
 109919 21731   72.28146   31  132   74.04234   71.98157  2.78%   157  559s
 110417 21731     cutoff   34        74.04234   71.98298  2.78%   157  560s
 110917 21821   72.41213   35   90   74.04234   71.99541  2.76%   157  566s
 111818 21913     cutoff   41        74.04234   72.00750  2.75%   157  571s
 112680 22052   72.39243   30   66   74.04234   72.01812  2.73%   157  577s
 113673 22122   73.08215   38   46   74.04234   72.03075  2.72%   157  583s
 114543 22238 infeasible   43        74.04234   72.04747  2.69%   156  590s
 115576 22295   72.84597   35   76   74.04234   72.05334  2.69%   156  596s
 116382 22316   73.40161   28   97   74.04234   72.06718  2.67%   156  601s
 117216 22401   73.51339   29   69   74.04234   72.07793  2.65%   156  607s
 118031 22541 infeasible   33        74.04234   72.09375  2.63%   156  613s
 119026 22580   73.58512   40   91   74.04234   72.10419  2.62%   156  619s
 119881 22673   73.71949   28   87   74.04234   72.10626  2.61%   156  625s
 120841 22732 infeasible   43        74.04234   72.12408  2.59%   156  630s
 121258 22842   73.73118   35   80   74.04234   72.12638  2.59%   156  636s
 122318 22980   72.47180   28   97   74.04234   72.14263  2.57%   156  643s
 123522 23092     cutoff   46        74.04234   72.14636  2.56%   156  649s
 124638 23182   72.85782   47   44   74.04234   72.15906  2.54%   156  655s
 125519 23229 infeasible   44        74.04234   72.17069  2.53%   155  661s
 126479 23339   73.10060   23   87   74.04234   72.18555  2.51%   155  667s
 127507 23427   73.03405   34   82   74.04234   72.19730  2.49%   155  673s
 128411 23456 infeasible   43        74.04234   72.20751  2.48%   155  678s
 129301 23547   73.92752   30   55   74.04234   72.21837  2.46%   155  684s
 129999 23547     cutoff   40        74.04234   72.21958  2.46%   155  685s
 130304 23664   73.76300   46   30   74.04234   72.23039  2.45%   155  691s
 131288 23819   72.85782   30   71   74.04234   72.23715  2.44%   155  698s
 132432 23909   72.36681   40   41   74.04234   72.24294  2.43%   154  704s
 133158 23909 infeasible   46        74.04234   72.24294  2.43%   154  705s
 133397 23986     cutoff   42        74.04234   72.24640  2.43%   154  711s
 134344 24043 infeasible   31        74.04234   72.25700  2.41%   154  717s
 135280 24125   73.26888   37   62   74.04234   72.26581  2.40%   154  723s
 136242 24147   73.67863   41   47   74.04234   72.27689  2.38%   154  729s
 137211 24211   72.72726   31   61   74.04234   72.28834  2.37%   154  735s
 138073 24297   72.32058   35   45   74.04234   72.29443  2.36%   154  740s
 138906 24359 infeasible   45        74.04234   72.29798  2.36%   154  746s
 139802 24444 infeasible   40        74.04234   72.31027  2.34%   154  752s
 140757 24495   72.75241   26   98   74.04234   72.31773  2.33%   154  757s
 141581 24538   73.48362   40   58   74.04234   72.32058  2.33%   154  763s
 142563 24633   73.15624   34   37   74.04234   72.32264  2.32%   153  768s
 143488 24721   73.76546   42   79   74.04234   72.33313  2.31%   153  774s
 144345 24783   73.21903   31   76   74.04234   72.34193  2.30%   153  781s
 145223 24878   73.41778   36   83   74.04234   72.34414  2.29%   153  787s
 146043 24989   73.83378   34   90   74.04234   72.34414  2.29%   154  794s
 146820 25051   72.49017   35   65   74.04234   72.34414  2.29%   154  799s
 146994 25051 infeasible   30        74.04234   72.34414  2.29%   154  800s
 147741 25087   73.30892   31   93   74.04234   72.34598  2.29%   154  805s
 148667 25195   72.84012   34  106   74.04234   72.35787  2.28%   154  812s
 149665 25252   73.05039   33   56   74.04234   72.36495  2.27%   154  819s
 150628 25427   72.53794   40   62   74.04234   72.36968  2.26%   154  827s
 151996 25693 infeasible   50        74.04234   72.37641  2.25%   153  834s
 153344 25762   72.88295   35   68   74.04234   72.37641  2.25%   153  840s
 154134 25851   72.82924   29   65   74.04234   72.38291  2.24%   153  846s
 155001 25892   73.31629   46   33   74.04234   72.38929  2.23%   152  852s
 155784 25950   73.03738   38   40   74.04234   72.39243  2.23%   152  858s
 156610 25975 infeasible   44        74.04234   72.39359  2.23%   153  864s
 157547 26075   72.90410   34   37   74.04234   72.39772  2.22%   152  870s
 158466 26129   73.55997   31   52   74.04234   72.40473  2.21%   152  878s
 159526 26250   72.67068   34   65   74.04234   72.41082  2.20%   152  884s
 160491 26281     cutoff   31        74.04234   72.41582  2.20%   152  890s
 161357 26408   72.65890   39   70   74.04234   72.41716  2.19%   152  897s
 162404 26431   73.05039   46   35   74.04234   72.42305  2.19%   152  903s
 162819 26537   72.76564   42   65   74.04234   72.42470  2.18%   152  909s
 163838 26730 infeasible   42        74.04234   72.43134  2.18%   151  917s
 164878 26796   73.56631   42   42   74.04234   72.43376  2.17%   151  923s
 165823 26814   73.37985   37   57   74.04234   72.44702  2.15%   151  929s
 166167 26814   72.86399   45   59   74.04234   72.44801  2.15%   151  930s
 166746 26875   73.05039   42   46   74.04234   72.45387  2.15%   151  936s
 167661 26926   73.34700   29   34   74.04234   72.45659  2.14%   151  942s
 168593 26921 infeasible   41        74.04234   72.46450  2.13%   151  948s
 169457 27069 infeasible   32        74.04234   72.46960  2.12%   151  954s
 170348 27069 infeasible   39        74.04234   72.47103  2.12%   150  955s
 170628 27282   73.15624   31   37   74.04234   72.47299  2.12%   150  961s
 172002 27309   73.16620   43   77   74.04234   72.47410  2.12%   150  967s
 172834 27345   74.02636   41   31   74.04234   72.47728  2.11%   150  973s
 173762 27346     cutoff   24        74.04234   72.48571  2.10%   150  979s
 174615 27439   72.49160   30  142   74.04234   72.49017  2.10%   150  986s
 175552 27501   73.31629   41   52   74.04234   72.49773  2.09%   150  992s
 176492 27560   73.56158   39   60   74.04234   72.50419  2.08%   150  998s
 177368 27703 infeasible   30        74.04234   72.50916  2.07%   150 1005s
 178324 27736   72.86216   39   53   74.04234   72.51636  2.06%   149 1013s
 179444 27846   73.21042   37   62   74.04234   72.52128  2.05%   149 1022s
 180551 27901   73.22984   35   58   74.04234   72.52327  2.05%   149 1028s
 181435 27968 infeasible   45        74.04234   72.52706  2.05%   149 1034s
 182302 28021   72.61546   39   78   74.04234   72.53317  2.04%   149 1041s
 183335 28040   73.74403   31   53   74.04234   72.53846  2.03%   149 1048s
 184270 28198   72.75533   43   79   74.04234   72.54421  2.02%   149 1057s
 185517 28474 infeasible   38        74.04234   72.55063  2.01%   149 1067s
 186836 28659     cutoff   34        74.04234   72.55063  2.01%   148 1076s
 187877 28687   73.45248   40   79   74.04234   72.55063  2.01%   148 1083s
 188776 28789   73.23637   36   76   74.04234   72.55749  2.01%   148 1091s
 189844 28885   72.78036   37   79   74.04234   72.56058  2.00%   148 1098s
 190776 29003   72.56318   40   70   74.04234   72.56318  2.00%   149 1108s
 191860 29051   73.49195   35   64   74.04234   72.56318  2.00%   148 1117s
 192998 29125   73.07922   33   70   74.04234   72.56318  2.00%   148 1125s
 194146 29149   73.47541   49   79   74.04234   72.56318  2.00%   148 1133s
 195052 29141   73.75701   39   59   74.04234   72.57298  1.98%   148 1140s
 195964 29148   72.59256   34  111   74.04234   72.57599  1.98%   148 1148s
 196931 29191   72.94244   31   58   74.04234   72.58080  1.97%   148 1157s
 198039 29259   72.58855   35  112   74.04234   72.58768  1.96%   148 1164s
 199168 29308 infeasible   41        74.04234   72.59368  1.96%   148 1171s
 200159 29369     cutoff   53        74.04234   72.60007  1.95%   148 1179s
 201280 29411   73.20917   36   48   74.04234   72.60539  1.94%   148 1186s
 202328 29449     cutoff   41        74.04234   72.60893  1.94%   148 1195s
 203408 29463   72.91871   29  122   74.04234   72.61351  1.93%   148 1202s
 204292 29487   73.91508   34   51   74.04234   72.61351  1.93%   148 1210s
 205309 29479   72.64222   47   87   74.04234   72.61660  1.93%   147 1217s
H205722 29479                      74.0423400   72.61691  1.93%   147 1217s
 206154 29479   73.82328   43   80   74.04234   72.62409  1.92%   147 1223s
 206730 29467   73.92180   32   27   74.04234   72.62694  1.91%   147 1231s
 207698 29447   73.63687   36   56   74.04234   72.63426  1.90%   147 1238s
 208491 29458 infeasible   43        74.04234   72.63974  1.89%   147 1246s
 209423 29629   73.16454   29   94   74.04234   72.64630  1.89%   147 1255s
 210607 29616   73.05762   38   77   74.04234   72.65151  1.88%   147 1263s
 211567 29618   72.89146   28   82   74.04234   72.65751  1.87%   147 1269s
 211913 29647   72.89335   29   80   74.04234   72.65792  1.87%   147 1277s
 213102 29616   73.75919   40   30   74.04234   72.66730  1.86%   147 1286s
 214299 29560   73.92633   40   88   74.04234   72.67493  1.85%   147 1295s
 215172 29510     cutoff   42        74.04234   72.67790  1.84%   147 1303s
 216276 29704   73.66556   45   43   74.04234   72.68593  1.83%   147 1313s
 217434 29797   72.89459   41   97   74.04234   72.68860  1.83%   147 1320s
 218389 29795     cutoff   42        74.04234   72.69107  1.82%   147 1328s
 219324 29797   73.36909   42   48   74.04234   72.69353  1.82%   147 1336s
 220217 29808 infeasible   34        74.04234   72.70172  1.81%   147 1344s
 220368 29808   73.05039   42   65   74.04234   72.70172  1.81%   147 1345s
 221355 29734   73.75011   33   57   74.04234   72.70855  1.80%   147 1351s
 222131 29708   73.48394   38   73   74.04234   72.71548  1.79%   147 1360s
 223192 29673     cutoff   40        74.04234   72.72454  1.78%   147 1372s
 224308 29731   73.95520   46   40   74.04234   72.72582  1.78%   147 1382s
 225433 29782   73.60926   37   99   74.04234   72.73161  1.77%   147 1392s
 226586 29798   73.51281   48   67   74.04234   72.73466  1.77%   147 1400s
 227474 29765 infeasible   42        74.04234   72.73808  1.76%   146 1408s
 228514 29723   73.58207   39   37   74.04234   72.74492  1.75%   146 1417s
 229492 29671   73.69927   29   31   74.04234   72.74939  1.75%   146 1427s
 230626 29614 infeasible   37        74.04234   72.75259  1.74%   146 1435s
 231548 29585   73.16065   40   74   74.04234   72.75563  1.74%   146 1444s
 232423 29480     cutoff   30        74.04234   72.76264  1.73%   146 1452s
 233208 29464   73.50008   45   57   74.04234   72.76853  1.72%   146 1462s
 234221 29465   72.77411   45   47   74.04234   72.77411  1.71%   146 1473s
 235304 29413   73.47624   44   39   74.04234   72.77411  1.71%   146 1482s
 235875 29373 infeasible   42        74.04234   72.77411  1.71%   146 1491s
 236795 29348   73.40853   28   91   74.04234   72.78670  1.70%   146 1500s
 237815 29204     cutoff   49        74.04234   72.79373  1.69%   146 1511s
 238795 29170 infeasible   38        74.04234   72.79883  1.68%   146 1524s
 240000 29136   73.68551   35   64   74.04234   72.79883  1.68%   146 1534s
 241101 29121 infeasible   36        74.04234   72.80765  1.67%   146 1545s
 242320 29059   73.77708   29   36   74.04234   72.81332  1.66%   146 1554s
 243359 28918   72.86292   29   58   74.04234   72.82124  1.65%   146 1564s
 244293 28898   73.40627   41   51   74.04234   72.82648  1.64%   146 1575s
 245452 28877 infeasible   38        74.04234   72.83118  1.64%   145 1585s
 246551 29002   73.60603   39   54   74.04234   72.83967  1.62%   145 1600s
 248025 28992   73.36835   42   68   74.04234   72.83982  1.62%   145 1611s
 249105 29013   73.52804   45   47   74.04234   72.83982  1.62%   145 1621s
 250140 29075   73.47368   49   48   74.04234   72.83982  1.62%   145 1634s
 250547 29075     cutoff   40        74.04234   72.83982  1.62%   145 1635s
 251545 28965   73.42210   53   56   74.04234   72.84028  1.62%   145 1645s
 252602 28951 infeasible   39        74.04234   72.84453  1.62%   146 1657s
 254193 28850   73.02971   37  100   74.04234   72.84712  1.61%   145 1666s
 255290 28759   73.95991   34   82   74.04234   72.85340  1.61%   145 1678s
 256662 28751 infeasible   39        74.04234   72.85358  1.61%   145 1687s
 256984 28703     cutoff   38        74.04234   72.85489  1.60%   145 1696s
 257722 28699   73.63746   41   86   74.04234   72.85782  1.60%   145 1707s
 258736 28668 infeasible   44        74.04234   72.85782  1.60%   145 1719s
 259095 28668   72.85782   43   51   74.04234   72.85782  1.60%   145 1720s
 260002 28693   72.85782   35   65   74.04234   72.85782  1.60%   145 1733s
 261331 28709   73.66527   44   60   74.04234   72.85782  1.60%   145 1746s
 262619 28756 infeasible   27        74.04234   72.85782  1.60%   145 1758s
 263949 28747   72.99791   37   92   74.04234   72.85782  1.60%   145 1766s
 264638 28755   73.12461   38  108   74.04234   72.85782  1.60%   146 1778s
 265904 28600   73.64955   35   57   74.04234   72.85782  1.60%   146 1791s
 267281 28526   73.21600   39   68   74.04234   72.86683  1.59%   146 1810s
 269354 28461   73.95649   34   39   74.04234   72.87192  1.58%   146 1822s
 270529 28412   73.60428   35   95   74.04234   72.87659  1.57%   146 1833s
 271929 28402     cutoff   46        74.04234   72.88395  1.56%   145 1844s
 273204 28402     cutoff   40        74.04234   72.89034  1.56%   145 1855s
 274595 28199   73.71086   36   82   74.04234   72.89770  1.55%   145 1869s
 276172 28027 infeasible   38        74.04234   72.89902  1.54%   145 1881s
 277430 27963   73.36909   48   64   74.04234   72.89906  1.54%   145 1891s
 278558 27870 infeasible   43        74.04234   72.90458  1.54%   145 1902s
 279641 27807 infeasible   45        74.04234   72.91110  1.53%   145 1912s
 280780 27670     cutoff   39        74.04234   72.92013  1.52%   145 1922s
 281965 27561   73.32136   34   43   74.04234   72.92829  1.50%   145 1933s
 283196 27454   73.56365   36   56   74.04234   72.93447  1.50%   145 1942s
 284052 27358     cutoff   45        74.04234   72.94368  1.48%   145 1952s
 285080 27324   73.81339   42   37   74.04234   72.95195  1.47%   145 1964s
 286472 27226   73.84556   35   58   74.04234   72.95820  1.46%   145 1972s
 287394 27140     cutoff   37        74.04234   72.96043  1.46%   145 1981s
 288405 27074   72.98285   30   89   74.04234   72.97102  1.45%   145 1991s
 289543 27080 infeasible   29        74.04234   72.98190  1.43%   145 2003s
 290659 26990   73.09710   37   79   74.04234   72.98412  1.43%   145 2013s
 291724 26920   73.22946   43   54   74.04234   72.98500  1.43%   145 2023s
 292844 26791     cutoff   26        74.04234   72.99242  1.42%   145 2033s
 294002 26677 infeasible   46        74.04234   73.00071  1.41%   144 2043s
 294523 26475     cutoff   37        74.04234   73.00333  1.40%   144 2052s
 295491 26419   73.43562   45   46   74.04234   73.01058  1.39%   144 2062s
 296662 26296   73.41127   32   85   74.04234   73.01711  1.38%   144 2070s
 297371 26184   73.69927   35   25   74.04234   73.02534  1.37%   144 2079s
 298406 26155     cutoff   40        74.04234   73.03578  1.36%   144 2088s
 299266 26085   73.31242   45   60   74.04234   73.03578  1.36%   144 2098s
 300461 26057 infeasible   47        74.04234   73.04197  1.35%   144 2109s
 301826 26054   73.20917   40   29   74.04234   73.04912  1.34%   144 2126s
 303706 26036   73.05039   45   51   74.04234   73.05039  1.34%   144 2140s
 305215 25957   73.60720   36   43   74.04234   73.05039  1.34%   144 2150s
 306262 25972   73.10331   47   32   74.04234   73.05039  1.34%   144 2162s
 307682 25936 infeasible   40        74.04234   73.05039  1.34%   143 2169s
 308229 25772   73.87608   43   59   74.04234   73.05039  1.34%   143 2179s
 309146 25623   73.47852   42   73   74.04234   73.05595  1.33%   143 2188s
 310063 25507 infeasible   49        74.04234   73.06414  1.32%   143 2200s
 311281 25352 infeasible   42        74.04234   73.06669  1.32%   143 2209s
 312046 25263   73.78262   35   67   74.04234   73.07729  1.30%   143 2217s
 312847 25149     cutoff   36        74.04234   73.07940  1.30%   143 2228s
 313935 25054   73.53414   31   39   74.04234   73.08511  1.29%   143 2234s
 314375 24975   73.94159   27   78   74.04234   73.08882  1.29%   144 2237s
 314685 24863   73.46601   26   68   74.04234   73.08882  1.29%   144 2244s
 315301 24772     cutoff   45        74.04234   73.08882  1.29%   144 2253s
 316169 24605 infeasible   30        74.04234   73.09044  1.29%   144 2263s
 317089 24492   73.64448   46   15   74.04234   73.10331  1.27%   144 2291s
 319621 24467 infeasible   39        74.04234   73.10331  1.27%   143 2315s
 321683 24354   73.62674   44   48   74.04234   73.10331  1.27%   143 2328s
 322868 24236     cutoff   41        74.04234   73.10694  1.26%   143 2337s
 323870 24110 infeasible   48        74.04234   73.11343  1.25%   143 2344s
 324571 23933   73.90874   31   74   74.04234   73.11935  1.25%   143 2353s
 325538 23728     cutoff   47        74.04234   73.12762  1.24%   143 2367s
 326853 23690   73.49657   36   43   74.04234   73.13041  1.23%   143 2384s
 328624 23565   73.44924   43   53   74.04234   73.13041  1.23%   142 2395s
 329480 23463   73.83082   33   63   74.04234   73.13041  1.23%   142 2403s
 330286 23358   73.47323   34   61   74.04234   73.14513  1.21%   142 2413s
 331364 23056 infeasible   37        74.04234   73.14952  1.21%   142 2426s
 332485 22919   73.68096   46   84   74.04234   73.15624  1.20%   142 2446s
 334200 22802   73.19901   38   77   74.04234   73.15624  1.20%   142 2465s
 335790 22655   73.31629   38   24   74.04234   73.15624  1.20%   142 2481s
 337186 22474 infeasible   42        74.04234   73.15624  1.20%   142 2490s
 338038 22308   73.27927   33   52   74.04234   73.16309  1.19%   142 2499s
 338834 22102     cutoff   37        74.04234   73.17201  1.18%   142 2508s
 339726 21947     cutoff   26        74.04234   73.17712  1.17%   142 2517s
 340715 21795   73.21065   33   55   74.04234   73.18613  1.16%   142 2527s
 341543 21732 infeasible   40        74.04234   73.19063  1.15%   142 2536s
 342576 21532   73.95141   36   44   74.04234   73.19875  1.14%   142 2545s
 343509 21248   73.20917   45   46   74.04234   73.20720  1.13%   142 2567s
 345381 20940   73.72821   57   49   74.04234   73.20917  1.13%   141 2587s
 346727 20698   73.36922   31   48   74.04234   73.20917  1.13%   141 2609s
 348578 20524   73.20917   41   59   74.04234   73.20917  1.13%   141 2628s
 350240 20333   73.20917   41   47   74.04234   73.20917  1.13%   141 2640s
 351234 20098   73.36922   39   49   74.04234   73.20917  1.13%   141 2650s
 352119 19931   73.67509   41   29   74.04234   73.21144  1.12%   141 2661s
 353153 19748   73.59914   48   54   74.04234   73.21826  1.11%   141 2671s
 354146 19563 infeasible   50        74.04234   73.22331  1.11%   141 2679s
 354979 19342   73.29196   43  129   74.04234   73.23046  1.10%   141 2691s
 356071 19125   73.46525   47   79   74.04234   73.23627  1.09%   141 2701s
 357057 18911     cutoff   40        74.04234   73.24192  1.08%   141 2709s
 357861 18714     cutoff   51        74.04234   73.25107  1.07%   141 2718s
 358596 18567 infeasible   37        74.04234   73.25913  1.06%   141 2728s
 359249 18273 infeasible   35        74.04234   73.26008  1.06%   141 2741s
 360260 18040   73.34715   33   69   74.04234   73.26824  1.05%   141 2752s
 361212 17809   73.42688   39   88   74.04234   73.27693  1.03%   141 2761s
 362196 17489 infeasible   39        74.04234   73.28762  1.02%   141 2783s
 364126 17271     cutoff   42        74.04234   73.29046  1.02%   140 2796s
 364986 17122   73.48060   31  118   74.04234   73.29927  1.00%   141 2809s
 366265 16859   73.94439   44   85   74.04234   73.30498  1.00%   140 2821s
 367198 16431 infeasible   52        74.04234   73.31502  0.98%   140 2840s
 368490 16194 infeasible   47        74.04234   73.31629  0.98%   140 2854s
 369697 15964     cutoff   37        74.04234   73.32458  0.97%   140 2865s
 370764 15636     cutoff   58        74.04234   73.33568  0.95%   140 2878s
 371831 15390   73.39992   37   60   74.04234   73.34630  0.94%   140 2893s
 372834 15193   73.57002   31   89   74.04234   73.34827  0.94%   140 2904s
 373676 14926 infeasible   38        74.04234   73.35859  0.92%   140 2913s
 374509 14480   73.39946   48   76   74.04234   73.36829  0.91%   140 2937s
 376023 14415     cutoff   36        74.04234   73.37034  0.91%   140 2959s
 377849 14250   73.75629   38   84   74.04234   73.37410  0.90%   140 2976s
 379208 14021 infeasible   30        74.04234   73.37410  0.90%   140 2986s
 380208 13876   73.52136   35   57   74.04234   73.38701  0.89%   140 2994s
 380738 13606   73.94324   47   50   74.04234   73.38843  0.88%   140 3004s
 381584 13250     cutoff   33        74.04234   73.40245  0.86%   140 3013s
 382466 12982 infeasible   34        74.04234   73.41725  0.84%   140 3025s
 383392 12670 infeasible   45        74.04234   73.42690  0.83%   140 3039s
 384517 12388   73.48299   39   53   74.04234   73.43562  0.82%   140 3053s
 385575 12089 infeasible   36        74.04234   73.44794  0.80%   140 3064s
 386410 11760 infeasible   34        74.04234   73.45696  0.79%   140 3074s
 387193 11387   74.03004   45   46   74.04234   73.47368  0.77%   140 3091s
 388459 11159   73.69927   36   41   74.04234   73.47995  0.76%   140 3103s
 389610 10895   73.51996   38   78   74.04234   73.49329  0.74%   140 3115s
 390444 10651     cutoff   41        74.04234   73.50705  0.72%   140 3132s
 391635 10367 infeasible   44        74.04234   73.50705  0.72%   140 3144s
 392532 10095   73.52787   33   45   74.04234   73.52042  0.70%   140 3158s
 393415  9697   73.52787   43   55   74.04234   73.52787  0.69%   140 3180s
 395094  9313   73.89450   50   70   74.04234   73.53414  0.69%   140 3195s
 396066  8950     cutoff   35        74.04234   73.54512  0.67%   140 3209s
 397044  8571     cutoff   47        74.04234   73.55497  0.66%   140 3224s
 398083  8194   73.96504   37   59   74.04234   73.56795  0.64%   140 3235s
 398984  7970   73.59914   46   47   74.04234   73.58809  0.61%   140 3250s
 399968  7661   73.62899   49   56   74.04234   73.59914  0.60%   140 3265s
 401312  7328     cutoff   54        74.04234   73.60724  0.59%   140 3276s
 402069  6882 infeasible   48        74.04234   73.62402  0.56%   140 3288s
 402959  6699   73.75919   44   32   74.04234   73.64570  0.54%   140 3299s
 403410  6354 infeasible   32        74.04234   73.64634  0.53%   140 3312s
 404153  5893   73.81106   33   99   74.04234   73.67217  0.50%   140 3328s
 405252  5527     cutoff   42        74.04234   73.67754  0.49%   140 3343s
 406221  5242   73.80512   34   56   74.04234   73.69927  0.46%   140 3356s
 407064  4804   73.69936   30   54   74.04234   73.69936  0.46%   140 3370s
 408025  4461 infeasible   42        74.04234   73.71837  0.44%   140 3385s
 409143  3967     cutoff   40        74.04234   73.74619  0.40%   140 3400s
 410219  3515 infeasible   40        74.04234   73.77168  0.37%   140 3413s
 411137  3038   73.81477   37  115   74.04234   73.78464  0.35%   140 3429s
 412095  2406     cutoff   48        74.04234   73.82830  0.29%   140 3447s
 413287  1840   73.86631   41   34   74.04234   73.86492  0.24%   140 3459s
 414297  1428 infeasible   49        74.04234   73.89722  0.20%   140 3473s
 415148   826   74.02396   35   73   74.04234   73.92698  0.16%   140 3495s
 416780    58 infeasible   36        74.04234   73.95716  0.12%   140 3509s
 417810     0 infeasible   47        74.04234   74.01068  0.04%   139 3511s

Cutting planes:
  Learned: 276
  Gomory: 12
  Cover: 10633
  Implied bound: 1427
  Projected implied bound: 40
  Clique: 341
  MIR: 208
  StrongCG: 62
  Flow cover: 1428
  GUB cover: 49
  Inf proof: 39
  Zero half: 67
  RLT: 300
  Relax-and-lift: 212

Explored 417872 nodes (58336103 simplex iterations) in 3511.27 seconds (2154.39 work units)
Thread count was 8 (of 24 available processors)

Solution count 10: 74.0423 74.0423 74.0423 ... 78.4469

Optimal solution found (tolerance 7.00e-06)
Best objective 7.404234000000e+01, best bound 7.404234000000e+01, gap 0.0000%
