
Gurobi 10.0.0 (win64) logging started Sun Jan 21 17:17:49 2024

Set parameter LogFile to value "C:/Users\Administrator\Documents\BNC_Repo\BNC_Tests\10_MIP_Results\n20m3\Instance_Class4_Parts20_Machines3_Instance3_logfileChe2021.txt"
Gurobi Optimizer version 10.0.0 build v10.0.0rc2 (win64)

CPU model: AMD EPYC 7513 32-Core Processor, instruction set [SSE2|AVX|AVX2]
Thread count: 24 physical cores, 24 logical processors, using up to 8 threads

Optimize a model with 20457 rows, 3461 columns and 100651 nonzeros
Model fingerprint: 0x7b35453c
Variable types: 1361 continuous, 2100 integer (2100 binary)
Coefficient statistics:
  Matrix range     [4e-06, 5e+02]
  Objective range  [1e+00, 1e+00]
  Bounds range     [1e+00, 1e+00]
  RHS range        [1e+00, 7e+02]
Presolve removed 9464 rows and 1548 columns
Presolve time: 0.72s
Presolved: 10993 rows, 1913 columns, 76426 nonzeros
Variable types: 101 continuous, 1812 integer (1734 binary)
Found heuristic solution: objective 631.8866000
Found heuristic solution: objective 619.6732000
Found heuristic solution: objective 219.6211600
Root relaxation presolved: 10993 rows, 1913 columns, 76426 nonzeros


Root relaxation: objective 6.894399e+01, 6445 iterations, 1.02 seconds (1.82 work units)

    Nodes    |    Current Node    |     Objective Bounds      |     Work
 Expl Unexpl |  Obj  Depth IntInf | Incumbent    BestBd   Gap | It/Node Time

     0     0   68.94399    0  158  219.62116   68.94399  68.6%     -    2s
H    0     0                     201.6211600   68.94399  65.8%     -    2s
H    0     0                     197.6211600   68.94399  65.1%     -    2s
     0     0   69.28913    0  674  197.62116   69.28913  64.9%     -    3s
     0     0   69.28933    0  352  197.62116   69.28933  64.9%     -    3s
     0     0   69.51170    0  383  197.62116   69.51170  64.8%     -    3s
     0     0   69.51170    0  212  197.62116   69.51170  64.8%     -    5s
     0     0   69.77877    0  330  197.62116   69.77877  64.7%     -    6s
     0     0   69.79451    0  262  197.62116   69.79451  64.7%     -    6s
H    0     0                     158.8802300   69.79451  56.1%     -    7s
     0     0   69.91151    0  373  158.88023   69.91151  56.0%     -    7s
     0     0   69.91151    0  352  158.88023   69.91151  56.0%     -    7s
H    0     0                     127.2150000   69.91151  45.0%     -    7s
     0     0   69.94632    0  253  127.21500   69.94632  45.0%     -    8s
     0     0   69.99740    0  282  127.21500   69.99740  45.0%     -    8s
H    0     0                     120.9250000   69.99740  42.1%     -    8s
     0     0   70.01263    0  245  120.92500   70.01263  42.1%     -    9s
     0     0   70.07481    0  242  120.92500   70.07481  42.1%     -    9s
H    0     0                     119.9968000   70.17250  41.5%     -    9s
H    0     0                     111.0534800   70.17250  36.8%     -    9s
     0     0   70.17250    0  301  111.05348   70.17250  36.8%     -    9s
     0     0   70.17250    0  300  111.05348   70.17250  36.8%     -    9s
H    0     0                     111.0284800   70.17250  36.8%     -    9s
H    0     0                     110.3111200   70.17250  36.4%     -    9s
     0     0   70.17250    0  255  110.31112   70.17250  36.4%     -    9s
     0     0   70.22740    0  243  110.31112   70.22740  36.3%     -   10s
     0     0   70.25098    0  301  110.31112   70.25098  36.3%     -   10s
     0     0   70.26758    0  310  110.31112   70.26758  36.3%     -   10s
H    0     0                     104.8590600   70.30588  33.0%     -   10s
     0     0   70.30588    0  311  104.85906   70.30588  33.0%     -   10s
H    0     0                     100.5860200   70.33591  30.1%     -   11s
H    0     0                     100.0860200   70.33591  29.7%     -   11s
H    0     0                      99.8695400   70.33591  29.6%     -   11s
H    0     0                      95.8133200   70.33591  26.6%     -   11s
H    0     0                      92.0466400   70.35034  23.6%     -   11s
     0     0   70.35034    0  271   92.04664   70.35034  23.6%     -   11s
H    0     0                      90.9534200   70.35034  22.7%     -   11s
     0     0   70.38188    0  294   90.95342   70.38188  22.6%     -   11s
     0     0   70.39170    0  319   90.95342   70.39170  22.6%     -   11s
     0     0   70.39170    0  296   90.95342   70.39170  22.6%     -   11s
     0     0   70.39170    0  288   90.95342   70.39170  22.6%     -   11s
     0     0   70.42722    0  236   90.95342   70.42722  22.6%     -   12s
     0     0   70.42722    0  178   90.95342   70.42722  22.6%     -   12s
H    0     0                      85.4543200   70.42722  17.6%     -   15s
     0     0   70.42722    0  148   85.45432   70.42722  17.6%     -   16s
     0     0   70.42722    0  192   85.45432   70.42722  17.6%     -   16s
     0     0   70.42722    0  196   85.45432   70.42722  17.6%     -   16s
     0     0   70.50743    0  279   85.45432   70.50743  17.5%     -   17s
     0     0   70.61372    0  294   85.45432   70.61372  17.4%     -   17s
     0     0   70.61372    0  294   85.45432   70.61372  17.4%     -   17s
     0     0   70.61518    0  322   85.45432   70.61518  17.4%     -   17s
     0     0   70.80232    0  271   85.45432   70.80232  17.1%     -   18s
     0     0   70.81284    0  280   85.45432   70.81284  17.1%     -   18s
     0     0   70.81433    0  285   85.45432   70.81433  17.1%     -   18s
     0     0   70.81534    0  287   85.45432   70.81534  17.1%     -   18s
H    0     0                      84.7382200   70.81534  16.4%     -   18s
H    0     0                      84.1995000   70.87660  15.8%     -   18s
     0     0   70.90028    0  281   84.19950   70.90028  15.8%     -   18s
     0     0   70.90028    0  250   84.19950   70.90028  15.8%     -   18s
H    0     0                      83.7215800   70.90028  15.3%     -   19s
     0     2   70.90028    0  245   83.72158   70.90028  15.3%     -   19s
     1     4   70.90028    1  158   83.72158   70.90028  15.3%   447   20s
H   72    70                      83.6554000   70.90028  15.2%   205   21s
H  106   109                      83.1554000   70.90028  14.7%   169   21s
H  107   109                      82.2786200   70.90028  13.8%   168   21s
H  149   147                      80.7596200   70.90028  12.2%   148   21s
H  199   190                      80.0250400   70.90028  11.4%   138   22s
H  200   190                      78.7799000   70.90028  10.0%   138   22s
   769   572   77.79714   30   74   78.77990   71.29492  9.50%   116   25s
  1461   919   73.76746   17  383   78.77990   71.65652  9.04%   108   31s
  1484   943   71.65652   12  177   78.77990   71.65652  9.04%   116   35s
H 1624   988                      78.7799000   71.65652  9.04%   122   36s
H 1728   992                      78.4489600   71.65652  8.66%   120   37s
  1928  1065   76.58198   33   65   78.44896   71.65652  8.66%   117   40s
H 1929  1023                      78.1473800   71.65652  8.31%   117   40s
H 1956   974                      77.9564200   71.65652  8.08%   116   40s
  4286  1882   76.91387   27   65   77.95642   72.66873  6.78%   109   45s
  7153  3509   75.17624   24   86   77.95642   73.06601  6.27%   100   50s
  9590  4789   73.72674   19  113   77.95642   73.30813  5.96%  97.4   55s
 11949  6185   75.48865   26   66   77.95642   73.41634  5.82%  97.0   60s
 14982  7727   73.50420   33   97   77.95642   73.41634  5.82%  91.7   66s
H15643  6275                      76.7672600   73.41642  4.36%  90.9   69s
 15700  6702   75.48057   41   70   76.76726   73.41642  4.36%  90.9   71s
 18397  7508   73.99598   27  101   76.76726   73.43022  4.35%  89.6   76s
 20778  8344   74.33581   25   87   76.76726   73.45599  4.31%  89.2   81s
 22993  8903   75.63762   37   62   76.76726   73.46069  4.31%  87.9   86s
 24513  9391   74.99642   42   50   76.76726   73.46132  4.31%  88.1   90s
 26953 10526   74.62559   31   50   76.76726   73.47014  4.29%  88.5   96s
 28704 11180   74.26494   35   82   76.76726   73.48433  4.28%  88.3  100s
 30561 11839   74.00660   28   71   76.76726   73.50793  4.25%  88.2  105s
 32913 12623   74.41232   29   94   76.76726   73.54525  4.20%  88.6  111s
 34683 13206     cutoff   24        76.76726   73.58037  4.15%  88.9  115s
 36458 13762 infeasible   33        76.76726   73.61576  4.11%  89.0  120s
 39029 14614   75.42626   30   66   76.76726   73.65442  4.05%  89.3  125s
 40684 15178     cutoff   56        76.76726   73.66558  4.04%  89.5  130s
 43067 16036   76.54449   40   57   76.76726   73.70230  3.99%  89.9  136s
 44839 16629     cutoff   31        76.76726   73.73861  3.95%  89.9  140s
 47312 17691   75.72715   36   63   76.76726   73.76886  3.91%  90.2  147s
 49108 18332   75.68705   28   55   76.76726   73.78187  3.89%  90.4  151s
 50976 19017   74.55643   29   61   76.76726   73.79845  3.87%  90.2  156s
 52760 19656   74.46053   27   50   76.76726   73.80027  3.86%  90.2  161s
 54604 20191   75.94721   34   57   76.76726   73.82641  3.83%  90.1  166s
 56623 20880   75.01259   29   65   76.76726   73.83105  3.82%  89.9  172s
 58580 21521 infeasible   52        76.76726   73.84135  3.81%  89.8  177s
 59349 21790   76.68530   40   80   76.76726   73.84531  3.81%  89.8  180s
 61067 22205   75.35038   33   93   76.76726   73.86627  3.78%  89.8  185s
 62694 22875   76.61569   30   64   76.76726   73.87856  3.76%  89.9  190s
 64596 23417     cutoff   34        76.76726   73.89357  3.74%  89.7  195s
 66539 24035   75.53678   37   62   76.76726   73.90239  3.73%  89.4  201s
 68374 24555   75.98246   32   75   76.76726   73.93118  3.69%  89.2  206s
 70125 25085   76.55918   28   60   76.76726   73.95375  3.66%  89.2  211s
 71761 25589     cutoff   48        76.76726   73.97750  3.63%  89.2  215s
 73484 26213   74.73397   28   66   76.76726   73.99967  3.61%  89.2  220s
 75393 26695   75.89224   40   51   76.76726   74.01256  3.59%  88.8  226s
H76645 26945                      76.7672600   74.02236  3.58%  88.9  228s
 76997 27031   76.65683   27   66   76.76726   74.02783  3.57%  88.9  230s
 78400 27779   74.72861   34   58   76.76726   74.04727  3.54%  88.8  237s
 79487 28001   75.07952   44   67   76.76726   74.04808  3.54%  88.5  240s
 81141 28457   74.95572   34   78   76.76726   74.06570  3.52%  88.4  246s
 82895 28986   75.72602   27  102   76.76726   74.08253  3.50%  88.2  252s
 83826 29374   76.32847   26  114   76.76726   74.08913  3.49%  88.2  255s
 85511 29776   75.14023   32   92   76.76726   74.09569  3.48%  88.1  261s
 87454 30365   76.31754   29   44   76.76726   74.10349  3.47%  88.0  267s
 88355 30635   76.30497   42   55   76.76726   74.11305  3.46%  88.0  270s
 90242 31176   74.78809   35   57   76.76726   74.13022  3.44%  88.0  276s
 91044 31463   75.25795   37   53   76.76726   74.13040  3.43%  88.1  280s
 92947 32055   74.95661   31  100   76.76726   74.13935  3.42%  87.9  286s
 94764 32806   75.82671   45   63   76.76726   74.14635  3.41%  87.8  293s
 95760 33144 infeasible   38        76.76726   74.14861  3.41%  87.8  296s
 97667 33597   74.88554   27   59   76.76726   74.16066  3.40%  87.7  302s
 98456 33851   75.06834   37   71   76.76726   74.16703  3.39%  87.7  305s
 100279 34359   76.34485   37   75   76.76726   74.18125  3.37%  87.6  311s
 102075 34824   75.69403   37  102   76.76726   74.19653  3.35%  87.6  317s
 102910 34994 infeasible   42        76.76726   74.20224  3.34%  87.6  320s
 103741 35364 infeasible   31        76.76726   74.21148  3.33%  87.7  325s
 105750 35815 infeasible   39        76.76726   74.21823  3.32%  87.4  332s
 106725 36053   74.27897   33  139   76.76726   74.22222  3.32%  87.4  335s
 108328 36472 infeasible   34        76.76726   74.23788  3.29%  87.3  341s
 109099 36699   74.88488   37   66   76.76726   74.24771  3.28%  87.4  345s
 111072 37180   75.20831   31   82   76.76726   74.25447  3.27%  87.3  352s
 112011 37368   75.21732   36   51   76.76726   74.25698  3.27%  87.2  355s
 113910 37868   76.69006   35   66   76.76726   74.27096  3.25%  87.1  362s
 114797 38030   75.68757   33   80   76.76726   74.27603  3.25%  87.1  365s
 116447 38480   74.64641   23   92   76.76726   74.29270  3.22%  87.1  372s
 117376 38664   76.62744   34   26   76.76726   74.29823  3.22%  87.0  375s
 118250 38905   74.52655   39   71   76.76726   74.30385  3.21%  87.0  380s
 120134 39257   74.94135   26   94   76.76726   74.31736  3.19%  86.8  386s
 121582 39689   76.24504   30  104   76.76726   74.32650  3.18%  86.9  392s
 122594 39916   75.83301   35   48   76.76726   74.32969  3.18%  86.9  396s
 123567 40231   75.07952   39   55   76.76726   74.33673  3.17%  86.8  400s
 125434 40774     cutoff   30        76.76726   74.34551  3.15%  86.7  406s
 126513 41040   74.89784   34   78   76.76726   74.35106  3.15%  86.7  410s
 128348 41486   76.43430   29   73   76.76726   74.35598  3.14%  86.7  416s
 129281 41741   75.20560   34   63   76.76726   74.36032  3.14%  86.7  420s
 131294 42159     cutoff   27        76.76726   74.37223  3.12%  86.7  427s
 132263 42282 infeasible   33        76.76726   74.37825  3.11%  86.6  430s
 133891 42687   74.64397   37   83   76.76726   74.39136  3.09%  86.5  437s
 135615 43133   75.04728   37   97   76.76726   74.39884  3.09%  86.4  442s
 136387 43381   75.07461   26   63   76.76726   74.40398  3.08%  86.4  446s
 138162 43827 infeasible   48        76.76726   74.41311  3.07%  86.4  452s
 139149 43986   75.11247   23   73   76.76726   74.41753  3.06%  86.3  456s
 141023 44452   75.69403   40   59   76.76726   74.42444  3.05%  86.2  462s
 141877 44630   74.82159   35   47   76.76726   74.43020  3.04%  86.1  465s
 143609 44990   76.36114   49   28   76.76726   74.44370  3.03%  86.1  472s
 144421 45219   75.31192   39   77   76.76726   74.45050  3.02%  86.1  475s
 146264 45771   75.30021   47   53   76.76726   74.46053  3.00%  86.1  483s
 147352 46161   74.83915   35   50   76.76726   74.46053  3.00%  86.1  488s
 148502 46524     cutoff   38        76.76726   74.46053  3.00%  86.0  493s
 149563 46858   75.04742   34   68   76.76726   74.46053  3.00%  85.9  498s
 150828 47118   74.88219   43   74   76.76726   74.46053  3.00%  85.8  503s
 151556 47525   74.66778   42   92   76.76726   74.46053  3.00%  85.7  508s
 152787 47938   75.87264   38   46   76.76726   74.46053  3.00%  85.6  513s
 154107 48268 infeasible   55        76.76726   74.46053  3.00%  85.5  517s
 155161 48584   74.46053   31   69   76.76726   74.46053  3.00%  85.4  522s
 156208 48908   75.28659   36   67   76.76726   74.46053  3.00%  85.4  526s
 157261 49223   75.22980   35   63   76.76726   74.46053  3.00%  85.3  531s
 158359 49479   74.75401   36   70   76.76726   74.46053  3.00%  85.2  535s
 160162 49887   74.83205   36   68   76.76726   74.46294  3.00%  85.1  542s
 161045 50078   75.80292   43   50   76.76726   74.46878  2.99%  85.1  547s
 162003 50329   75.00258   36  114   76.76726   74.47265  2.99%  85.1  551s
 163002 50567   76.07173   39   59   76.76726   74.47491  2.99%  85.1  556s
 164465 50832   74.99721   24   74   76.76726   74.47885  2.98%  85.1  560s
 165979 51207   75.59218   44   80   76.76726   74.48459  2.97%  85.0  567s
 166988 51430 infeasible   40        76.76726   74.48791  2.97%  85.0  571s
 167930 51648   74.50706   34  128   76.76726   74.49542  2.96%  85.0  575s
 168852 51886     cutoff   36        76.76726   74.50108  2.95%  85.0  580s
 170744 52270   76.36704   44   54   76.76726   74.50767  2.94%  85.0  587s
 171654 52602   75.62130   28   77   76.76726   74.50984  2.94%  85.0  591s
 172475 52817   74.65220   38   58   76.76726   74.50984  2.94%  85.1  595s
 174201 53375 infeasible   35        76.76726   74.51382  2.94%  85.1  603s
 175275 53600   75.41925   30   61   76.76726   74.51910  2.93%  85.2  608s
 176403 53855   75.36593   33   78   76.76726   74.51928  2.93%  85.2  613s
 177492 54053   75.03911   34   73   76.76726   74.52079  2.93%  85.1  617s
 178422 54243   75.17223   26   80   76.76726   74.52551  2.92%  85.1  620s
 180203 54640   75.77003   29   60   76.76726   74.53483  2.91%  85.1  628s
 181102 54874   74.81474   37   94   76.76726   74.53846  2.90%  85.2  633s
 182146 55325 infeasible   30        76.76726   74.54296  2.90%  85.1  640s
 183671 55760 infeasible   33        76.76726   74.54306  2.90%  85.0  646s
 185091 56144 infeasible   48        76.76726   74.54306  2.90%  84.8  652s
 186431 56409     cutoff   43        76.76726   74.54306  2.90%  84.7  657s
 187528 56608   74.92289   42   92   76.76726   74.54306  2.90%  84.6  661s
 188216 56881   76.73742   63   29   76.76726   74.54306  2.90%  84.6  666s
 189232 57008     cutoff   36        76.76726   74.54306  2.90%  84.5  671s
 190146 57159   74.77863   35  148   76.76726   74.54405  2.90%  84.6  675s
 191273 57424   74.97648   35   94   76.76726   74.55009  2.89%  84.6  680s
 193099 57835   74.75264   34  134   76.76726   74.55681  2.88%  84.6  689s
 193983 58072   74.68740   42   56   76.76726   74.56073  2.87%  84.6  693s
 195052 58228 infeasible   24        76.76726   74.56374  2.87%  84.6  697s
 195998 58462   74.69508   27   60   76.76726   74.56801  2.86%  84.6  702s
 196978 58753     cutoff   40        76.76726   74.57175  2.86%  84.6  706s
 197921 58907   74.86067   36   75   76.76726   74.57640  2.85%  84.6  711s
 198879 59169   75.35967   35   77   76.76726   74.58145  2.85%  84.6  716s
 199991 59294   75.55347   40   70   76.76726   74.58432  2.84%  84.5  720s
 200828 59485   76.55452   32   39   76.76726   74.58787  2.84%  84.6  725s
 202907 59883   75.83503   43   77   76.76726   74.59410  2.83%  84.6  734s
 204043 60103   75.82188   38   66   76.76726   74.59761  2.83%  84.5  738s
 204936 60323   75.75664   36   88   76.76726   74.60128  2.82%  84.5  742s
 205971 60612 infeasible   50        76.76726   74.60496  2.82%  84.5  747s
 207046 60718   75.42549   35   87   76.76726   74.60691  2.81%  84.5  751s
 207888 60998   75.42233   39   77   76.76726   74.61184  2.81%  84.5  756s
 209054 61261   75.34693   28   91   76.76726   74.61569  2.80%  84.5  761s
 210140 61458   75.66983   29   96   76.76726   74.61653  2.80%  84.5  765s
 211060 61660   75.42146   25   98   76.76726   74.62141  2.80%  84.5  770s
 212806 61883   74.75572   42   94   76.76726   74.62495  2.79%  84.4  775s
 213164 62089     cutoff   33        76.76726   74.62522  2.79%  84.4  780s
 214103 62323   75.71612   46   69   76.76726   74.62559  2.79%  84.5  785s
 215316 62587   75.33452   36   89   76.76726   74.62822  2.79%  84.4  790s
 216256 62785   76.51119   44   48   76.76726   74.63018  2.78%  84.4  795s
 217157 62927 infeasible   24        76.76726   74.63248  2.78%  84.4  800s
 218116 63129   75.51193   31   92   76.76726   74.63813  2.77%  84.5  805s
 219099 63316   76.59843   25   79   76.76726   74.64210  2.77%  84.5  810s
 220127 63495   76.52465   35   75   76.76726   74.64784  2.76%  84.4  815s
 221837 63755   75.91308   26   80   76.76726   74.65578  2.75%  84.5  824s
 222761 63897   74.88820   34   76   76.76726   74.66033  2.74%  84.5  830s
 223883 64200   76.10516   38   59   76.76726   74.66365  2.74%  84.5  837s
 225270 64519   74.69734   34   75   76.76726   74.66686  2.74%  84.5  845s
 226566 64837     cutoff   40        76.76726   74.66686  2.74%  84.4  851s
 227762 65076   75.47063   47   70   76.76726   74.66686  2.74%  84.3  856s
 228723 65267     cutoff   29        76.76726   74.66686  2.74%  84.3  861s
 229701 65442   75.67916   34   44   76.76726   74.67024  2.73%  84.3  866s
 230657 65708   76.45267   30   84   76.76726   74.67623  2.72%  84.3  873s
 231889 65915 infeasible   31        76.76726   74.67788  2.72%  84.3  879s
 232988 66240   76.01136   41   50   76.76726   74.67788  2.72%  84.3  886s
 234292 66492     cutoff   37        76.76726   74.67788  2.72%  84.2  892s
 235352 66677   76.42339   41   34   76.76726   74.68023  2.72%  84.2  897s
 236316 66877   76.39589   33   74   76.76726   74.68317  2.71%  84.2  903s
 237240 67050   76.22091   34   61   76.76726   74.68651  2.71%  84.1  909s
 238242 67214   75.37459   42   57   76.76726   74.68955  2.71%  84.1  915s
 239247 67367   75.68903   35   63   76.76726   74.69417  2.70%  84.1  921s
 240267 67499   74.96144   33   86   76.76726   74.69647  2.70%  84.1  926s
 240899 67671     cutoff   30        76.76726   74.69844  2.69%  84.1  933s
 241996 67898 infeasible   43        76.76726   74.70290  2.69%  84.1  939s
 243140 68089   75.39496   41   68   76.76726   74.70340  2.69%  84.1  947s
 244211 68223   75.25370   45   74   76.76726   74.70812  2.68%  84.1  954s
 245238 68347   75.74494   29   82   76.76726   74.71186  2.68%  84.1  960s
 246221 68485   75.87234   22   77   76.76726   74.71370  2.68%  84.1  966s
 247072 68884   76.63865   35   85   76.76726   74.71962  2.67%  84.1  976s
 248560 69344   75.48798   47   62   76.76726   74.72149  2.66%  84.0  986s
 250206 69793   75.56742   41   53   76.76726   74.72149  2.66%  83.9  996s
 251723 70143   75.71243   43   66   76.76726   74.72149  2.66%  83.8 1004s
 252997 70448   75.95728   47   48   76.76726   74.72154  2.66%  83.7 1011s
 254239 70669   76.73742   53   14   76.76726   74.72157  2.66%  83.6 1017s
 255115 70835     cutoff   53        76.76726   74.72265  2.66%  83.6 1024s
 256009 71039     cutoff   43        76.76726   74.72469  2.66%  83.5 1030s
 257001 71199   76.69553   28   43   76.76726   74.72741  2.66%  83.5 1036s
 257968 71357   76.12692   42   32   76.76726   74.73042  2.65%  83.5 1042s
 258930 71542   75.82188   32   78   76.76726   74.73362  2.65%  83.5 1049s
 259899 71741 infeasible   38        76.76726   74.73533  2.65%  83.5 1056s
 260889 71913   75.07299   34   66   76.76726   74.73772  2.64%  83.5 1063s
 261932 72047   75.79814   29   90   76.76726   74.73946  2.64%  83.6 1070s
 262950 72169   76.74924   49   23   76.76726   74.74057  2.64%  83.6 1077s
 263928 72365   75.59579   37   54   76.76726   74.74382  2.64%  83.6 1085s
 265175 72511     cutoff   37        76.76726   74.74816  2.63%  83.6 1095s
 266530 72816   76.08619   55   42   76.76726   74.74939  2.63%  83.6 1104s
 267031 72816   76.00491   40   48   76.76726   74.74939  2.63%  83.5 1105s
 267910 73049 infeasible   41        76.76726   74.74939  2.63%  83.4 1112s
 269158 73306   75.81256   43   72   76.76726   74.74939  2.63%  83.4 1121s
 270300 73590   74.93816   39  123   76.76726   74.75181  2.63%  83.3 1130s
 271473 73849   76.76236   45   42   76.76726   74.75301  2.62%  83.3 1139s
 272707 74099   74.76087   38   98   76.76726   74.75374  2.62%  83.3 1148s
 274018 74197   75.38746   39   95   76.76726   74.75405  2.62%  83.2 1155s
 274456 74407   75.68937   38   84   76.76726   74.75412  2.62%  83.2 1163s
 275598 74614   75.82440   28   96   76.76726   74.75652  2.62%  83.1 1173s
 276802 74798   76.70162   31   63   76.76726   74.75907  2.62%  83.1 1183s
 278096 75050   75.31788   40   51   76.76726   74.76129  2.61%  83.1 1193s
 279451 75243   75.63644   33   58   76.76726   74.76375  2.61%  83.0 1202s
 280686 75441   75.21200   39   85   76.76726   74.76530  2.61%  83.0 1211s
 281860 75687   75.67161   36   52   76.76726   74.76654  2.61%  83.0 1218s
 282884 75870 infeasible   45        76.76726   74.76910  2.60%  82.9 1226s
 284051 76072   75.41072   35   62   76.76726   74.77106  2.60%  82.9 1234s
 285036 76347   76.17146   35   46   76.76726   74.77397  2.60%  82.9 1242s
 286105 76523   75.97358   38   65   76.76726   74.77489  2.60%  82.9 1250s
 287217 76720   75.38342   30   81   76.76726   74.77685  2.59%  82.9 1258s
 288307 76890 infeasible   41        76.76726   74.78011  2.59%  82.9 1267s
 289537 77146   74.83257   33   58   76.76726   74.78373  2.58%  82.9 1277s
 290785 77398 infeasible   37        76.76726   74.78373  2.58%  82.9 1286s
 292053 77653     cutoff   36        76.76726   74.78373  2.58%  82.9 1296s
 293263 77782 infeasible   45        76.76726   74.78377  2.58%  82.8 1304s
 294432 77960   76.04577   34   58   76.76726   74.78752  2.58%  82.8 1312s
 295457 78130     cutoff   27        76.76726   74.79016  2.58%  82.8 1320s
 296499 78273   74.89006   40   78   76.76726   74.79309  2.57%  82.8 1327s
 297479 78385   75.09943   39  102   76.76726   74.79598  2.57%  82.8 1333s
 298207 78628   76.61569   24   56   76.76726   74.79847  2.56%  82.8 1344s
 299727 78851   75.50194   39   60   76.76726   74.80171  2.56%  82.7 1354s
 301010 79101   76.46416   32   42   76.76726   74.80403  2.56%  82.7 1364s
 301670 79101   75.26609   39   27   76.76726   74.80403  2.56%  82.7 1365s
 302302 79262   74.82808   35   99   76.76726   74.80403  2.56%  82.6 1373s
 303359 79401   76.44912   34   77   76.76726   74.80573  2.56%  82.6 1380s
 304459 79631     cutoff   34        76.76726   74.81020  2.55%  82.6 1388s
 305587 79836   76.00682   55   23   76.76726   74.81295  2.55%  82.6 1397s
 306691 80009   76.05373   41   55   76.76726   74.81657  2.54%  82.5 1405s
 307740 80159 infeasible   35        76.76726   74.81889  2.54%  82.6 1414s
 308889 80351 infeasible   46        76.76726   74.82074  2.54%  82.5 1422s
 309967 80465   76.63413   35   67   76.76726   74.82281  2.53%  82.5 1429s
 310899 80708   74.94852   27   84   76.76726   74.82713  2.53%  82.5 1438s
 312161 80841   75.13934   29   91   76.76726   74.83088  2.52%  82.5 1447s
 313170 81094   76.43270   45   63   76.76726   74.83192  2.52%  82.5 1457s
 314624 81267   75.69978   37   60   76.76726   74.83192  2.52%  82.5 1466s
 315784 81425   76.32289   33   53   76.76726   74.83192  2.52%  82.5 1475s
 316981 81580 infeasible   40        76.76726   74.83448  2.52%  82.5 1484s
 317987 81709   75.96442   40   33   76.76726   74.83774  2.51%  82.5 1493s
 319114 81920   76.24044   40   47   76.76726   74.84152  2.51%  82.5 1503s
 320287 82099   75.08481   27   91   76.76726   74.84454  2.50%  82.5 1511s
 321411 82207   76.36766   44   40   76.76726   74.84568  2.50%  82.5 1519s
 322441 82362   75.49076   31   98   76.76726   74.84926  2.50%  82.4 1527s
 323496 82544   76.07316   31   72   76.76726   74.85359  2.49%  82.5 1535s
 324673 82666   76.59198   37   73   76.76726   74.85684  2.49%  82.4 1543s
 325778 82878   76.48138   47   60   76.76726   74.86094  2.48%  82.4 1551s
 327011 83047 infeasible   48        76.76726   74.86373  2.48%  82.4 1560s
 328080 83234   75.39355   29  123   76.76726   74.86622  2.48%  82.4 1569s
 329280 83358     cutoff   42        76.76726   74.86926  2.47%  82.4 1577s
 330251 83574   75.26842   36   83   76.76726   74.87191  2.47%  82.4 1584s
 331171 83839   75.15593   33   64   76.76726   74.87243  2.47%  82.3 1594s
 332478 84023     cutoff   43        76.76726   74.87480  2.47%  82.3 1602s
 333639 84146   75.82278   41   31   76.76726   74.87748  2.46%  82.3 1610s
 334554 84331     cutoff   41        76.76726   74.88033  2.46%  82.3 1619s
 335668 84519 infeasible   32        76.76726   74.88276  2.45%  82.3 1627s
 336670 84685   75.48978   22   83   76.76726   74.88675  2.45%  82.3 1635s
 337652 84828   75.79458   38   76   76.76726   74.88820  2.45%  82.4 1644s
 338726 85041   76.71992   32   67   76.76726   74.89006  2.45%  82.4 1653s
 339856 85262     cutoff   33        76.76726   74.89270  2.44%  82.4 1661s
 340926 85409 infeasible   43        76.76726   74.89540  2.44%  82.4 1670s
 342014 85540   76.21385   48   87   76.76726   74.89822  2.43%  82.4 1677s
 342823 85663   76.52106   38   40   76.76726   74.90092  2.43%  82.4 1685s
 343896 85822   76.09458   40   64   76.76726   74.90542  2.43%  82.4 1695s
 345039 85981 infeasible   32        76.76726   74.90893  2.42%  82.5 1704s
 346228 86041   75.97916   34   59   76.76726   74.91362  2.41%  82.5 1714s
 347407 86234 infeasible   46        76.76726   74.91446  2.41%  82.5 1724s
 347710 86234 infeasible   39        76.76726   74.91446  2.41%  82.5 1725s
 348653 86375   75.70007   39   41   76.76726   74.91672  2.41%  82.5 1733s
H349027 86375                      76.7672595   74.91714  2.41%  82.5 1733s
 349555 86557   76.54466   33   79   76.76726   74.91940  2.41%  82.5 1743s
 350701 86658     cutoff   48        76.76726   74.92251  2.40%  82.5 1753s
 351752 86904     cutoff   42        76.76726   74.92541  2.40%  82.5 1764s
 352866 86904     cutoff   34        76.76726   74.92541  2.40%  82.5 1765s
 353254 87123   75.95409   47   33   76.76726   74.92782  2.40%  82.5 1777s
 354815 87236   75.67062   47   62   76.76726   74.92816  2.40%  82.5 1788s
 355976 87547   76.39454   40   49   76.76726   74.93176  2.39%  82.5 1798s
 357213 87745   75.29062   31   60   76.76726   74.93325  2.39%  82.5 1805s
 357847 88356   75.37381   28   60   76.76726   74.93325  2.39%  82.5 1821s
 359869 88715   75.41524   43   68   76.76726   74.93325  2.39%  82.5 1834s
 361392 88834   76.06313   31   50   76.76726   74.93378  2.39%  82.5 1845s
 362666 89027   75.99990   28   63   76.76726   74.93811  2.38%  82.5 1855s
 363632 89211   75.99903   28  104   76.76726   74.94024  2.38%  82.5 1866s
 364917 89449   76.21234   40   48   76.76726   74.94251  2.38%  82.5 1878s
 366438 89587 infeasible   33        76.76726   74.94251  2.38%  82.5 1888s
 367659 89812   75.04508   25  132   76.76726   74.94488  2.37%  82.6 1899s
 368998 90091   75.96649   47   66   76.76726   74.94846  2.37%  82.5 1910s
 370423 90397   76.63012   45   39   76.76726   74.95142  2.37%  82.5 1922s
 371808 90578   75.92244   34   68   76.76726   74.95330  2.36%  82.5 1932s
 372861 90897   75.89112   29   73   76.76726   74.95473  2.36%  82.5 1945s
 374277 91106   75.93952   48   59   76.76726   74.95572  2.36%  82.5 1956s
 375545 91279   76.26790   38   65   76.76726   74.95691  2.36%  82.4 1966s
 376672 91538   76.09571   32   71   76.76726   74.96062  2.35%  82.4 1976s
 377781 91859   76.44118   43   37   76.76726   74.96182  2.35%  82.5 1988s
 379116 92026   76.44118   38   23   76.76726   74.96269  2.35%  82.4 1998s
 380289 92218     cutoff   37        76.76726   74.96474  2.35%  82.4 2009s
 381548 92374 infeasible   38        76.76726   74.96700  2.35%  82.4 2019s
 381980 92374 infeasible   32        76.76726   74.96730  2.34%  82.4 2020s
 382696 92439   75.08273   43   80   76.76726   74.96953  2.34%  82.4 2028s
 383522 92594   75.73616   35   82   76.76726   74.97165  2.34%  82.4 2038s
 384648 92720     cutoff   44        76.76726   74.97500  2.33%  82.4 2047s
 385685 92864     cutoff   44        76.76726   74.97850  2.33%  82.4 2056s
 386668 92899     cutoff   39        76.76726   74.98063  2.33%  82.4 2065s
 387578 93035   76.06431   38   35   76.76726   74.98433  2.32%  82.5 2075s
 388820 93115 infeasible   28        76.76726   74.98718  2.32%  82.4 2085s
 389839 93312   76.42716   32   85   76.76726   74.99031  2.31%  82.4 2094s
 390842 93432   75.87528   29  100   76.76726   74.99271  2.31%  82.5 2104s
 391862 93717   75.48904   42  100   76.76726   74.99544  2.31%  82.6 2114s
 392792 93717   75.41602   26   67   76.76726   74.99544  2.31%  82.6 2115s
 393106 93929   75.38022   33   67   76.76726   74.99699  2.31%  82.6 2127s
 394424 94043   76.61871   43   34   76.76726   74.99699  2.31%  82.6 2138s
 395655 94167   75.96298   38   35   76.76726   75.00045  2.30%  82.6 2148s
 396678 94277     cutoff   39        76.76726   75.00346  2.30%  82.6 2159s
 397743 94395     cutoff   39        76.76726   75.00701  2.29%  82.7 2169s
 398745 94744   76.06539   46   33   76.76726   75.00865  2.29%  82.7 2186s
 400505 95011   75.23782   42   56   76.76726   75.01036  2.29%  82.6 2199s
 402106 95161   75.48150   32   66   76.76726   75.01036  2.29%  82.5 2211s
 403256 95365   75.91419   43   76   76.76726   75.01217  2.29%  82.5 2223s
 404662 95532   76.54691   46   89   76.76726   75.01259  2.29%  82.5 2234s
 405863 95633   75.71633   23   92   76.76726   75.01290  2.29%  82.5 2243s
 406866 95748   76.70880   40   96   76.76726   75.01533  2.28%  82.5 2253s
 407891 95966   76.73742   44   38   76.76726   75.01762  2.28%  82.5 2265s
 409178 96174   76.71391   28   71   76.76726   75.02026  2.28%  82.5 2276s
 410513 96395   75.40997   43   71   76.76726   75.02310  2.27%  82.5 2289s
 411879 96610 infeasible   33        76.76726   75.02471  2.27%  82.4 2300s
 413093 96829     cutoff   35        76.76726   75.02649  2.27%  82.4 2310s
 414277 96941     cutoff   47        76.76726   75.02932  2.26%  82.4 2321s
 415328 97037   76.40220   56   51   76.76726   75.03126  2.26%  82.4 2333s
 416564 97222   76.26386   32   63   76.76726   75.03268  2.26%  82.4 2344s
 417766 97302   75.70165   33   79   76.76726   75.03490  2.26%  82.4 2355s
 418865 97530   75.12803   30   83   76.76726   75.03727  2.25%  82.4 2367s
 420088 97803   75.60754   40   77   76.76726   75.03825  2.25%  82.4 2379s
 421180 98091   75.34148   32   93   76.76726   75.03825  2.25%  82.4 2391s
 422390 98412   75.87588   44   71   76.76726   75.03825  2.25%  82.5 2403s
 423691 98645     cutoff   40        76.76726   75.03911  2.25%  82.5 2415s
 424726 98963 infeasible   36        76.76726   75.03911  2.25%  82.5 2427s
 425984 99263 infeasible   51        76.76726   75.03911  2.25%  82.5 2440s
 427168 99596     cutoff   42        76.76726   75.03911  2.25%  82.5 2452s
 428407 99861 infeasible   36        76.76726   75.03911  2.25%  82.6 2464s
 429710 100096     cutoff   26        76.76726   75.03911  2.25%  82.6 2478s
 430932 100315     cutoff   44        76.76726   75.03911  2.25%  82.6 2490s
 432198 100367   75.78820   40   77   76.76726   75.04110  2.25%  82.6 2499s
 432809 100570   75.81175   41   62   76.76726   75.04131  2.25%  82.6 2520s
 434963 100731   75.89989   45   56   76.76726   75.04628  2.24%  82.6 2535s
 436429 100996   76.06418   30   60   76.76726   75.04837  2.24%  82.6 2550s
 437885 101168   75.54635   33   89   76.76726   75.04857  2.24%  82.6 2563s
 439308 101366   76.11200   35   62   76.76726   75.05053  2.24%  82.6 2578s
 440812 101497   75.11221   33  103   76.76726   75.05261  2.23%  82.6 2589s
 441083 101497   76.73014   47   77   76.76726   75.05261  2.23%  82.6 2590s
 441875 101616   76.15057   44   66   76.76726   75.05428  2.23%  82.6 2602s
 443147 101772   76.69348   43   37   76.76726   75.05760  2.23%  82.6 2614s
 444426 101823   76.23143   36   90   76.76726   75.06004  2.22%  82.5 2627s
 445694 101901     cutoff   38        76.76726   75.06366  2.22%  82.6 2638s
 446816 102031     cutoff   40        76.76726   75.06598  2.22%  82.6 2649s
 447881 102178   76.49007   31   38   76.76726   75.06804  2.21%  82.6 2661s
 449091 102316   76.33808   43   99   76.76726   75.06992  2.21%  82.5 2672s
 450254 102438   76.62784   32   48   76.76726   75.07284  2.21%  82.5 2683s
 451352 102560   76.24165   41   42   76.76726   75.07592  2.20%  82.5 2695s
 452684 102751 infeasible   44        76.76726   75.07869  2.20%  82.5 2707s
 453828 103082   76.66483   40   49   76.76726   75.07952  2.20%  82.5 2721s
 455149 103453   75.69403   56   29   76.76726   75.07952  2.20%  82.5 2735s
 456465 103781   75.57768   38   41   76.76726   75.07952  2.20%  82.5 2750s
 457889 103941     cutoff   42        76.76726   75.07952  2.20%  82.4 2763s
 459214 104038   75.72067   33  140   76.76726   75.08094  2.20%  82.4 2775s
 460411 104319 infeasible   46        76.76726   75.08419  2.19%  82.4 2791s
 461824 104417   75.34049   44   59   76.76726   75.08419  2.19%  82.4 2802s
 462870 104548   76.67909   36   67   76.76726   75.08678  2.19%  82.4 2814s
 464068 104648   75.96747   40   73   76.76726   75.08890  2.19%  82.4 2824s
 464864 104796   75.79616   24  139   76.76726   75.08989  2.19%  82.4 2835s
 465782 104902   75.30374   46   71   76.76726   75.09203  2.18%  82.4 2851s
 467245 105017   76.65428   39   49   76.76726   75.09289  2.18%  82.4 2865s
 468681 105295   76.16270   37   42   76.76726   75.09578  2.18%  82.4 2881s
 470211 105407 infeasible   46        76.76726   75.09841  2.17%  82.4 2896s
 471465 105508   75.63617   36   90   76.76726   75.10038  2.17%  82.4 2912s
 472770 105647 infeasible   38        76.76726   75.10244  2.17%  82.4 2926s
 474016 105920   75.81461   39   76   76.76726   75.10614  2.16%  82.4 2941s
 475418 106055 infeasible   44        76.76726   75.10810  2.16%  82.4 2955s
 476719 106096   76.60328   37   34   76.76726   75.10998  2.16%  82.4 2965s
 477554 106250   75.19783   38   97   76.76726   75.11287  2.16%  82.4 2981s
 478974 106414   75.45164   38   80   76.76726   75.11599  2.15%  82.4 2998s
 480493 106674     cutoff   44        76.76726   75.11844  2.15%  82.4 3014s
 481856 106764   75.74807   30   65   76.76726   75.11921  2.15%  82.3 3028s
 483080 106805   75.86488   21   58   76.76726   75.12135  2.14%  82.3 3039s
 484230 106880   75.99151   42   78   76.76726   75.12474  2.14%  82.4 3051s
 485297 106983   75.80924   29   75   76.76726   75.12692  2.14%  82.4 3064s
 486498 107052     cutoff   31        76.76726   75.12903  2.13%  82.4 3078s
 487666 107173   76.04177   42   43   76.76726   75.13267  2.13%  82.4 3091s
 488905 107257   75.57739   46   57   76.76726   75.13448  2.13%  82.4 3107s
 490173 107323   76.10402   45   66   76.76726   75.13514  2.13%  82.4 3123s
 491369 107386   76.09611   44   74   76.76726   75.13712  2.12%  82.4 3138s
 492517 107479     cutoff   41        76.76726   75.13712  2.12%  82.4 3151s
 493701 107587   75.46687   31   92   76.76726   75.13908  2.12%  82.4 3165s
 494920 107677   76.20740   41   71   76.76726   75.14176  2.12%  82.4 3176s
 495768 107833   75.83417   34   79   76.76726   75.14360  2.12%  82.4 3189s
 496964 107863   76.44496   37   50   76.76726   75.14637  2.11%  82.4 3201s
 498214 107918   76.24774   27   74   76.76726   75.14969  2.11%  82.4 3214s
 499483 108045   75.69403   40   37   76.76726   75.15340  2.10%  82.4 3227s
 500750 108161   76.03739   43   73   76.76726   75.15422  2.10%  82.4 3243s
 502269 108382   76.23036   35   91   76.76726   75.15479  2.10%  82.4 3257s
 503625 108456   76.30039   45   33   76.76726   75.15648  2.10%  82.4 3270s
 504865 108473   75.73493   38   33   76.76726   75.15825  2.10%  82.4 3283s
 506093 108611   76.56183   34   74   76.76726   75.16107  2.09%  82.4 3294s
 507055 108932   75.30896   40   86   76.76726   75.16205  2.09%  82.4 3309s
 508412 109079 infeasible   43        76.76726   75.16205  2.09%  82.4 3323s
 509650 109135   75.36783   39   87   76.76726   75.16213  2.09%  82.5 3336s
 510893 109224   75.42525   41   43   76.76726   75.16608  2.09%  82.5 3348s
 511690 109400   76.67118   47   36   76.76726   75.16717  2.08%  82.5 3364s
 513264 109496   76.66199   34   79   76.76726   75.17025  2.08%  82.4 3378s
 514600 109656 infeasible   30        76.76726   75.17318  2.08%  82.4 3394s
 516256 109675   76.06427   39   46   76.76726   75.17542  2.07%  82.4 3406s
 517522 109715   75.71587   36   72   76.76726   75.17784  2.07%  82.4 3419s
 518787 109789     cutoff   37        76.76726   75.18052  2.07%  82.4 3432s
 520043 109915     cutoff   34        76.76726   75.18354  2.06%  82.4 3445s
 521350 110018   76.38316   54   56   76.76726   75.18660  2.06%  82.4 3457s
 522434 110188   76.09134   39   39   76.76726   75.18920  2.06%  82.4 3473s
 523824 110312   75.70589   39   89   76.76726   75.19004  2.05%  82.4 3488s
 525097 110451     cutoff   41        76.76726   75.19004  2.05%  82.4 3502s
 526220 110583   76.43127   44   80   76.76726   75.19004  2.05%  82.4 3514s
 527357 110693   76.19734   39   60   76.76726   75.19004  2.05%  82.4 3527s
 528443 110843 infeasible   44        76.76726   75.19125  2.05%  82.4 3540s
 529776 111063   75.77751   44   56   76.76726   75.19480  2.05%  82.4 3553s
 531240 111174   75.42149   32   75   76.76726   75.19720  2.05%  82.4 3566s
 532445 111410   75.19789   40   65   76.76726   75.19789  2.04%  82.4 3579s
 533656 111517     cutoff   37        76.76726   75.19789  2.04%  82.4 3590s
 534464 111711   76.21329   36   97   76.76726   75.19789  2.04%  82.4 3600s

Cutting planes:
  Learned: 233
  Gomory: 15
  Lift-and-project: 1
  Cover: 8098
  Implied bound: 1384
  Projected implied bound: 26
  Clique: 84
  MIR: 132
  StrongCG: 77
  Flow cover: 1050
  GUB cover: 9
  Inf proof: 117
  Zero half: 90
  RLT: 247
  Relax-and-lift: 203
  PSD: 1

Explored 535398 nodes (44194978 simplex iterations) in 3600.40 seconds (1432.06 work units)
Thread count was 8 (of 24 available processors)

Solution count 10: 76.7673 76.7673 76.7673 ... 80.025

Time limit reached
Warning: max constraint violation (1.0976e-01) exceeds tolerance
Warning: max bound violation (1.0976e-01) exceeds tolerance
         (model may be infeasible or unbounded - try turning presolve off)
Best objective 7.676725951507e+01, best bound 7.519788634146e+01, gap 2.0443%
