
Gurobi 10.0.0 (win64) logging started Sun Jan 21 10:31:43 2024

Set parameter LogFile to value "C:/Users\Administrator\Documents\BNC_Repo\BNC_Tests\10_MIP_Results\n20m3\Instance_Class4_Parts20_Machines3_Instance1_logfileChe1021.txt"
Gurobi Optimizer version 10.0.0 build v10.0.0rc2 (win64)

CPU model: AMD EPYC 7513 32-Core Processor, instruction set [SSE2|AVX|AVX2]
Thread count: 24 physical cores, 24 logical processors, using up to 8 threads

Optimize a model with 20457 rows, 3461 columns and 100335 nonzeros
Model fingerprint: 0x76242d8c
Variable types: 1361 continuous, 2100 integer (2100 binary)
Coefficient statistics:
  Matrix range     [3e-06, 5e+02]
  Objective range  [1e+00, 1e+00]
  Bounds range     [1e+00, 1e+00]
  RHS range        [1e+00, 7e+02]
Presolve removed 6682 rows and 1357 columns
Presolve time: 0.45s
Presolved: 13775 rows, 2104 columns, 110963 nonzeros
Variable types: 101 continuous, 2003 integer (1943 binary)
Found heuristic solution: objective 484.7375600
Found heuristic solution: objective 417.1920800
Root relaxation presolved: 13775 rows, 2104 columns, 110963 nonzeros


Use crossover to convert LP symmetric solution to basic solution...

Root relaxation: objective 3.687320e+01, 2316 iterations, 0.50 seconds (0.70 work units)

    Nodes    |    Current Node    |     Objective Bounds      |     Work
 Expl Unexpl |  Obj  Depth IntInf | Incumbent    BestBd   Gap | It/Node Time

     0     0   36.87320    0  384  417.19208   36.87320  91.2%     -    1s
     0     0   36.95932    0  209  417.19208   36.95932  91.1%     -    2s
H    0     0                     266.7632000   36.95932  86.1%     -    2s
H    0     0                     173.4312400   36.95932  78.7%     -    3s
H    0     0                     168.6312400   36.95932  78.1%     -    3s
     0     0   37.18089    0  367  168.63124   37.18089  78.0%     -    4s
     0     0   37.18243    0  325  168.63124   37.18243  78.0%     -    4s
     0     0   37.37081    0  404  168.63124   37.37081  77.8%     -    5s
     0     0   37.46258    0  461  168.63124   37.46258  77.8%     -    6s
     0     0   37.46356    0  430  168.63124   37.46356  77.8%     -    6s
     0     0   37.61915    0  329  168.63124   37.61915  77.7%     -    7s
     0     0   37.61915    0  263  168.63124   37.61915  77.7%     -   10s
H    0     0                     165.2054000   37.61915  77.2%     -   10s
H    0     0                     101.9404400   37.61915  63.1%     -   11s
H    0     0                     101.7242800   37.61915  63.0%     -   11s
     0     0   37.61915    0  289  101.72428   37.61915  63.0%     -   12s
H    0     0                      83.6072600   37.61915  55.0%     -   12s
H    0     0                      78.0965400   37.61915  51.8%     -   12s
     0     0   37.68680    0  312   78.09654   37.68680  51.7%     -   12s
     0     0   37.74766    0  291   78.09654   37.74766  51.7%     -   13s
     0     0   37.77041    0  320   78.09654   37.77041  51.6%     -   13s
     0     0   37.78961    0  305   78.09654   37.78961  51.6%     -   13s
     0     0   37.79837    0  303   78.09654   37.79837  51.6%     -   13s
     0     0   37.80062    0  303   78.09654   37.80062  51.6%     -   13s
     0     0   37.80062    0  309   78.09654   37.80062  51.6%     -   13s
     0     0   37.81311    0  315   78.09654   37.81311  51.6%     -   14s
     0     0   37.81330    0  318   78.09654   37.81330  51.6%     -   14s
     0     0   37.81425    0  326   78.09654   37.81425  51.6%     -   14s
     0     0   37.81425    0  326   78.09654   37.81425  51.6%     -   14s
H    0     0                      59.0098000   37.81425  35.9%     -   15s
     0     0   37.89775    0  213   59.00980   37.89775  35.8%     -   15s
     0     0   37.90932    0  220   59.00980   37.90932  35.8%     -   15s
     0     0   37.91053    0  230   59.00980   37.91053  35.8%     -   15s
     0     0   37.91055    0  231   59.00980   37.91055  35.8%     -   16s
     0     0   37.91160    0  240   59.00980   37.91160  35.8%     -   16s
     0     0   37.91190    0  242   59.00980   37.91190  35.8%     -   17s
     0     0   37.91190    0  243   59.00980   37.91190  35.8%     -   17s
     0     0   37.91796    0  246   59.00980   37.91796  35.7%     -   18s
     0     0   37.91840    0  238   59.00980   37.91840  35.7%     -   18s
     0     0   37.91841    0  244   59.00980   37.91841  35.7%     -   18s
H    0     0                      57.3362600   37.91841  33.9%     -   19s
     0     0   37.92233    0  249   57.33626   37.92233  33.9%     -   19s
     0     0   37.92278    0  235   57.33626   37.92278  33.9%     -   19s
     0     0   37.92280    0  233   57.33626   37.92280  33.9%     -   19s
     0     0   37.92617    0  207   57.33626   37.92617  33.9%     -   20s
     0     0   37.92829    0  230   57.33626   37.92829  33.8%     -   20s
     0     0   37.92999    0  238   57.33626   37.92999  33.8%     -   20s
     0     0   37.92999    0  248   57.33626   37.92999  33.8%     -   20s
     0     0   37.93523    0  245   57.33626   37.93523  33.8%     -   21s
H    0     0                      55.0571600   37.93523  31.1%     -   21s
     0     0   37.93800    0  245   55.05716   37.93800  31.1%     -   21s
     0     0   37.93816    0  256   55.05716   37.93816  31.1%     -   21s
     0     0   37.96454    0  242   55.05716   37.96454  31.0%     -   23s
     0     0   37.96654    0  245   55.05716   37.96654  31.0%     -   23s
     0     0   37.96654    0  241   55.05716   37.96654  31.0%     -   23s
     0     0   37.96795    0  244   55.05716   37.96795  31.0%     -   24s
     0     0   37.96804    0  238   55.05716   37.96804  31.0%     -   24s
     0     0   37.97200    0  245   55.05716   37.97200  31.0%     -   24s
H    0     0                      52.9396800   37.97200  28.3%     -   24s
     0     0   37.97222    0  242   52.93968   37.97222  28.3%     -   24s
     0     0   38.00068    0  242   52.93968   38.00068  28.2%     -   25s
     0     0   38.00843    0  248   52.93968   38.00843  28.2%     -   25s
H    0     0                      51.6951000   38.00843  26.5%     -   25s
     0     0   38.08205    0  233   51.69510   38.08205  26.3%     -   25s
     0     0   38.08205    0  243   51.69510   38.08205  26.3%     -   25s
     0     0   38.08205    0  229   51.69510   38.08205  26.3%     -   25s
     0     0   38.08205    0  235   51.69510   38.08205  26.3%     -   25s
     0     0   38.08344    0  234   51.69510   38.08344  26.3%     -   26s
     0     0   38.08344    0  169   51.69510   38.08344  26.3%     -   26s
     0     0   38.08344    0  185   51.69510   38.08344  26.3%     -   28s
     0     0   38.08344    0  212   51.69510   38.08344  26.3%     -   29s
     0     0   38.08344    0  165   51.69510   38.08344  26.3%     -   29s
     0     0   38.08344    0  160   51.69510   38.08344  26.3%     -   29s
     0     0   38.08344    0  174   51.69510   38.08344  26.3%     -   29s
     0     0   38.08344    0  177   51.69510   38.08344  26.3%     -   29s
     0     0   38.08344    0  179   51.69510   38.08344  26.3%     -   29s
     0     0   38.08344    0  185   51.69510   38.08344  26.3%     -   29s
     0     0   38.08344    0  184   51.69510   38.08344  26.3%     -   29s
     0     0   38.08344    0  224   51.69510   38.08344  26.3%     -   30s
     0     0   38.08344    0  230   51.69510   38.08344  26.3%     -   30s
     0     0   38.21244    0  237   51.69510   38.21244  26.1%     -   30s
     0     0   38.66960    0  227   51.69510   38.66960  25.2%     -   30s
     0     0   38.66960    0  242   51.69510   38.66960  25.2%     -   30s
     0     0   38.66960    0  246   51.69510   38.66960  25.2%     -   30s
     0     0   38.66960    0  244   51.69510   38.66960  25.2%     -   30s
     0     0   38.66960    0  255   51.69510   38.66960  25.2%     -   31s
     0     0   38.66960    0  205   51.69510   38.66960  25.2%     -   31s
H    0     0                      48.7789400   38.66960  20.7%     -   32s
     0     2   38.66960    0  195   48.77894   38.66960  20.7%     -   32s
H   74    68                      48.2861600   38.66960  19.9%   220   33s
H  103    96                      48.2385400   38.66960  19.8%   189   33s
H  110    96                      48.0431200   38.66960  19.5%   181   33s
H  140   131                      47.7321600   38.66960  19.0%   175   34s
H  145   131                      47.5160000   38.66960  18.6%   170   34s
   389   326   46.18816   33   75   47.51600   38.66960  18.6%   117   35s
H  425   361                      46.9550200   38.66960  17.6%   114   35s
H 1020   658                      46.5874400   39.19543  15.9%  99.4   38s
H 1034   615                      46.1881600   39.19543  15.1%   100   39s
H 1035   615                      46.1705600   39.19543  15.1%   100   39s
H 1037   442                      44.3297000   39.19543  11.6%   100   39s
  1369   655   43.66314   26   45   44.32970   39.51268  10.9%  96.2   40s
H 1452   645                      44.2308200   39.51268  10.7%  95.3   42s
  1468   653   43.65100   75  177   44.23082   39.51268  10.7%  94.3   45s
H 1620   691                      43.9877300   39.79514  9.53%   105   46s
H 1671   669                      43.9732400   39.80543  9.48%   103   47s
  2573   744   41.46823   25   47   43.97324   40.64281  7.57%   100   50s
H 2597   703                      43.9244000   40.64281  7.47%   100   50s
H 2610   665                      43.9146400   40.64281  7.45%   100   50s
H 4458  1373                      43.9008800   41.15828  6.25%  88.5   53s
  5443  1771   42.46362   34   56   43.90088   41.27894  5.97%  86.4   55s
  8115  2723   42.18756   33   71   43.90088   41.39730  5.70%  80.9   60s
 11314  3682   41.87596   42   76   43.90088   41.46823  5.54%  78.7   65s
 13716  4072   43.49468   41   52   43.90088   41.46823  5.54%  77.8   70s
 16375  5009   41.70217   29   77   43.90088   41.51838  5.43%  76.7   75s
 18045  5490 infeasible   38        43.90088   41.51838  5.43%  76.2   81s
 20305  6085   41.67803   49   59   43.90088   41.53915  5.38%  76.0   85s
 22665  6693   42.91589   30   56   43.90088   41.56690  5.32%  75.5   90s
 25463  7135   41.67947   34   63   43.90088   41.62399  5.19%  74.4   95s
 28047  7519   42.91519   24  100   43.90088   41.69450  5.03%  74.3  100s
 30569  8004   41.91300   30   71   43.90088   41.76099  4.87%  74.1  105s
 33257  8552   42.48270   30   59   43.90088   41.81930  4.74%  73.8  110s
 35939  8963 infeasible   33        43.90088   41.81930  4.74%  73.7  115s
 38359  9361 infeasible   34        43.90088   41.87048  4.62%  73.3  120s
 40097  9688   43.47422   31   61   43.90088   41.89377  4.57%  73.3  125s
 42863 10049   41.92228   25   89   43.90088   41.90735  4.54%  73.4  130s
 45427 10336 infeasible   37        43.90088   41.95043  4.44%  73.3  136s
 47024 10592   42.14023   34   45   43.90088   41.96857  4.40%  73.7  140s
 49792 10977   42.49482   35   89   43.90088   42.01308  4.30%  73.5  146s
 52373 11234     cutoff   34        43.90088   42.04436  4.23%  73.5  150s
*53042 11371              74      43.8978200   42.05738  4.19%  73.4  152s
H53404 11155                      43.8313000   42.06068  4.04%  73.4  155s
 55232 11602   42.77844   35  100   43.83130   42.09543  3.96%  73.5  161s
 57115 12153   42.24466   32   81   43.83130   42.10281  3.94%  73.3  166s
 59301 12446 infeasible   30        43.83130   42.10559  3.94%  72.8  171s
 61061 12805   42.41437   38   47   43.83130   42.11726  3.91%  72.8  175s
 63582 13056   43.14632   34   60   43.83130   42.13588  3.87%  72.7  180s
 65420 13513   43.42341   29   42   43.83130   42.15296  3.83%  73.0  186s
 67233 13776 infeasible   28        43.83130   42.16857  3.79%  72.9  191s
 68898 13973 infeasible   37        43.83130   42.17800  3.77%  73.1  197s
 70656 14202   42.69676   44   53   43.83130   42.19578  3.73%  73.1  202s
 71921 14306 infeasible   43        43.83130   42.20289  3.72%  73.2  205s
 73275 14575 infeasible   37        43.83130   42.21272  3.69%  73.1  210s
 75862 14896   43.09575   36   52   43.83130   42.23249  3.65%  73.1  216s
 77489 15081   42.24466   29   53   43.83130   42.24466  3.62%  73.1  221s
 79169 15270   43.71002   32   57   43.83130   42.25136  3.60%  73.1  226s
 80873 15459     cutoff   34        43.83130   42.26561  3.57%  73.1  230s
*82182 14918              37      43.7174900   42.27285  3.30%  73.3  233s
H82415 14942                      43.7174900   42.27759  3.29%  73.3  234s
 82818 15015     cutoff   36        43.71749   42.28068  3.29%  73.3  237s
 84484 15194 infeasible   38        43.71749   42.29487  3.25%  73.3  242s
 86192 15341   43.17327   26   57   43.71749   42.30820  3.22%  73.5  247s
 87901 15482     cutoff   38        43.71749   42.32498  3.19%  73.7  252s
 89482 15629 infeasible   38        43.71749   42.33674  3.16%  73.9  256s
 91354 15758     cutoff   35        43.71749   42.35187  3.12%  74.0  261s
 93142 15897   43.48673   34   63   43.71749   42.36568  3.09%  74.0  267s
 94002 15965     cutoff   40        43.71749   42.37024  3.08%  74.0  270s
 95807 16097   42.71619   33   73   43.71749   42.38296  3.05%  74.1  275s
 97432 16232 infeasible   38        43.71749   42.40220  3.01%  74.3  280s
 99124 16344 infeasible   30        43.71749   42.41195  2.99%  74.4  286s
 100847 16563 infeasible   39        43.71749   42.42887  2.95%  74.5  291s
 102634 16703   43.22344   31   76   43.71749   42.44204  2.92%  74.6  296s
 104181 16869     cutoff   41        43.71749   42.45388  2.89%  74.7  302s
 105147 16923   42.90929   38   44   43.71749   42.45388  2.89%  74.8  305s
 106975 17069   43.49884   31   40   43.71749   42.46551  2.86%  74.8  311s
 108803 17199   43.19410   38   64   43.71749   42.47643  2.84%  74.9  317s
 110539 17291   42.90133   38   63   43.71749   42.49050  2.81%  75.0  322s
 112404 17367   42.81672   36   72   43.71749   42.50341  2.78%  75.1  327s
 114131 17536   43.48382   33   66   43.71749   42.51714  2.75%  75.2  332s
 115116 17595   42.53769   37   59   43.71749   42.52231  2.73%  75.2  335s
 116872 17693   43.23333   35   79   43.71749   42.52836  2.72%  75.3  341s
 118661 17809   43.38119   34  100   43.71749   42.53947  2.69%  75.5  347s
 120315 17849 infeasible   49        43.71749   42.55063  2.67%  75.6  352s
 121214 17922   42.72930   33  101   43.71749   42.55733  2.65%  75.7  355s
 123059 17985   42.62460   37   52   43.71749   42.56786  2.63%  75.8  361s
 124889 18026   43.36107   43   42   43.71749   42.57608  2.61%  75.9  367s
 126883 18037   42.59946   30   64   43.71749   42.58792  2.58%  76.0  371s
 128133 18081   42.73308   31   70   43.71749   42.59512  2.57%  76.0  377s
 130108 18170     cutoff   30        43.71749   42.60137  2.55%  76.1  382s
 131113 18211   42.78145   32  103   43.71749   42.60545  2.54%  76.1  385s
 132894 18333   43.14590   35   40   43.71749   42.61731  2.52%  76.2  390s
 134560 18321   43.31922   28   97   43.71749   42.62970  2.49%  76.3  395s
 136328 18379   43.63867   35   52   43.71749   42.64272  2.46%  76.4  401s
 138124 18672   43.59222   31   75   43.71749   42.64943  2.44%  76.4  407s
 139135 18965   42.89419   31   43   43.71749   42.64943  2.44%  76.4  411s
 141342 19129   43.43987   32   43   43.71749   42.64943  2.44%  76.2  417s
 142151 19231 infeasible   34        43.71749   42.64943  2.44%  76.3  420s
 143790 19314   42.73120   35   55   43.71749   42.64943  2.44%  76.5  426s
 145448 19398 infeasible   33        43.71749   42.66474  2.41%  76.5  432s
 146262 19670   42.90079   31   70   43.71749   42.67020  2.40%  76.6  436s
 147337 19858   43.66176   47   21   43.71749   42.67020  2.40%  76.6  440s
 149201 20118   43.42656   37   42   43.71749   42.67020  2.40%  76.7  448s
 150387 20238   43.45248   31   49   43.71749   42.67020  2.40%  76.8  452s
 151437 20313   43.29588   29   45   43.71749   42.67020  2.40%  76.9  455s
 153482 20472   43.50896   35   83   43.71749   42.67587  2.38%  77.0  462s
 154574 20615   43.66884   34   43   43.71749   42.67931  2.37%  77.0  467s
 155781 20616   42.92447   41   69   43.71749   42.68034  2.37%  76.9  470s
 156717 20679     cutoff   33        43.71749   42.68539  2.36%  77.0  476s
 157851 20734     cutoff   42        43.71749   42.68942  2.35%  77.0  480s
 159858 20858   43.37589   36   27   43.71749   42.69921  2.33%  77.0  487s
 160883 20934   42.79108   29   55   43.71749   42.70075  2.33%  77.1  490s
 162789 20944   42.95692   30   58   43.71749   42.70844  2.31%  77.1  495s
 163775 20991   42.91510   41   65   43.71749   42.71636  2.29%  77.2  503s
 165307 21178   43.66176   40   36   43.71749   42.71966  2.28%  77.3  507s
 166489 21287   42.72177   33   92   43.71749   42.72036  2.28%  77.3  510s
 168418 21429   42.79128   38   50   43.71749   42.72092  2.28%  77.4  517s
 169357 21447     cutoff   38        43.71749   42.72747  2.26%  77.4  520s
 171289 21481 infeasible   42        43.71749   42.73530  2.25%  77.5  527s
 172251 21436   43.69216   35   60   43.71749   42.74095  2.23%  77.6  530s
 174192 21392   43.64093   39   44   43.71749   42.74806  2.22%  77.7  538s
 175125 21400   42.75303   38   62   43.71749   42.75303  2.21%  77.8  542s
 176120 21430   43.44838   35   53   43.71749   42.75671  2.20%  77.8  545s
 177907 21435   42.81090   41   27   43.71749   42.76517  2.18%  77.9  552s
 178869 21398   43.11906   33   94   43.71749   42.76875  2.17%  77.9  556s
 179765 21377   42.77149   39   88   43.71749   42.77051  2.17%  78.0  560s
 181565 21364   42.96985   38   70   43.71749   42.78116  2.14%  78.1  566s
 183259 21311   43.60546   39   79   43.71749   42.78917  2.12%  78.2  573s
 184132 21302 infeasible   30        43.71749   42.79492  2.11%  78.3  577s
 185131 21259   42.89271   26   92   43.71749   42.79998  2.10%  78.3  580s
 187032 21328   42.80850   40   29   43.71749   42.80850  2.08%  78.4  588s
 188077 21320 infeasible   45        43.71749   42.81205  2.07%  78.4  592s
 189070 21387   43.32334   29   52   43.71749   42.81637  2.06%  78.5  596s
 191059 21369   43.21868   35   87   43.71749   42.82669  2.04%  78.5  603s
 192046 21386     cutoff   36        43.71749   42.82927  2.03%  78.5  607s
 193014 21378   43.23368   27   75   43.71749   42.83315  2.02%  78.5  611s
 193864 21371   43.41076   34   62   43.71749   42.83991  2.01%  78.6  618s
 194135 21339   43.41076   35   71   43.71749   42.84006  2.01%  78.6  621s
 195021 21344   43.28116   32   77   43.71749   42.84982  1.98%  78.7  625s
 195899 21345   43.70723   33   92   43.71749   42.85597  1.97%  78.8  632s
 196286 21359 infeasible   29        43.71749   42.85637  1.97%  78.8  635s
 197966 21348   42.89080   39   90   43.71749   42.86727  1.94%  78.9  642s
 198994 21343 infeasible   34        43.71749   42.87410  1.93%  78.9  646s
 199989 21414   42.87942   34   52   43.71749   42.87942  1.92%  78.9  650s
 201996 21374 infeasible   43        43.71749   42.88475  1.90%  78.9  659s
 202958 21388   42.88542   35   37   43.71749   42.88542  1.90%  79.0  663s
 203847 21385 infeasible   38        43.71749   42.88542  1.90%  79.1  667s
 204796 21387     cutoff   32        43.71749   42.88587  1.90%  79.1  671s
 205795 21359   43.41364   43   75   43.71749   42.88896  1.90%  79.1  675s
 206825 21339   43.05639   38   78   43.71749   42.89655  1.88%  79.1  681s
 208212 21385 infeasible   32        43.71749   42.90019  1.87%  79.0  686s
 209285 21485     cutoff   32        43.71749   42.90042  1.87%  79.1  690s
 210145 21538   42.90042   25   27   43.71749   42.90042  1.87%  79.1  695s
 211281 21611   42.92516   39   87   43.71749   42.90110  1.87%  79.1  700s
 213065 21587   42.91913   30   66   43.71749   42.90722  1.85%  79.1  708s
 214152 21620   43.12657   35   55   43.71749   42.91285  1.84%  79.1  713s
 215201 21518   43.45691   29  107   43.71749   42.91496  1.84%  79.0  718s
 216142 21447     cutoff   38        43.71749   42.91921  1.83%  79.0  723s
 217125 21410 infeasible   42        43.71749   42.92401  1.82%  79.0  727s
 218011 21405   42.94128   33   78   43.71749   42.93130  1.80%  79.1  731s
 218944 21355 infeasible   49        43.71749   42.93460  1.79%  79.1  735s
 219800 21363   42.98240   33   51   43.71749   42.94044  1.78%  79.1  740s
 220840 21346     cutoff   39        43.71749   42.94670  1.76%  79.1  746s
 222210 21357   43.08893   32   66   43.71749   42.95035  1.75%  79.1  753s
 223676 21442   43.43349   31   45   43.71749   42.95035  1.75%  79.0  759s
 225169 21495   43.37181   46   71   43.71749   42.95035  1.75%  78.9  766s
 226506 21579   42.96394   33   91   43.71749   42.95035  1.75%  78.9  772s
 227774 21727     cutoff   33        43.71749   42.95244  1.75%  78.8  777s
 228736 21746     cutoff   38        43.71749   42.95336  1.75%  78.7  782s
 229771 21861   42.97197   40   59   43.71749   42.95472  1.74%  78.8  788s
 230906 21983   43.63040   35   50   43.71749   42.95571  1.74%  78.7  794s
 232092 22035   43.17584   34   76   43.71749   42.95575  1.74%  78.7  800s
 234067 22059   43.09575   29   49   43.71749   42.96310  1.73%  78.6  809s
 235041 22056   43.29357   30   53   43.71749   42.96627  1.72%  78.6  814s
 236017 22142     cutoff   26        43.71749   42.97054  1.71%  78.6  819s
 236964 22156   43.60772   36   54   43.71749   42.97112  1.71%  78.6  824s
 237828 22132   43.64237   34   42   43.71749   42.97257  1.70%  78.6  828s
 238556 22073   42.98601   41   46   43.71749   42.97491  1.70%  78.7  832s
 239530 22019     cutoff   37        43.71749   42.97853  1.69%  78.7  836s
 240506 22057   43.49038   42   48   43.71749   42.98195  1.68%  78.7  841s
 241491 22008   43.10363   32   48   43.71749   42.98656  1.67%  78.7  845s
 243242 21943   43.53906   29   45   43.71749   42.99538  1.65%  78.8  853s
 244167 21852   43.53716   37   62   43.71749   43.00014  1.64%  78.8  859s
 245274 21850     cutoff   31        43.71749   43.00252  1.64%  78.8  865s
 247197 21703   43.50630   42   58   43.71749   43.00676  1.63%  78.9  873s
 248212 21623 infeasible   43        43.71749   43.01194  1.61%  78.9  878s
 249100 21592 infeasible   37        43.71749   43.01921  1.60%  78.9  883s
 250310 21637 infeasible   39        43.71749   43.02127  1.59%  79.0  889s
 251533 21738   43.37308   31   49   43.71749   43.02127  1.59%  79.0  894s
 252601 21814 infeasible   37        43.71749   43.02127  1.59%  79.0  899s
 253776 21957 infeasible   33        43.71749   43.02127  1.59%  79.0  905s
 254874 22028   43.08082   41   60   43.71749   43.02127  1.59%  79.0  910s
 256040 22064   43.57382   36  103   43.71749   43.02127  1.59%  79.0  915s
 256975 22136   43.09043   23   71   43.71749   43.02482  1.58%  79.1  921s
 257989 22170 infeasible   30        43.71749   43.02482  1.58%  79.1  927s
 259169 22115   43.64926   27   70   43.71749   43.02803  1.58%  79.1  933s
 260158 22033 infeasible   36        43.71749   43.03157  1.57%  79.1  938s
 260884 22020   43.03555   35   54   43.71749   43.03555  1.56%  79.2  944s
 261951 22054 infeasible   27        43.71749   43.04089  1.55%  79.2  950s
 263131 22044 infeasible   40        43.71749   43.04321  1.54%  79.2  956s
 264272 21990   43.04600   41   32   43.71749   43.04600  1.54%  79.1  962s
 265398 21983 infeasible   38        43.71749   43.04649  1.53%  79.1  968s
 266258 21998 infeasible   45        43.71749   43.04987  1.53%  79.1  975s
 268045 21805   43.23159   30   86   43.71749   43.05632  1.51%  79.1  986s
 269362 21692   43.13087   42   88   43.71749   43.06166  1.50%  79.1  993s
 270315 21636   43.44146   48   75   43.71749   43.06673  1.49%  79.2  999s
 271376 21621   43.07717   41   78   43.71749   43.07142  1.48%  79.2 1006s
 272486 21587   43.42104   36   70   43.71749   43.07498  1.47%  79.2 1011s
 273301 21615   43.08439   42   51   43.71749   43.07498  1.47%  79.3 1018s
 274401 21790   43.11100   30   91   43.71749   43.07550  1.47%  79.3 1027s
 275756 21849     cutoff   38        43.71749   43.07550  1.47%  79.2 1034s
 276942 21843 infeasible   38        43.71749   43.07670  1.47%  79.1 1040s
 277828 22023   43.20430   28   96   43.71749   43.08064  1.46%  79.1 1047s
 278973 22076     cutoff   30        43.71749   43.08064  1.46%  79.0 1054s
 279926 22029   43.13147   30   49   43.71749   43.08064  1.46%  79.0 1061s
 280939 22045   43.44682   30   81   43.71749   43.09196  1.43%  79.0 1070s
 282276 21935   43.09575   27   86   43.71749   43.09487  1.42%  79.0 1076s
 283096 21978   43.09640   36   50   43.71749   43.09575  1.42%  79.1 1085s
 284276 22016 infeasible   39        43.71749   43.09575  1.42%  79.1 1091s
 284935 22083   43.44682   40   89   43.71749   43.09575  1.42%  79.2 1101s
 286441 22201   43.51625   34   81   43.71749   43.09575  1.42%  79.3 1112s
 287920 22242   43.54883   39   36   43.71749   43.09575  1.42%  79.3 1121s
 288955 22256 infeasible   28        43.71749   43.09756  1.42%  79.3 1129s
 290018 22325 infeasible   39        43.71749   43.10035  1.41%  79.4 1139s
 291346 22291   43.18022   29   92   43.71749   43.10172  1.41%  79.4 1148s
 292551 22144     cutoff   30        43.71749   43.10589  1.40%  79.5 1155s
 293413 22146   43.11100   36   49   43.71749   43.11072  1.39%  79.5 1165s
 294714 22141   43.66470   34   57   43.71749   43.11143  1.39%  79.5 1170s
 294938 22011 infeasible   35        43.71749   43.11143  1.39%  79.5 1179s
 295971 21922     cutoff   37        43.71749   43.11609  1.38%  79.5 1188s
 297177 21855   43.54304   29   93   43.71749   43.12105  1.36%  79.5 1199s
 298598 21727 infeasible   30        43.71749   43.12513  1.35%  79.5 1208s
 299643 21799     cutoff   40        43.71749   43.12715  1.35%  79.6 1220s
 301166 21871   43.43660   38   53   43.71749   43.13080  1.34%  79.6 1229s
 302178 21848   43.43660   41   58   43.71749   43.13080  1.34%  79.5 1239s
 303457 21756   43.29399   47   53   43.71749   43.13080  1.34%  79.5 1248s
 304459 21660     cutoff   36        43.71749   43.13504  1.33%  79.4 1256s
 305346 21567   43.42548   33   73   43.71749   43.13818  1.33%  79.4 1263s
 306280 21404   43.16834   37   53   43.71749   43.14220  1.32%  79.5 1273s
 307310 21354     cutoff   39        43.71749   43.14590  1.31%  79.5 1284s
 308525 21319   43.66073   39   87   43.71749   43.14590  1.31%  79.6 1294s
 309654 21355   43.69534   30   35   43.71749   43.14590  1.31%  79.7 1305s
 310867 21374   43.32454   36   70   43.71749   43.14590  1.31%  79.7 1315s
 312087 21285   43.37589   32   91   43.71749   43.14590  1.31%  79.7 1323s
 312843 21161   43.44545   41  101   43.71749   43.14590  1.31%  79.8 1331s
 313770 21133   43.64648   35   46   43.71749   43.15017  1.30%  79.8 1339s
 314815 20943 infeasible   35        43.71749   43.15436  1.29%  79.9 1346s
 315670 20875   43.25568   38   20   43.71749   43.15884  1.28%  79.9 1357s
 317129 20781 infeasible   33        43.71749   43.15987  1.28%  79.9 1366s
 318147 20696     cutoff   36        43.71749   43.16312  1.27%  79.9 1376s
 319378 20610   43.25342   37   41   43.71749   43.16667  1.26%  80.0 1385s
 320215 20625   43.31137   25   63   43.71749   43.16667  1.26%  80.1 1394s
 321254 20566 infeasible   31        43.71749   43.16667  1.26%  80.2 1401s
 321976 20444 infeasible   35        43.71749   43.16918  1.25%  80.2 1409s
 322935 20328   43.17682   41   65   43.71749   43.17267  1.25%  80.3 1418s
 323956 20334 infeasible   40        43.71749   43.17529  1.24%  80.3 1427s
 325119 20283   43.28904   29   63   43.71749   43.17937  1.23%  80.3 1436s
 326313 20117   43.18550   41   46   43.71749   43.18379  1.22%  80.4 1445s
 327365 20106   43.57716   40   17   43.71749   43.18807  1.21%  80.4 1451s
 327614 20012   43.57716   41   13   43.71749   43.18807  1.21%  80.4 1458s
 328556 19763   43.43537   36   70   43.71749   43.19254  1.20%  80.5 1468s
 329666 19681     cutoff   36        43.71749   43.19470  1.20%  80.5 1479s
 331160 19725   43.25464   30   85   43.71749   43.19605  1.19%  80.5 1487s
 332251 19765     cutoff   36        43.71749   43.20018  1.18%  80.5 1496s
 333447 19705 infeasible   39        43.71749   43.20018  1.18%  80.6 1505s
 334656 19589     cutoff   39        43.71749   43.20140  1.18%  80.6 1514s
 335790 19404 infeasible   36        43.71749   43.20859  1.16%  80.6 1521s
 336637 19328   43.21598   33   60   43.71749   43.21327  1.15%  80.6 1529s
 337860 19288   43.63408   41   60   43.71749   43.21598  1.15%  80.6 1539s
 339301 19212 infeasible   35        43.71749   43.21806  1.14%  80.5 1546s
 340217 19127     cutoff   44        43.71749   43.22284  1.13%  80.6 1553s
 341151 19087   43.58407   32   63   43.71749   43.22284  1.13%  80.6 1561s
 342191 18908 infeasible   39        43.71749   43.22980  1.12%  80.6 1569s
 343140 18806     cutoff   36        43.71749   43.23404  1.11%  80.7 1577s
 344298 18684   43.60386   36   30   43.71749   43.23971  1.09%  80.7 1585s
 345323 18486 infeasible   42        43.71749   43.24399  1.08%  80.7 1593s
 346289 18354 infeasible   29        43.71749   43.25016  1.07%  80.7 1602s
 347455 18230 infeasible   36        43.71749   43.25481  1.06%  80.7 1610s
 348548 18043 infeasible   35        43.71749   43.25630  1.05%  80.8 1617s
 349367 17900   43.55894   38   77   43.71749   43.26282  1.04%  80.8 1626s
 350532 17704     cutoff   38        43.71749   43.27085  1.02%  80.8 1634s
 351412 17562 infeasible   47        43.71749   43.27714  1.01%  80.9 1643s
 352547 17333   43.56582   28  112   43.71749   43.28282  0.99%  80.9 1649s
 353328 17170 infeasible   34        43.71749   43.29369  0.97%  80.9 1657s
 354275 17071 infeasible   36        43.71749   43.29808  0.96%  80.9 1665s
 355343 16802 infeasible   37        43.71749   43.30142  0.95%  81.0 1675s
 356222 16699   43.60654   30   82   43.71749   43.30531  0.94%  81.1 1684s
 357559 16414     cutoff   34        43.71749   43.31063  0.93%  81.0 1692s
 358442 16264   43.66855   39   30   43.71749   43.31772  0.91%  81.0 1700s
 359432 16086 infeasible   31        43.71749   43.32556  0.90%  81.1 1711s
 360928 15948   43.33366   39   33   43.71749   43.32676  0.89%  81.0 1720s
 361988 15736   43.33722   35   70   43.71749   43.33141  0.88%  81.0 1729s
 362955 15617 infeasible   45        43.71749   43.33567  0.87%  81.0 1737s
 363870 15433 infeasible   42        43.71749   43.34546  0.85%  81.0 1744s
 364714 15232 infeasible   48        43.71749   43.34976  0.84%  81.1 1751s
 365482 15034   43.51185   34   40   43.71749   43.35661  0.83%  81.1 1760s
 366681 14836   43.49057   52   59   43.71749   43.36434  0.81%  81.1 1770s
 367764 14786 infeasible   33        43.71749   43.37234  0.79%  81.1 1775s
H367794 14786                      43.7174898   43.37234  0.79%  81.1 1775s
 367867 14568 infeasible   32        43.71749   43.37234  0.79%  81.1 1784s
 368664 14457 infeasible   47        43.71749   43.37575  0.78%  81.2 1796s
 370096 14378 infeasible   43        43.71749   43.37589  0.78%  81.2 1806s
 371311 14513   43.40198   35   76   43.71749   43.37768  0.78%  81.2 1819s
 373211 14541     cutoff   36        43.71749   43.38156  0.77%  81.0 1828s
 374071 14448   43.55373   39   40   43.71749   43.38156  0.77%  81.0 1839s
 375439 14296   43.57298   36   49   43.71749   43.38208  0.77%  80.9 1847s
 376302 14078     cutoff   32        43.71749   43.38897  0.75%  81.0 1855s
 377031 13983   43.39669   40   96   43.71749   43.39419  0.74%  81.0 1866s
 378382 13913   43.49578   40   50   43.71749   43.39666  0.73%  81.0 1875s
 379452 13879   43.40291   32   79   43.71749   43.40233  0.72%  81.0 1886s
 380823 13909     cutoff   47        43.71749   43.40314  0.72%  80.9 1897s
 382040 13866 infeasible   39        43.71749   43.40453  0.72%  80.9 1905s
 382897 13870   43.41076   34   51   43.71749   43.41076  0.70%  80.9 1912s
 383659 13792 infeasible   47        43.71749   43.41076  0.70%  81.0 1918s
 384266 13646   43.51777   39   62   43.71749   43.41076  0.70%  81.0 1928s
 385407 13461   43.57716   36   14   43.71749   43.41554  0.69%  81.0 1935s
 386315 13257     cutoff   44        43.71749   43.42595  0.67%  81.0 1946s
 387505 12999     cutoff   42        43.71749   43.43156  0.65%  81.0 1953s
 388205 12772     cutoff   35        43.71749   43.43660  0.64%  81.1 1962s
 389149 12644 infeasible   39        43.71749   43.44020  0.63%  81.2 1972s
 390101 12614   43.44020   30   65   43.71749   43.44020  0.63%  81.3 1983s
 391128 12557   43.47973   41   77   43.71749   43.44020  0.63%  81.4 1993s
 392055 12488   43.53211   29   74   43.71749   43.44020  0.63%  81.5 2003s
 393192 12449   43.50375   37   58   43.71749   43.44020  0.63%  81.6 2014s
 394125 12362   43.44020   38   51   43.71749   43.44020  0.63%  81.7 2023s
 395145 12301   43.44020   46   44   43.71749   43.44020  0.63%  81.8 2033s
 395454 12005   43.44020   47   37   43.71749   43.44020  0.63%  81.8 2044s
 396456 11881 infeasible   32        43.71749   43.44682  0.62%  81.8 2063s
 398701 11632   43.66258   33   36   43.71749   43.44682  0.62%  81.7 2076s
 399794 11479     cutoff   39        43.71749   43.44838  0.62%  81.8 2094s
 401613 11483   43.46792   35   39   43.71749   43.45248  0.61%  81.7 2110s
 403262 11391   43.54429   48   45   43.71749   43.45248  0.61%  81.7 2119s
 404148 11108 infeasible   40        43.71749   43.45603  0.60%  81.7 2128s
 405161 10993 infeasible   38        43.71749   43.46277  0.58%  81.6 2137s
 405856 10780 infeasible   37        43.71749   43.46759  0.57%  81.7 2145s
 406620 10534 infeasible   36        43.71749   43.47131  0.56%  81.7 2157s
 408039 10280   43.69984   37   44   43.71749   43.47250  0.56%  81.7 2168s
 409353 10157 infeasible   40        43.71749   43.48030  0.54%  81.6 2180s
 410695 10053 infeasible   46        43.71749   43.48268  0.54%  81.6 2190s
 411574  9988 infeasible   32        43.71749   43.48350  0.54%  81.6 2199s
 412545  9893     cutoff   44        43.71749   43.48350  0.54%  81.6 2208s
 413444  9732   43.51550   29   50   43.71749   43.48350  0.54%  81.7 2217s
 414387  9440 infeasible   38        43.71749   43.48822  0.52%  81.7 2226s
 415305  9198     cutoff   36        43.71749   43.49038  0.52%  81.7 2237s
 416501  8979 infeasible   47        43.71749   43.49342  0.51%  81.7 2247s
 417650  8948   43.50056   36   12   43.71749   43.49884  0.50%  81.6 2261s
 419198  8787 infeasible   47        43.71749   43.50056  0.50%  81.5 2271s
 420183  8599 infeasible   36        43.71749   43.50160  0.49%  81.5 2280s
 421097  8286   43.51038   41   80   43.71749   43.51002  0.47%  81.5 2289s
 421966  8216   43.51614   37   35   43.71749   43.51579  0.46%  81.5 2304s
 423525  8069   43.53792   32   75   43.71749   43.51774  0.46%  81.4 2318s
 424808  7984 infeasible   41        43.71749   43.51774  0.46%  81.4 2329s
 425879  7860 infeasible   46        43.71749   43.52341  0.44%  81.4 2343s
 427173  7644     cutoff   34        43.71749   43.52696  0.44%  81.3 2354s
 428087  7376   43.53263   42   18   43.71749   43.53134  0.43%  81.3 2367s
 429213  7027     cutoff   40        43.71749   43.53906  0.41%  81.3 2378s
 430370  6768 infeasible   46        43.71749   43.54520  0.39%  81.3 2390s
 431561  6542 infeasible   50        43.71749   43.54982  0.38%  81.2 2402s
 432728  6434     cutoff   39        43.71749   43.55378  0.37%  81.2 2416s
 434010  6232 infeasible   34        43.71749   43.55378  0.37%  81.1 2428s
 435148  6047   43.69252   34   30   43.71749   43.55378  0.37%  81.1 2438s
 436171  5788   43.65782   41   34   43.71749   43.56912  0.34%  81.0 2450s
 437211  5525 infeasible   34        43.71749   43.57633  0.32%  81.0 2463s
 438350  5263   43.64452   39   80   43.71749   43.58226  0.31%  80.9 2473s
 439268  4977     cutoff   38        43.71749   43.59222  0.29%  80.9 2487s
 440383  4738 infeasible   44        43.71749   43.59788  0.27%  80.9 2498s
 441290  4508     cutoff   33        43.71749   43.60386  0.26%  80.8 2512s
 442485  4103 infeasible   39        43.71749   43.60777  0.25%  80.7 2525s
 443629  3838 infeasible   33        43.71749   43.63088  0.20%  80.7 2538s
 444676  3512     cutoff   32        43.71749   43.63540  0.19%  80.6 2552s
 445777  3240 infeasible   46        43.71749   43.63703  0.18%  80.6 2561s
 446438  3099 infeasible   38        43.71749   43.64926  0.16%  80.6 2572s
 446717  2625 infeasible   37        43.71749   43.64926  0.16%  80.6 2583s
 447506  2125 infeasible   46        43.71749   43.66176  0.13%  80.7 2601s
 448887  1686   43.66176   44   44   43.71749   43.66176  0.13%  80.7 2615s
 450159  1314 infeasible   44        43.71749   43.66562  0.12%  80.7 2626s
 451013   951     cutoff   32        43.71749   43.67802  0.09%  80.6 2640s
 452243   739   43.69961   24   74   43.71749   43.68848  0.07%  80.6 2653s
 453192   668   43.69961   30   40   43.71749   43.69961  0.04%  80.5 2668s
 454297   609   43.71313   42   43   43.71749   43.69961  0.04%  80.5 2681s
 455286   562   43.70036   40   41   43.71749   43.69961  0.04%  80.5 2693s
 456201   491   43.69961   38   41   43.71749   43.69961  0.04%  80.5 2704s
 456986   359 infeasible   31        43.71749   43.69961  0.04%  80.5 2717s
 457881   223 infeasible   32        43.71749   43.69961  0.04%  80.5 2729s
 458770   162   43.69961   31   78   43.71749   43.69961  0.04%  80.5 2739s
 459051   162 infeasible   54        43.71749   43.69961  0.04%  80.5 2740s
 459198     8 infeasible   55        43.71749   43.69961  0.04%  80.5 2748s

Cutting planes:
  Learned: 259
  Gomory: 19
  Lift-and-project: 1
  Cover: 11720
  Implied bound: 1116
  Projected implied bound: 17
  Clique: 51
  MIR: 100
  StrongCG: 34
  Flow cover: 850
  GUB cover: 40
  Inf proof: 214
  Zero half: 15
  Network: 2
  RLT: 192
  Relax-and-lift: 186

Explored 459841 nodes (37023960 simplex iterations) in 2749.63 seconds (1294.76 work units)
Thread count was 8 (of 24 available processors)

Solution count 10: 43.7175 43.7175 43.7175 ... 43.9732

Optimal solution found (tolerance 7.00e-06)
Best objective 4.371749000000e+01, best bound 4.371749000000e+01, gap 0.0000%
