
Gurobi 10.0.0 (win64) logging started Sun Jan 21 06:56:22 2024

Set parameter LogFile to value "C:/Users\Administrator\Documents\BNC_Repo\BNC_Tests\10_MIP_Results\n20m3\Instance_Class3_Parts20_Machines3_Instance4_logfileChe21.txt"
Gurobi Optimizer version 10.0.0 build v10.0.0rc2 (win64)

CPU model: AMD EPYC 7513 32-Core Processor, instruction set [SSE2|AVX|AVX2]
Thread count: 24 physical cores, 24 logical processors, using up to 8 threads

Optimize a model with 20457 rows, 3461 columns and 100651 nonzeros
Model fingerprint: 0x756ead36
Variable types: 1361 continuous, 2100 integer (2100 binary)
Coefficient statistics:
  Matrix range     [4e-06, 5e+02]
  Objective range  [1e+00, 1e+00]
  Bounds range     [1e+00, 1e+00]
  RHS range        [1e+00, 8e+02]
Presolve removed 10051 rows and 1580 columns
Presolve time: 0.55s
Presolved: 10406 rows, 1881 columns, 69799 nonzeros
Variable types: 101 continuous, 1780 integer (1720 binary)
Found heuristic solution: objective 740.5708000
Root relaxation presolved: 10406 rows, 1881 columns, 69799 nonzeros

Warning: Markowitz tolerance tightened to 0.03125

Root relaxation: objective 6.540667e+01, 6139 iterations, 1.06 seconds (1.64 work units)

    Nodes    |    Current Node    |     Objective Bounds      |     Work
 Expl Unexpl |  Obj  Depth IntInf | Incumbent    BestBd   Gap | It/Node Time

     0     0   65.40667    0  203  740.57080   65.40667  91.2%     -    2s
H    0     0                     456.1003600   65.40667  85.7%     -    2s
     0     0   65.79068    0  521  456.10036   65.79068  85.6%     -    4s
     0     0   65.80058    0  475  456.10036   65.80058  85.6%     -    4s
H    0     0                     408.2321800   65.80058  83.9%     -    4s
     0     0   65.85939    0  427  408.23218   65.85939  83.9%     -    4s
H    0     0                     243.4902200   65.85939  73.0%     -    6s
H    0     0                     242.2561000   65.88677  72.8%     -    6s
     0     0   65.92176    0  625  242.25610   65.92176  72.8%     -    6s
     0     0   65.92176    0  480  242.25610   65.92176  72.8%     -    6s
H    0     0                     219.2664600   65.92176  69.9%     -    6s
     0     0   65.92659    0  526  219.26646   65.92659  69.9%     -    7s
     0     0   65.92659    0  237  219.26646   65.92659  69.9%     -   10s
H    0     0                     216.0706000   65.92659  69.5%     -   10s
     0     0   65.92659    0  419  216.07060   65.92659  69.5%     -   12s
H    0     0                     200.0706000   65.92659  67.0%     -   12s
     0     0   65.97422    0  424  200.07060   65.97422  67.0%     -   12s
     0     0   65.97474    0  420  200.07060   65.97474  67.0%     -   12s
     0     0   66.07743    0  520  200.07060   66.07743  67.0%     -   13s
H    0     0                     196.6035200   66.07743  66.4%     -   13s
     0     0   66.10034    0  528  196.60352   66.10034  66.4%     -   13s
     0     0   66.10034    0  522  196.60352   66.10034  66.4%     -   13s
     0     0   66.10569    0  519  196.60352   66.10569  66.4%     -   14s
     0     0   66.10681    0  490  196.60352   66.10681  66.4%     -   14s
     0     0   66.10845    0  510  196.60352   66.10845  66.4%     -   14s
     0     0   66.10886    0  483  196.60352   66.10886  66.4%     -   14s
     0     0   66.10887    0  489  196.60352   66.10887  66.4%     -   14s
     0     0   66.15203    0  498  196.60352   66.15203  66.4%     -   15s
H    0     0                     194.9035200   66.15203  66.1%     -   15s
H    0     0                     131.7190200   66.15203  49.8%     -   15s
H    0     0                     130.4766000   66.15203  49.3%     -   15s
     0     0   66.18075    0  445  130.47660   66.18075  49.3%     -   15s
     0     0   66.18304    0  445  130.47660   66.18304  49.3%     -   15s
     0     0   66.18309    0  441  130.47660   66.18309  49.3%     -   15s
H    0     0                     114.7755600   66.18309  42.3%     -   16s
     0     0   66.24567    0  394  114.77556   66.24567  42.3%     -   16s
H    0     0                     109.0939600   66.24567  39.3%     -   16s
     0     0   66.24755    0  394  109.09396   66.24755  39.3%     -   16s
     0     0   66.24755    0  382  109.09396   66.24755  39.3%     -   16s
     0     0   66.26850    0  402  109.09396   66.26850  39.3%     -   17s
     0     0   66.26850    0  400  109.09396   66.26850  39.3%     -   17s
H    0     0                      99.7829800   66.26850  33.6%     -   18s
H    0     0                      97.7829800   66.26850  32.2%     -   18s
H    0     0                      95.0884200   66.26850  30.3%     -   18s
H    0     0                      92.9136400   66.26850  28.7%     -   18s
     0     0   66.27446    0  344   92.91364   66.27446  28.7%     -   18s
     0     0   66.27446    0  389   92.91364   66.27446  28.7%     -   18s
     0     0   66.27503    0  410   92.91364   66.27503  28.7%     -   18s
     0     0   66.27503    0  417   92.91364   66.27503  28.7%     -   18s
H    0     0                      91.6136400   66.27503  27.7%     -   19s
     0     0   66.29392    0  380   91.61364   66.29392  27.6%     -   19s
H    0     0                      84.6270600   66.29392  21.7%     -   19s
H    0     0                      79.2169200   66.29392  16.3%     -   19s
     0     0   66.29888    0  337   79.21692   66.29888  16.3%     -   19s
     0     0   66.29888    0  337   79.21692   66.29888  16.3%     -   19s
     0     0   66.30649    0  325   79.21692   66.30649  16.3%     -   20s
     0     0   66.30770    0  308   79.21692   66.30770  16.3%     -   20s
     0     0   66.30772    0  314   79.21692   66.30772  16.3%     -   20s
     0     0   66.30789    0  328   79.21692   66.30789  16.3%     -   21s
     0     0   66.30799    0  325   79.21692   66.30799  16.3%     -   21s
     0     0   66.30799    0  324   79.21692   66.30799  16.3%     -   21s
     0     0   66.42215    0  329   79.21692   66.42215  16.2%     -   22s
     0     0   66.42215    0  339   79.21692   66.42215  16.2%     -   22s
     0     0   66.42215    0  341   79.21692   66.42215  16.2%     -   22s
     0     0   66.61572    0  361   79.21692   66.61572  15.9%     -   23s
     0     0   66.61572    0  359   79.21692   66.61572  15.9%     -   23s
H    0     0                      79.1285000   66.61572  15.8%     -   24s
     0     0   66.73771    0  336   79.12850   66.73771  15.7%     -   24s
H    0     0                      78.8312800   66.73771  15.3%     -   24s
H    0     0                      78.5340600   66.73771  15.0%     -   24s
     0     0   66.73771    0  342   78.53406   66.73771  15.0%     -   24s
     0     0   66.73771    0  273   78.53406   66.73771  15.0%     -   24s
     0     0   66.73771    0  238   78.53406   66.73771  15.0%     -   28s
     0     0   66.73771    0  250   78.53406   66.73771  15.0%     -   28s
     0     0   66.73771    0  296   78.53406   66.73771  15.0%     -   29s
     0     0   67.28368    0  232   78.53406   67.28368  14.3%     -   29s
     0     0   67.45589    0  205   78.53406   67.45589  14.1%     -   29s
     0     0   67.45984    0  233   78.53406   67.45984  14.1%     -   29s
     0     0   67.49315    0  223   78.53406   67.49315  14.1%     -   29s
     0     0   67.49855    0  229   78.53406   67.49855  14.1%     -   29s
     0     0   67.81276    0  267   78.53406   67.81276  13.7%     -   30s
     0     0   67.81579    0  202   78.53406   67.81579  13.6%     -   30s
     0     2   67.81579    0  190   78.53406   67.81579  13.6%     -   32s
H   69    58                      78.4340600   67.81579  13.5%   459   33s
H  103    85                      77.7937200   67.81579  12.8%   375   34s
H  293   197                      77.4595400   67.81579  12.5%   216   35s
H  304   197                      77.4285000   67.81579  12.4%   218   35s
H  306   197                      77.1597400   67.81579  12.1%   218   35s
  1167   744   72.37138   33   78   77.15974   67.81579  12.1%   189   40s
  1467   857   76.26360   66  526   77.15974   67.86624  12.0%   181   47s
  1481   866   68.95481   25  213   77.15974   67.86624  12.0%   180   50s
  1642   951   71.71241   24  121   77.15974   67.96860  11.9%   201   55s
  2595  1124   71.21351   36  129   77.15974   68.72262  10.9%   177   60s
H 2785  1053                      77.1253600   68.72262  10.9%   173   63s
H 2786  1005                      77.0309200   68.72262  10.8%   173   63s
H 3264  1042                      76.3747600   69.06511  9.57%   166   64s
  3328  1075     cutoff   47        76.37476   69.06511  9.57%   165   65s
  4935  1717     cutoff   45        76.37476   69.46913  9.04%   161   70s
* 5442  1876              65      76.1617400   69.64787  8.55%   161   71s
  6881  2717   70.58569   27  116   76.16174   69.71557  8.46%   154   75s
* 6962  2653              75      75.9332800   69.71557  8.19%   153   75s
H 7532  2818                      75.6360600   69.79427  7.72%   151   77s
H 7591  2196                      74.4360600   69.79592  6.23%   151   77s
H 7836  2277                      74.4157200   69.79971  6.20%   150   78s
  8152  2496   72.32541   38   64   74.41572   69.84831  6.14%   150   80s
  9259  2838   70.32478   30  114   74.41572   69.92038  6.04%   152   85s
 11035  3635   71.44476   36   69   74.41572   70.09591  5.80%   152   90s
 12814  4355   73.69936   24  126   74.41572   70.24888  5.60%   153   95s
 14341  4766   72.97978   39   52   74.41572   70.40482  5.39%   155  100s
 16148  5390   70.86868   39   66   74.41572   70.49865  5.26%   155  105s
 18233  6033   70.92713   37   80   74.41572   70.61837  5.10%   154  110s
 20715  6835   72.60908   31   89   74.41572   70.72968  4.95%   153  117s
 21540  6845   72.58536   34   96   74.41572   70.78121  4.88%   153  121s
H21559  6557                      74.0423400   70.78121  4.40%   153  121s
 21567  6730   72.06331   34  180   74.04234   70.78738  4.40%   153  125s
 23064  7277     cutoff   39        74.04234   70.83729  4.33%   152  130s
 24691  7872   71.14553   44   91   74.04234   70.90708  4.23%   152  136s
 25808  8204   71.72725   30  130   74.04234   70.91646  4.22%   151  140s
 28299  8872   70.99299   35   72   74.04234   70.93799  4.19%   149  147s
 29467  9132   71.20861   39   86   74.04234   70.93799  4.19%   148  150s
 31284  9450   71.16032   40   89   74.04234   70.98561  4.13%   148  155s
 33020  9916   72.03431   35  100   74.04234   71.02898  4.07%   147  161s
 34632 10221   72.39720   42   99   74.04234   71.07049  4.01%   148  166s
 36583 10522   71.82935   30  110   74.04234   71.10144  3.97%   148  171s
 37985 10852   71.20861   29   73   74.04234   71.11761  3.95%   149  176s
 39581 11163   72.61867   51   86   74.04234   71.16526  3.89%   149  182s
 41283 11456   72.15792   48   69   74.04234   71.20059  3.84%   150  187s
 42087 11558   72.26495   43   92   74.04234   71.20861  3.83%   151  190s
 43790 11891   72.33273   27   89   74.04234   71.24029  3.78%   151  196s
 45442 12136 infeasible   43        74.04234   71.29553  3.71%   151  203s
 46447 12271   73.40706   31   95   74.04234   71.31875  3.68%   151  206s
 48202 12815   71.51746   28   63   74.04234   71.35931  3.62%   151  212s
 49199 13125   73.32238   55   47   74.04234   71.37143  3.61%   150  216s
 50720 13398 infeasible   32        74.04234   71.37143  3.61%   150  220s
 52140 13836   73.53414   37   52   74.04234   71.40319  3.56%   149  226s
 53875 14234   73.24228   43   66   74.04234   71.43982  3.51%   149  233s
 54791 14441   73.04755   33   67   74.04234   71.44444  3.51%   149  236s
 56667 15113 infeasible   41        74.04234   71.46801  3.48%   148  244s
 57902 15375   73.38915   40   55   74.04234   71.46801  3.48%   147  248s
 58992 15633   72.75112   31   54   74.04234   71.46801  3.48%   147  251s
 60013 15808   71.69603   35   60   74.04234   71.47969  3.46%   146  255s
 60939 16078   73.45028   50   52   74.04234   71.49449  3.44%   146  260s
 62947 16850 infeasible   50        74.04234   71.51630  3.41%   146  270s
 65700 17469 infeasible   45        74.04234   71.51746  3.41%   144  279s
 66697 17779   71.52077   33   79   74.04234   71.51746  3.41%   144  283s
 67765 18090   72.56647   50   47   74.04234   71.51746  3.41%   144  287s
 68689 18422   72.91301   43  103   74.04234   71.52077  3.41%   144  291s
 69698 18696   72.79835   36   73   74.04234   71.52077  3.41%   144  295s
 71666 19145   72.46512   43   89   74.04234   71.52585  3.40%   144  303s
 72623 19438   71.95136   34   73   74.04234   71.53607  3.38%   144  307s
 73628 19604   72.35122   44  190   74.04234   71.54420  3.37%   144  311s
 74540 19777 infeasible   45        74.04234   71.55267  3.36%   144  316s
 75442 20033   72.79798   40   75   74.04234   71.56574  3.34%   143  321s
 76621 20257     cutoff   47        74.04234   71.56873  3.34%   143  325s
 78457 20599   73.37502   42   60   74.04234   71.57222  3.34%   143  333s
 79322 20800   71.92270   32   87   74.04234   71.58198  3.32%   143  337s
 80401 21054   72.46411   31   93   74.04234   71.59047  3.31%   143  341s
 81488 21305   72.18747   40  109   74.04234   71.59047  3.31%   142  346s
 82569 21565     cutoff   39        74.04234   71.59047  3.31%   142  351s
 83561 21683     cutoff   32        74.04234   71.59923  3.30%   142  355s
 85246 22189   73.91765   60   30   74.04234   71.61403  3.28%   142  364s
 86231 22450   72.53520   34  100   74.04234   71.61403  3.28%   142  368s
 87250 22582   72.37796   38   82   74.04234   71.61403  3.28%   142  374s
 88303 22715   71.66232   37   56   74.04234   71.61808  3.27%   142  381s
 89302 22824     cutoff   30        74.04234   71.62079  3.27%   142  385s
 90638 23022 infeasible   42        74.04234   71.63312  3.25%   142  394s
 91434 23199   73.69800   24   60   74.04234   71.64577  3.24%   142  399s
 92425 23427   72.04863   33   63   74.04234   71.65420  3.23%   142  403s
 93321 23808   73.48309   44   58   74.04234   71.66232  3.21%   141  409s
 94601 24019   72.56318   26   65   74.04234   71.66232  3.21%   141  414s
 95023 24019   72.52128   44   42   74.04234   71.66232  3.21%   141  415s
 95708 24202   73.22846   37   77   74.04234   71.66232  3.21%   141  420s
 97817 24445   72.56318   35   63   74.04234   71.66811  3.21%   141  428s
 98725 24547     cutoff   52        74.04234   71.67694  3.19%   141  432s
 99574 24628     cutoff   49        74.04234   71.68586  3.18%   141  437s
 100602 24722     cutoff   42        74.04234   71.68704  3.18%   140  442s
 101457 24872   73.26927   52   82   74.04234   71.70093  3.16%   140  446s
 102293 24994   73.15443   28   84   74.04234   71.70743  3.15%   140  450s
 103925 25169 infeasible   48        74.04234   71.71622  3.14%   141  458s
 104699 25252     cutoff   40        74.04234   71.72900  3.12%   141  462s
 105430 25332   72.95876   44   26   74.04234   71.73949  3.11%   141  467s
 106360 25418 infeasible   40        74.04234   71.74945  3.10%   141  471s
 107302 25490   72.48463   41   71   74.04234   71.76395  3.08%   141  475s
 108160 25602 infeasible   36        74.04234   71.77382  3.06%   141  480s
 109934 25758     cutoff   38        74.04234   71.79740  3.03%   141  488s
 110672 25812     cutoff   55        74.04234   71.80473  3.02%   141  492s
 111503 25919   73.06515   41   60   74.04234   71.81326  3.01%   141  497s
 112520 26087   72.77610   29   81   74.04234   71.82460  3.00%   141  503s
 113624 26179 infeasible   44        74.04234   71.83307  2.98%   141  510s
 115615 26355 infeasible   33        74.04234   71.84571  2.97%   141  519s
 116385 26480   72.20655   39   77   74.04234   71.86554  2.94%   141  524s
 117390 26578   73.25932   45   69   74.04234   71.87706  2.92%   141  528s
 118349 26701   73.30982   41   54   74.04234   71.89059  2.91%   141  532s
 119221 26813 infeasible   49        74.04234   71.90145  2.89%   141  537s
 120001 26928     cutoff   65        74.04234   71.91455  2.87%   141  541s
 120972 27073     cutoff   37        74.04234   71.92478  2.86%   141  546s
 121914 27140   73.29046   46   51   74.04234   71.94148  2.84%   141  550s
 122785 27174   72.86384   32  214   74.04234   71.95205  2.82%   141  555s
 124629 27354   72.43963   40   86   74.04234   71.98099  2.78%   141  564s
 125386 27366 infeasible   41        74.04234   71.99009  2.77%   141  570s
 125625 27416   73.37132   36   65   74.04234   71.99066  2.77%   141  575s
 126474 27535   72.55085   26  138   74.04234   72.00425  2.75%   141  580s
 127346 27620   72.25151   38   90   74.04234   72.01431  2.74%   141  585s
 128277 27711     cutoff   38        74.04234   72.03027  2.72%   141  590s
 129236 27760   72.85131   39   65   74.04234   72.04224  2.70%   141  595s
 130152 27867   72.76125   45   61   74.04234   72.05471  2.68%   141  601s
 131094 27937   72.51160   32   70   74.04234   72.06553  2.67%   141  606s
 132007 27998   72.68473   34  109   74.04234   72.07401  2.66%   141  611s
 133015 28050 infeasible   33        74.04234   72.08548  2.64%   141  616s
 133895 28112   72.16983   36   72   74.04234   72.09576  2.63%   141  622s
 134768 28182   73.15497   46   50   74.04234   72.10962  2.61%   141  627s
 135591 28225 infeasible   31        74.04234   72.11825  2.60%   141  632s
 136423 28326     cutoff   42        74.04234   72.12775  2.59%   141  637s
 137410 28397   74.02639   28  155   74.04234   72.14219  2.57%   141  642s
 138387 28484   73.16633   47   57   74.04234   72.15065  2.55%   140  648s
 139222 28613     cutoff   41        74.04234   72.15866  2.54%   140  653s
 140203 28637 infeasible   51        74.04234   72.16884  2.53%   140  658s
 141128 28717   72.24842   35  103   74.04234   72.17579  2.52%   140  663s
 142056 28807   73.43118   54   44   74.04234   72.18444  2.51%   140  668s
 142867 28872   72.81851   39   61   74.04234   72.19234  2.50%   140  673s
 143870 28907     cutoff   37        74.04234   72.19899  2.49%   140  678s
 144682 28965   72.66063   49   55   74.04234   72.20696  2.48%   140  684s
 145635 29064 infeasible   43        74.04234   72.21804  2.46%   140  690s
 146600 29180   73.74627   33   59   74.04234   72.22320  2.46%   140  695s
 147541 29214   73.12407   40   65   74.04234   72.23138  2.45%   140  700s
 148001 29289   73.19770   44   75   74.04234   72.23355  2.44%   140  706s
 148945 29312   73.36014   37   60   74.04234   72.24178  2.43%   140  713s
 149996 29374   72.87508   29   98   74.04234   72.24453  2.43%   140  719s
 150910 29432 infeasible   44        74.04234   72.24739  2.42%   140  725s
 151803 29504   73.65436   48   59   74.04234   72.25705  2.41%   140  730s
 152777 29521   73.12407   37   48   74.04234   72.26513  2.40%   140  735s
 153595 29517   72.80093   39   62   74.04234   72.27096  2.39%   140  741s
 154491 29579   72.61288   37  124   74.04234   72.28017  2.38%   140  747s
 155453 29661   73.00561   35   64   74.04234   72.29063  2.37%   140  753s
 156368 29862   73.34130   44   73   74.04234   72.29586  2.36%   140  760s
 157500 29986     cutoff   56        74.04234   72.29866  2.35%   140  766s
 158538 30013 infeasible   46        74.04234   72.30147  2.35%   140  773s
 159536 30131   72.60841   38   69   74.04234   72.31056  2.34%   140  780s
 160678 30267   73.48122   36   62   74.04234   72.31545  2.33%   140  787s
 161948 30357   72.98178   37   65   74.04234   72.31994  2.33%   140  793s
 162807 30443   73.49994   38   59   74.04234   72.32058  2.33%   140  800s
 163746 30475   73.88974   46   87   74.04234   72.32058  2.33%   140  806s
 164688 30528   73.03511   41   76   74.04234   72.32350  2.32%   140  812s
 165688 30622   72.33622   37  105   74.04234   72.33033  2.31%   140  818s
 166645 30651   73.87204   55   33   74.04234   72.33521  2.31%   140  823s
 167454 30741     cutoff   38        74.04234   72.34414  2.29%   140  830s
 168489 30855 infeasible   28        74.04234   72.34414  2.29%   140  837s
 169506 30919   72.89034   47   68   74.04234   72.34414  2.29%   140  844s
 170632 30900     cutoff   43        74.04234   72.34414  2.29%   140  850s
 171521 30961 infeasible   44        74.04234   72.35492  2.28%   140  856s
 172465 31071   73.30877   31   70   74.04234   72.36317  2.27%   140  862s
 173497 31236   72.62977   45   91   74.04234   72.36934  2.26%   140  869s
 174627 31446 infeasible   53        74.04234   72.37488  2.25%   140  876s
 175841 31606   73.05288   44   58   74.04234   72.37641  2.25%   140  882s
 176832 31738   73.17812   48   73   74.04234   72.37645  2.25%   140  888s
 177841 31850   73.05976   37   63   74.04234   72.38105  2.24%   140  894s
 178921 31966 infeasible   49        74.04234   72.38637  2.24%   140  901s
 180009 32052   73.24019   34   67   74.04234   72.38974  2.23%   140  907s
 180997 32202   72.44977   29   87   74.04234   72.39243  2.23%   140  912s
 181994 32253   73.51212   31   49   74.04234   72.39243  2.23%   140  919s
 182909 32353   73.20917   42   41   74.04234   72.39359  2.23%   140  925s
 184054 32420     cutoff   51        74.04234   72.39816  2.22%   140  932s
 185133 32429 infeasible   50        74.04234   72.40416  2.21%   140  939s
 186190 32501 infeasible   41        74.04234   72.41024  2.20%   139  945s
 187099 32527   72.73215   39  134   74.04234   72.41422  2.20%   139  953s
 187980 32646   72.41716   32   82   74.04234   72.41716  2.19%   139  961s
 189122 32761   72.93267   36   95   74.04234   72.41716  2.19%   139  969s
 190211 32778   73.05039   53   39   74.04234   72.42411  2.19%   139  976s
 191132 32842   73.37116   49   76   74.04234   72.42885  2.18%   139  982s
 192054 32943   72.96993   50   64   74.04234   72.43374  2.17%   139  990s
 193211 32992   73.15188   28   71   74.04234   72.43858  2.17%   139  997s
 194292 33067   73.02128   34  108   74.04234   72.44455  2.16%   139 1005s
 195263 33167 infeasible   37        74.04234   72.44838  2.15%   139 1013s
 196366 33083   73.41606   34   76   74.04234   72.45247  2.15%   139 1020s
 196945 33079   73.32901   51   61   74.04234   72.45914  2.14%   139 1028s
 198021 33058   72.46544   39   79   74.04234   72.46544  2.13%   139 1036s
 198889 33097   73.28696   42   60   74.04234   72.46544  2.13%   139 1042s
 199244 33082 infeasible   43        74.04234   72.46618  2.13%   139 1048s
 200105 33229   73.31629   45   41   74.04234   72.47299  2.12%   139 1059s
 201558 33283   73.02475   37   66   74.04234   72.47524  2.12%   139 1067s
 202710 33323   73.36237   43   49   74.04234   72.48279  2.11%   139 1076s
 203782 33236 infeasible   47        74.04234   72.48901  2.10%   139 1085s
 204774 33244   73.15624   54   41   74.04234   72.49528  2.09%   139 1093s
 205812 33233   73.68936   44   57   74.04234   72.50217  2.08%   139 1102s
 206987 33178   73.01803   40  129   74.04234   72.50752  2.07%   139 1109s
 207759 33420   73.71554   38   70   74.04234   72.51582  2.06%   139 1120s
 209272 33447   73.20917   41   44   74.04234   72.52128  2.05%   139 1128s
 210257 33506   73.75589   52   69   74.04234   72.52243  2.05%   139 1136s
 211272 33566   73.21044   44   32   74.04234   72.52867  2.04%   139 1145s
 212286 33496   73.43290   49   69   74.04234   72.53434  2.04%   139 1152s
 212968 33492     cutoff   45        74.04234   72.53944  2.03%   139 1159s
 213905 33610   73.64898   35   47   74.04234   72.54600  2.02%   139 1169s
 215191 33661   72.57760   45   29   74.04234   72.55063  2.01%   139 1181s
 216531 33814 infeasible   41        74.04234   72.55063  2.01%   138 1195s
 218082 33838 infeasible   46        74.04234   72.55063  2.01%   138 1207s
 219530 33851   72.87192   38   57   74.04234   72.55063  2.01%   138 1216s
 220484 33872     cutoff   39        74.04234   72.55063  2.01%   138 1223s
 221369 33866   73.74021   39   57   74.04234   72.56058  2.00%   138 1233s
 222305 33872   72.92520   37   84   74.04234   72.56304  2.00%   138 1242s
 223227 33877   73.08528   36   53   74.04234   72.56318  2.00%   138 1250s
 224089 33912   73.41249   31   62   74.04234   72.57210  1.99%   138 1257s
 224902 33893   73.43016   35   81   74.04234   72.57577  1.98%   138 1266s
 225974 33939   73.67217   38   74   74.04234   72.58194  1.97%   138 1274s
 227118 33979 infeasible   46        74.04234   72.58747  1.96%   138 1283s
 228164 34012   73.90290   45   83   74.04234   72.59449  1.96%   138 1291s
 229174 33941 infeasible   57        74.04234   72.59874  1.95%   138 1298s
 230019 33913   72.84920   43   51   74.04234   72.60537  1.94%   138 1307s
 231021 33923   73.76885   37   68   74.04234   72.61351  1.93%   138 1316s
 232008 33939   72.78597   46   90   74.04234   72.61943  1.92%   138 1325s
 233099 33838 infeasible   52        74.04234   72.62618  1.91%   138 1334s
 234032 33823   73.63569   44   50   74.04234   72.62995  1.91%   138 1342s
 235011 33811     cutoff   49        74.04234   72.63866  1.90%   138 1351s
 235974 33810 infeasible   37        74.04234   72.64528  1.89%   138 1358s
 236257 33734   73.15624   46   64   74.04234   72.64673  1.88%   138 1367s
 237026 33725   72.86060   42   69   74.04234   72.64745  1.88%   138 1376s
 238110 33629   72.72467   31   60   74.04234   72.65701  1.87%   138 1384s
 239031 33657   73.26102   40   64   74.04234   72.66383  1.86%   138 1393s
 240175 33641   73.61924   33   55   74.04234   72.66846  1.86%   138 1401s
 241067 33608   73.53414   37   51   74.04234   72.67175  1.85%   138 1412s
 242244 33649 infeasible   47        74.04234   72.67638  1.84%   138 1424s
 243606 33597   73.32256   32   67   74.04234   72.67638  1.84%   138 1432s
 244291 33622 infeasible   46        74.04234   72.68554  1.83%   138 1443s
 245628 33604   73.40637   35   61   74.04234   72.69202  1.82%   138 1451s
 246554 33519     cutoff   49        74.04234   72.69643  1.82%   138 1460s
 247461 33538     cutoff   45        74.04234   72.70279  1.81%   138 1469s
 248563 33573   73.26955   53   63   74.04234   72.70957  1.80%   138 1479s
 249715 33608     cutoff   48        74.04234   72.71585  1.79%   138 1488s
 250844 33462 infeasible   53        74.04234   72.72336  1.78%   137 1499s
 251856 33473   73.67832   42   52   74.04234   72.72482  1.78%   137 1511s
 253152 33534   73.83507   44   57   74.04234   72.72582  1.78%   138 1524s
 254397 33445   73.50260   43   99   74.04234   72.72582  1.78%   137 1534s
 255318 33415   73.89468   49   33   74.04234   72.72582  1.78%   137 1543s
 256349 33373   73.84852   60   33   74.04234   72.73382  1.77%   137 1552s
 257412 33319   73.67754   41  105   74.04234   72.74107  1.76%   137 1560s
 258272 33350   72.77452   42   98   74.04234   72.74653  1.75%   137 1574s
 259768 33391   73.05403   37   58   74.04234   72.74939  1.75%   137 1584s
 260348 33391   72.75055   30   54   74.04234   72.74939  1.75%   137 1585s
 260899 33450   72.75055   36   55   74.04234   72.74939  1.75%   137 1597s
 262230 33403 infeasible   39        74.04234   72.75055  1.74%   137 1606s
 263162 33364   73.52927   31   61   74.04234   72.75252  1.74%   137 1614s
 263778 33320   73.95716   38   50   74.04234   72.75629  1.74%   137 1621s
 264576 33279   73.73463   56   69   74.04234   72.76502  1.73%   137 1630s
 265685 33207   73.89266   45   47   74.04234   72.77109  1.72%   137 1640s
 266846 33049     cutoff   46        74.04234   72.77411  1.71%   137 1649s
 267694 32965     cutoff   38        74.04234   72.78015  1.70%   137 1657s
 268781 32859 infeasible   50        74.04234   72.78876  1.69%   137 1665s
 269604 32883   73.54545   51   26   74.04234   72.79411  1.69%   137 1678s
 271196 32876   73.76069   43   42   74.04234   72.79883  1.68%   137 1692s
 272678 32866   73.89606   59   40   74.04234   72.79883  1.68%   137 1705s
 274111 32752 infeasible   43        74.04234   72.79883  1.68%   137 1714s
 275047 32720   73.41157   43   77   74.04234   72.80205  1.68%   137 1723s
 275987 32672   73.52914   42   71   74.04234   72.80743  1.67%   137 1731s
 276931 32600   73.05290   29  101   74.04234   72.81211  1.66%   137 1740s
 277978 32577 infeasible   51        74.04234   72.81791  1.65%   137 1747s
 278475 32370   73.43279   46  113   74.04234   72.81855  1.65%   137 1758s
 279388 32223     cutoff   30        74.04234   72.82240  1.65%   137 1769s
 280454 32187   72.83958   36   82   74.04234   72.82703  1.64%   137 1778s
 281492 32002   73.15119   52   79   74.04234   72.83366  1.63%   137 1789s
 282640 31910   73.37827   40   55   74.04234   72.83982  1.62%   137 1802s
 284142 31826 infeasible   43        74.04234   72.84584  1.62%   137 1815s
 285375 31639   73.44455   44  131   74.04234   72.84597  1.62%   137 1827s
 286385 31553   73.65032   31   88   74.04234   72.84714  1.61%   137 1837s
 287494 31459   72.90551   36   79   74.04234   72.85544  1.60%   137 1848s
 288749 31270   73.23478   43   81   74.04234   72.86311  1.59%   137 1858s
 289671 31068   73.25488   56   37   74.04234   72.87163  1.58%   137 1871s
 290793 30966   73.55840   45   95   74.04234   72.87192  1.58%   137 1881s
 291891 30794   73.22257   44   70   74.04234   72.87969  1.57%   137 1890s
 292739 30838   73.85522   40   25   74.04234   72.88749  1.56%   137 1900s
 293958 30745 infeasible   46        74.04234   72.89193  1.55%   137 1910s
 295043 30535   73.66508   53   99   74.04234   72.89902  1.54%   137 1922s
 296068 30499   73.29049   41   81   74.04234   72.89902  1.54%   137 1935s
 297479 30523 infeasible   48        74.04234   72.89902  1.54%   137 1949s
 298888 30399   73.51134   44   50   74.04234   72.89902  1.54%   137 1958s
 299660 30287 infeasible   39        74.04234   72.90179  1.54%   137 1971s
 300830 30199   73.64507   42   43   74.04234   72.90410  1.54%   137 1981s
 301510 30044   73.59914   52   39   74.04234   72.90632  1.53%   137 1991s
 302584 29964     cutoff   51        74.04234   72.92343  1.51%   137 2003s
 304038 29764 infeasible   50        74.04234   72.92992  1.50%   137 2013s
 305073 29635     cutoff   39        74.04234   72.94051  1.49%   137 2024s
 306320 29543 infeasible   43        74.04234   72.95094  1.47%   137 2033s
 307129 29437     cutoff   37        74.04234   72.95245  1.47%   137 2042s
 308174 29340     cutoff   36        74.04234   72.96500  1.46%   137 2052s
 309440 29263   73.15624   42   34   74.04234   72.97384  1.44%   137 2063s
 310580 29113   73.47495   45   59   74.04234   72.98151  1.43%   137 2074s
 311672 28987   73.33444   37   65   74.04234   72.98407  1.43%   137 2085s
 312971 29125   73.34700   46   47   74.04234   72.99054  1.42%   137 2096s
 314314 29035 infeasible   45        74.04234   72.99683  1.41%   137 2105s
 315227 28894     cutoff   51        74.04234   73.00488  1.40%   137 2116s
 316323 28736   73.01822   44   75   74.04234   73.00488  1.40%   137 2124s
 317182 28641   73.66101   45   42   74.04234   73.01087  1.39%   137 2133s
 318150 28458   73.52555   48   42   74.04234   73.02082  1.38%   137 2141s
 318980 28311     cutoff   44        74.04234   73.02894  1.37%   137 2150s
 319907 28282 infeasible   37        74.04234   73.03578  1.36%   137 2160s
 321037 28197   73.58200   43   42   74.04234   73.03578  1.36%   137 2167s
 321754 28270 infeasible   29        74.04234   73.04912  1.34%   137 2183s
 323439 28321   73.95141   36   34   74.04234   73.04970  1.34%   137 2199s
 325144 28300 infeasible   42        74.04234   73.05039  1.34%   137 2213s
 326683 28318 infeasible   48        74.04234   73.05039  1.34%   137 2226s
 328036 28229   73.18488   53   54   74.04234   73.05039  1.34%   137 2239s
 329190 28298     cutoff   44        74.04234   73.05039  1.34%   137 2252s
 330655 28343   73.73684   54   59   74.04234   73.05039  1.34%   137 2262s
 331707 28372   73.79704   49   45   74.04234   73.05039  1.34%   137 2273s
 332890 28395   73.05039   38   72   74.04234   73.05039  1.34%   137 2285s
 334242 28475   73.94492   43   59   74.04234   73.05039  1.34%   136 2300s
 335817 28581   73.73760   57   35   74.04234   73.05403  1.33%   136 2315s
 337240 28719 infeasible   55        74.04234   73.05403  1.33%   136 2331s
 338943 28681   73.81846   49   35   74.04234   73.05483  1.33%   136 2346s
 340506 28530     cutoff   45        74.04234   73.05675  1.33%   136 2358s
 341575 28371     cutoff   48        74.04234   73.05997  1.33%   136 2369s
 342749 28232   73.33597   61   39   74.04234   73.06414  1.32%   136 2378s
 343728 28209   73.61814   53   54   74.04234   73.06942  1.31%   136 2386s
 343851 28028   73.66275   54   44   74.04234   73.07000  1.31%   136 2395s
 344699 27873   73.82360   39   81   74.04234   73.07622  1.30%   136 2404s
 345609 27673   74.00160   51   40   74.04234   73.08099  1.30%   136 2414s
 346519 27472   73.72132   30   61   74.04234   73.08870  1.29%   136 2422s
 347309 27308   73.38423   35   91   74.04234   73.09476  1.28%   136 2431s
 348326 27043     cutoff   58        74.04234   73.10331  1.27%   136 2447s
 349680 26863   73.58490   54   69   74.04234   73.10331  1.27%   136 2463s
 350967 26684 infeasible   58        74.04234   73.10331  1.27%   136 2475s
 352088 26497   73.20917   46   40   74.04234   73.10787  1.26%   136 2486s
 353241 26308   73.87238   53   73   74.04234   73.11410  1.25%   136 2497s
 354249 26103   73.84049   46   49   74.04234   73.11978  1.25%   136 2507s
 355353 25929     cutoff   36        74.04234   73.12752  1.24%   136 2519s
 356485 25827   73.23843   47   99   74.04234   73.13041  1.23%   136 2529s
 357504 25627   73.51817   45   59   74.04234   73.13580  1.22%   136 2538s
 358472 25394     cutoff   42        74.04234   73.14597  1.21%   136 2547s
 359363 25134   73.31629   47   45   74.04234   73.15368  1.20%   136 2565s
 361094 24831 infeasible   50        74.04234   73.15624  1.20%   136 2583s
 362438 24671   73.69724   59   50   74.04234   73.15624  1.20%   136 2600s
 364089 24425 infeasible   41        74.04234   73.15624  1.20%   136 2615s
 365125 24393 infeasible   46        74.04234   73.15624  1.20%   136 2634s
 366836 24386     cutoff   59        74.04234   73.15624  1.20%   136 2652s
 368537 24263 infeasible   62        74.04234   73.15624  1.20%   136 2668s
 369844 24180 infeasible   57        74.04234   73.15624  1.20%   136 2686s
 371397 23998   73.35277   52   59   74.04234   73.15624  1.20%   136 2698s
 372594 23759   73.73852   48   63   74.04234   73.16225  1.19%   136 2706s
 373489 23547   73.87012   49   65   74.04234   73.16910  1.18%   136 2714s
 374238 23328   73.66975   45   52   74.04234   73.17706  1.17%   136 2722s
 374971 23134     cutoff   54        74.04234   73.18314  1.16%   136 2732s
 375977 22915   73.77244   44   69   74.04234   73.18822  1.15%   136 2741s
 376860 22653   73.98627   29   68   74.04234   73.19866  1.14%   136 2749s
 376956 22653 infeasible   53        74.04234   73.19895  1.14%   136 2750s
 377727 22366 infeasible   47        74.04234   73.20897  1.13%   136 2768s
 378983 22319 infeasible   50        74.04234   73.20917  1.13%   136 2786s
 380656 22240   73.20917   49   29   74.04234   73.20917  1.13%   136 2808s
 382665 22186 infeasible   54        74.04234   73.20917  1.13%   135 2827s
 384386 22137   73.20917   52   39   74.04234   73.20917  1.13%   135 2845s
 385938 22027 infeasible   55        74.04234   73.20917  1.13%   135 2860s
 387305 21837 infeasible   47        74.04234   73.20917  1.13%   135 2873s
 388062 21677   73.32127   51   63   74.04234   73.20917  1.13%   135 2891s
 389666 21345   73.39506   49   59   74.04234   73.20917  1.13%   135 2902s
 390752 21065     cutoff   43        74.04234   73.21044  1.12%   135 2913s
 391792 20964   73.21044   47   48   74.04234   73.21044  1.12%   135 2927s
 393107 20739     cutoff   43        74.04234   73.21176  1.12%   135 2939s
 394217 20488     cutoff   50        74.04234   73.21598  1.12%   135 2951s
 395389 20298   73.69927   38   56   74.04234   73.22239  1.11%   135 2961s
 396345 20007 infeasible   45        74.04234   73.23001  1.10%   135 2971s
 397435 19808   73.95119   38   81   74.04234   73.23729  1.09%   135 2983s
 398539 19490   73.88296   40   50   74.04234   73.24508  1.08%   135 2993s
 399579 19233     cutoff   39        74.04234   73.25553  1.06%   135 3002s
 400402 18946     cutoff   66        74.04234   73.26336  1.05%   135 3015s
 401513 18632   73.48122   39   48   74.04234   73.26897  1.04%   135 3024s
 402391 18325     cutoff   37        74.04234   73.28226  1.03%   135 3036s
 403329 17991     cutoff   41        74.04234   73.29046  1.02%   135 3047s
 404389 17721   73.56509   36   59   74.04234   73.29659  1.01%   135 3057s
 405378 17491     cutoff   35        74.04234   73.30497  1.00%   135 3068s
 406521 17092 infeasible   46        74.04234   73.31629  0.98%   135 3086s
 407876 16811   73.31629   45   55   74.04234   73.31629  0.98%   135 3102s
 409152 16482 infeasible   47        74.04234   73.31688  0.98%   135 3112s
 410092 16228   73.73463   49   52   74.04234   73.33193  0.96%   135 3121s
 411050 16044 infeasible   35        74.04234   73.34175  0.95%   135 3137s
 412390 15820   73.55809   32   98   74.04234   73.34700  0.94%   135 3146s
 413146 15498   73.61500   57   38   74.04234   73.35300  0.93%   135 3155s
 413996 15120 infeasible   46        74.04234   73.36909  0.91%   135 3175s
 415384 14931     cutoff   42        74.04234   73.36922  0.91%   135 3194s
 417055 14632 infeasible   34        74.04234   73.37049  0.91%   135 3206s
 418014 14332   73.69927   31   79   74.04234   73.37410  0.90%   135 3216s
 419099 14001     cutoff   32        74.04234   73.38701  0.89%   135 3227s
 420042 13650 infeasible   46        74.04234   73.39992  0.87%   135 3238s
 420934 13259 infeasible   54        74.04234   73.40678  0.86%   135 3245s
 421883 12855   73.64716   49   69   74.04234   73.42202  0.84%   135 3255s
 422900 12472     cutoff   47        74.04234   73.43506  0.82%   135 3265s
 423827 12174 infeasible   55        74.04234   73.45137  0.80%   135 3275s
 424744 11811   73.69927   33   49   74.04234   73.46002  0.79%   135 3286s
 425582 11374     cutoff   54        74.04234   73.47507  0.77%   135 3300s
 426797 11011   73.90693   48   66   74.04234   73.48122  0.76%   135 3309s
 427671 10731     cutoff   29        74.04234   73.50344  0.73%   135 3321s
 428625 10376     cutoff   55        74.04234   73.51212  0.72%   135 3334s
 429599 10041   73.91784   56   47   74.04234   73.51517  0.71%   135 3345s
 430445  9568   73.53414   33   58   74.04234   73.52927  0.69%   135 3363s
 431674  9226 infeasible   46        74.04234   73.53414  0.69%   135 3375s
 432550  8804     cutoff   53        74.04234   73.54790  0.67%   135 3386s
 433586  8267     cutoff   43        74.04234   73.56505  0.64%   135 3400s
 434789  7884     cutoff   43        74.04234   73.58707  0.61%   135 3415s
 435897  7395 infeasible   41        74.04234   73.59914  0.60%   135 3429s
 437013  6899   73.94234   35   39   74.04234   73.61755  0.57%   135 3441s
 438007  6378   73.75829   45  113   74.04234   73.64000  0.54%   135 3452s
 438992  6185 infeasible   56        74.04234   73.65798  0.52%   135 3461s
 439369  5685 infeasible   51        74.04234   73.65814  0.52%   135 3473s
 440311  5344 infeasible   35        74.04234   73.68893  0.48%   135 3488s
 441301  5113     cutoff   52        74.04234   73.69927  0.46%   135 3496s
 441818  4668     cutoff   57        74.04234   73.69936  0.46%   135 3510s
 442911  4160 infeasible   59        74.04234   73.71241  0.45%   135 3524s
 444158  3614   73.82721   46   36   74.04234   73.75219  0.39%   135 3537s
 445188  3249 infeasible   44        74.04234   73.77917  0.36%   135 3551s
 445821  2688     cutoff   45        74.04234   73.78324  0.35%   135 3567s
 446872  1975 infeasible   55        74.04234   73.81973  0.30%   135 3581s
 448068  1362   73.94450   50   47   74.04234   73.87672  0.22%   135 3594s
 449167  1153 infeasible   48        74.04234   73.92752  0.16%   135 3600s

Cutting planes:
  Learned: 283
  Gomory: 22
  Lift-and-project: 2
  Cover: 10733
  Implied bound: 1299
  Projected implied bound: 31
  Clique: 323
  MIR: 217
  StrongCG: 65
  Flow cover: 1463
  GUB cover: 52
  Inf proof: 74
  Zero half: 88
  Network: 4
  RLT: 228
  Relax-and-lift: 229
  BQP: 1

Explored 449558 nodes (60688505 simplex iterations) in 3600.44 seconds (2256.78 work units)
Thread count was 8 (of 24 available processors)

Solution count 10: 74.0423 74.0423 74.4157 ... 77.1254

Time limit reached
Best objective 7.404234000000e+01, best bound 7.393573881276e+01, gap 0.1440%
