
Gurobi 10.0.0 (win64) logging started Sun Jan 21 14:17:41 2024

Set parameter LogFile to value "C:/Users\Administrator\Documents\BNC_Repo\BNC_Tests\10_MIP_Results\n20m3\Instance_Class4_Parts20_Machines3_Instance2_logfileChe2021.txt"
Gurobi Optimizer version 10.0.0 build v10.0.0rc2 (win64)

CPU model: AMD EPYC 7513 32-Core Processor, instruction set [SSE2|AVX|AVX2]
Thread count: 24 physical cores, 24 logical processors, using up to 8 threads

Optimize a model with 20457 rows, 3461 columns and 97135 nonzeros
Model fingerprint: 0x32c9cea9
Variable types: 1361 continuous, 2100 integer (2100 binary)
Coefficient statistics:
  Matrix range     [4e-06, 4e+02]
  Objective range  [1e+00, 1e+00]
  Bounds range     [1e+00, 1e+00]
  RHS range        [1e+00, 6e+02]
Presolve removed 12192 rows and 1628 columns
Presolve time: 0.47s
Presolved: 8265 rows, 1833 columns, 55512 nonzeros
Variable types: 101 continuous, 1732 integer (1672 binary)
Found heuristic solution: objective 675.9544000
Found heuristic solution: objective 209.9321800
Root relaxation presolved: 8265 rows, 1833 columns, 55512 nonzeros


Use crossover to convert LP symmetric solution to basic solution...

Root relaxation: objective 1.196268e+02, 1551 iterations, 0.25 seconds (0.21 work units)

    Nodes    |    Current Node    |     Objective Bounds      |     Work
 Expl Unexpl |  Obj  Depth IntInf | Incumbent    BestBd   Gap | It/Node Time

     0     0  119.62679    0  122  209.93218  119.62679  43.0%     -    1s
     0     0  119.62679    0  160  209.93218  119.62679  43.0%     -    1s
     0     0  119.62679    0   99  209.93218  119.62679  43.0%     -    1s
H    0     0                     181.1738200  119.62679  34.0%     -    1s
     0     0  119.62679    0  221  181.17382  119.62679  34.0%     -    1s
     0     0  119.62679    0   68  181.17382  119.62679  34.0%     -    2s
H    0     0                     173.7191800  119.62679  31.1%     -    2s
H    0     0                     169.4963800  119.62679  29.4%     -    2s
H    0     0                     148.3784800  119.62679  19.4%     -    2s
H    0     0                     146.2784800  119.62679  18.2%     -    2s
H    0     0                     145.4384800  119.62679  17.7%     -    2s
     0     0  119.69901    0   92  145.43848  119.69901  17.7%     -    2s
     0     0  119.69901    0   72  145.43848  119.69901  17.7%     -    2s
     0     0  119.69901    0   74  145.43848  119.69901  17.7%     -    2s
     0     0  119.69901    0   77  145.43848  119.69901  17.7%     -    2s
     0     0  119.69901    0   72  145.43848  119.69901  17.7%     -    2s
     0     0  119.69901    0  108  145.43848  119.69901  17.7%     -    3s
     0     0  119.70406    0  129  145.43848  119.70406  17.7%     -    3s
     0     0  119.71821    0  118  145.43848  119.71821  17.7%     -    3s
H    0     0                     135.2028600  119.71821  11.5%     -    3s
     0     0  119.71821    0  122  135.20286  119.71821  11.5%     -    3s
     0     0  119.71929    0  137  135.20286  119.71929  11.5%     -    4s
     0     0  119.75540    0  146  135.20286  119.75540  11.4%     -    4s
     0     0  119.75540    0  146  135.20286  119.75540  11.4%     -    4s
     0     0  119.77979    0  142  135.20286  119.77979  11.4%     -    4s
     0     0  119.77979    0  142  135.20286  119.77979  11.4%     -    4s
     0     0  119.78018    0  141  135.20286  119.78018  11.4%     -    4s
     0     0  119.78027    0  143  135.20286  119.78027  11.4%     -    4s
     0     0  120.01017    0  161  135.20286  120.01017  11.2%     -    5s
     0     0  120.01043    0  173  135.20286  120.01043  11.2%     -    5s
H    0     0                     134.4483600  120.01043  10.7%     -    5s
     0     0  120.20658    0  170  134.44836  120.20658  10.6%     -    5s
     0     0  120.20658    0  161  134.44836  120.20658  10.6%     -    5s
H    0     0                     133.8157600  120.20658  10.2%     -    6s
H    0     0                     133.4196600  120.20658  9.90%     -    6s
     0     0  120.25594    0   95  133.41966  120.25594  9.87%     -    6s
H    0     0                     133.3962800  120.25594  9.85%     -    6s
     0     0  120.26993    0   90  133.39628  120.26993  9.84%     -    6s
     0     0  120.26993    0   75  133.39628  120.26993  9.84%     -    6s
H    0     0                     125.5807800  120.26993  4.23%     -    7s
     0     0  120.27155    0   97  125.58078  120.27155  4.23%     -    7s
     0     0  120.27378    0   91  125.58078  120.27378  4.23%     -    7s
     0     0  120.27378    0   86  125.58078  120.27378  4.23%     -    7s
     0     0  120.28671    0   92  125.58078  120.28671  4.22%     -    8s
     0     0  120.28870    0   98  125.58078  120.28870  4.21%     -    8s
     0     0  120.28930    0   94  125.58078  120.28930  4.21%     -    8s
     0     0  120.28930    0   88  125.58078  120.28930  4.21%     -    8s
     0     0  120.29530    0  111  125.58078  120.29530  4.21%     -    8s
     0     0  120.29530    0   96  125.58078  120.29530  4.21%     -    8s
H    0     0                     124.9080800  120.29530  3.69%     -    9s
     0     0  120.30655    0   96  124.90808  120.30655  3.68%     -    9s
     0     0  120.30655    0  103  124.90808  120.30655  3.68%     -    9s
     0     0  120.30808    0  108  124.90808  120.30808  3.68%     -    9s
     0     0  120.31476    0  102  124.90808  120.31476  3.68%     -   10s
     0     0  120.31487    0  100  124.90808  120.31487  3.68%     -   10s
     0     0  120.31608    0  106  124.90808  120.31608  3.68%     -   10s
     0     0  120.31608    0   89  124.90808  120.31608  3.68%     -   10s
     0     0  120.31608    0  105  124.90808  120.31608  3.68%     -   10s
     0     0  120.31608    0   90  124.90808  120.31608  3.68%     -   10s
     0     0  120.31608    0   62  124.90808  120.31608  3.68%     -   10s
     0     0  120.31608    0   79  124.90808  120.31608  3.68%     -   10s
     0     0  120.31608    0   58  124.90808  120.31608  3.68%     -   11s
     0     0  120.31608    0   57  124.90808  120.31608  3.68%     -   11s
H    0     0                     124.9080800  120.31608  3.68%     -   11s
     0     2  120.31608    0   40  124.90808  120.31608  3.68%     -   11s
H   37    33                     124.5680800  120.31877  3.41%   245   12s
H  102   102                     124.4542400  120.31877  3.32%   169   15s
  1353  1000  122.05489    9   69  124.45424  120.42118  3.24%  66.2   20s
  1536  1008  121.80598   30   84  124.45424  120.42118  3.24%  63.2   25s
H 1696  1052                     124.2280800  120.42118  3.06%  79.7   28s
  2474  1311     cutoff   62       124.22808  120.42118  3.06%  78.8   30s
H 3338  1446                     124.1591600  120.42118  3.01%  79.1   32s
  5087  2307 infeasible   37       124.15916  120.42118  3.01%  77.5   35s
  7356  3753  120.53632   35   87  124.15916  120.42118  3.01%  74.8   40s
H 9683  4718                     124.1591600  120.42118  3.01%  75.9   45s
 11437  5540  120.94336   38   86  124.15916  120.42118  3.01%  76.5   50s
 14298  7261  121.40631   36   72  124.15916  120.42148  3.01%  78.6   56s
 15314  7267  120.65821   40   79  124.15916  120.42148  3.01%  78.9   60s
 15320  7271  123.74096   58   61  124.15916  120.42148  3.01%  78.9   65s
 15328  7277  122.42792   31   81  124.15916  120.42148  3.01%  78.8   70s
 15336  7282  120.50569   37   82  124.15916  120.42148  3.01%  78.8   75s
 15340  7285  121.73545   40   43  124.15916  120.42148  3.01%  78.8   80s
H15503  7015                     123.8012800  120.42418  2.73%  79.9   84s
 15736  7079  121.11224   49   21  123.80128  120.42418  2.73%  79.9   86s
 16556  7328     cutoff   46       123.80128  120.42418  2.73%  78.6   90s
 19277  7882  121.52401   50   71  123.80128  120.42987  2.72%  78.6   95s
 21513  8312  120.60686   47   97  123.80128  120.43120  2.72%  77.7  100s
 24145  8789  120.76817   46   59  123.80128  120.43666  2.72%  77.3  105s
 26512  9138  120.55679   47   61  123.80128  120.44327  2.71%  77.6  110s
 29204  9160  120.75398   42  109  123.80128  120.45184  2.71%  78.1  118s
 29936  9677  120.63500   46   70  123.80128  120.45475  2.70%  78.4  121s
 31755  9980  120.59815   38   79  123.80128  120.46199  2.70%  78.8  126s
 33694  9884  121.11685   60   48  123.80128  120.46989  2.69%  79.5  131s
H33851  9484                     123.8012800  120.47040  2.69%  79.5  131s
 35045 10069  122.09615   51   52  123.80128  120.47260  2.69%  80.0  136s
 37295 11030  120.54612   52  111  123.80128  120.48303  2.68%  80.4  141s
 39433 12114     cutoff   43       123.80128  120.48973  2.67%  80.9  147s
 41773 12879  122.20093   59   88  123.80128  120.49791  2.67%  81.1  152s
 43486 13864  122.72647   62   60  123.80128  120.50219  2.66%  81.6  157s
 45578 14688  122.07953   49   86  123.80128  120.51129  2.66%  82.0  161s
 47611 15489  121.94360   61   78  123.80128  120.52008  2.65%  82.7  165s
 48507 15622  120.61061   51  100  123.80128  120.52364  2.65%  82.9  170s
 50000 16488  121.33675   49   76  123.80128  120.53436  2.64%  83.2  175s
 53077 17758  120.72107   53   66  123.80128  120.55559  2.62%  83.6  182s
 55149 18789  121.34844   48   86  123.80128  120.56738  2.61%  83.9  187s
 57404 19833  120.62098   46   87  123.80128  120.57404  2.61%  84.1  192s
 59533 20661  123.37854   58   34  123.80128  120.58228  2.60%  84.4  196s
 61521 21431  122.23488   44  108  123.80128  120.58884  2.59%  84.7  200s
 63401 22319  123.28888   52   64  123.80128  120.59901  2.59%  84.8  205s
 66443 23505  120.99365   57  103  123.80128  120.61665  2.57%  84.9  211s
 68334 24292  121.29722   51   68  123.80128  120.62392  2.57%  85.2  215s
 70346 25127 infeasible   48       123.80128  120.63459  2.56%  85.2  220s
 73098 26481  121.46821   51   51  123.80128  120.64842  2.55%  85.4  226s
 75081 27726  121.01495   39   76  123.80128  120.64885  2.55%  85.4  232s
 76171 28229  120.95764   41  106  123.80128  120.65054  2.54%  85.3  235s
 79258 29628  122.66129   74   76  123.80128  120.65881  2.54%  85.4  241s
 81232 30494  123.26776   40   44  123.80128  120.65998  2.54%  85.6  246s
 83011 31306  123.39367   65   73  123.80128  120.66527  2.53%  86.0  251s
 84993 32071  121.07871   56   85  123.80128  120.67013  2.53%  86.3  257s
 86949 33034 infeasible   59       123.80128  120.67773  2.52%  86.6  262s
 88056 33556 infeasible   70       123.80128  120.67773  2.52%  86.8  266s
 89235 33993  120.90006   43  124  123.80128  120.67773  2.52%  87.0  270s
 90297 34624  120.97986   43   40  123.80128  120.67773  2.52%  87.3  275s
 93193 35657  121.53007   48   82  123.80128  120.67773  2.52%  87.8  283s
 94715 36174 infeasible   53       123.80128  120.67773  2.52%  87.8  287s
 96066 36564  120.97923   46  102  123.80128  120.67773  2.52%  87.9  291s
 97212 37061  120.75654   44   98  123.80128  120.67773  2.52%  88.3  295s
 99549 38113  121.50333   53   44  123.80128  120.67773  2.52%  88.7  303s
 100794 38597  120.98361   42   79  123.80128  120.67773  2.52%  89.0  307s
 102027 39265 infeasible   53       123.80128  120.67773  2.52%  89.3  311s
 103448 39815  122.59448   47   53  123.80128  120.67773  2.52%  89.4  316s
 104680 39819  123.33791   56   94  123.80128  120.67773  2.52%  89.7  320s
 104687 39823  121.33909   48   62  123.80128  120.67773  2.52%  89.7  326s
 104690 39825  122.91224   60   83  123.80128  120.67773  2.52%  89.7  330s
 104754 39880  121.01792   42   87  123.80128  120.67773  2.52%  89.8  335s
 105783 40158  121.15336   49   86  123.80128  120.67773  2.52%  89.7  340s
 107243 40535  122.58069   56   52  123.80128  120.67773  2.52%  89.4  345s
 110432 41249  123.41622   68   70  123.80128  120.67773  2.52%  88.8  350s
 113653 41891  120.67773   61   80  123.80128  120.67773  2.52%  88.5  355s
 115324 42219  123.55045   74   49  123.80128  120.67773  2.52%  88.3  360s
 117607 42455  122.30735   67   59  123.80128  120.67773  2.52%  88.2  365s
 120068 42712  120.72992   53   96  123.80128  120.67773  2.52%  88.1  371s
 122357 42906  120.95442   57   66  123.80128  120.67773  2.52%  88.0  376s
 123909 43095 infeasible   43       123.80128  120.67773  2.52%  88.0  381s
 125588 43437 infeasible   88       123.80128  120.67773  2.52%  88.0  386s
 127163 43552  121.12379   61  125  123.80128  120.67773  2.52%  88.0  392s
 127958 43662  120.67773   45   80  123.80128  120.67773  2.52%  88.0  395s
 129191 43930  120.67773   52   75  123.80128  120.67773  2.52%  88.1  402s
 130143 44031  120.86947   56   77  123.80128  120.67773  2.52%  88.0  405s
 131902 44580  120.96513   56   91  123.80128  120.67773  2.52%  88.2  411s
 133529 44813  120.76845   58   72  123.80128  120.67773  2.52%  88.2  417s
 134516 44487  121.70678   58   59  123.80128  120.67773  2.52%  88.2  420s
 134526 44494  122.63043   62   91  123.80128  120.67773  2.52%  88.2  425s
 134532 44498  123.47174   64   84  123.80128  120.67773  2.52%  88.2  430s
 134536 44501  122.66070   59   36  123.80128  120.67773  2.52%  88.2  435s
 135648 44921  121.84220   66   71  123.80128  120.67773  2.52%  88.1  440s
 138002 45435 infeasible   67       123.80128  120.67773  2.52%  87.8  445s
 140191 45708  123.55950   81   49  123.80128  120.67773  2.52%  87.6  451s
 142673 46275  121.02782   65   78  123.80128  120.67773  2.52%  87.6  455s
H144728 44385                     123.7889000  120.67773  2.51%  87.5  458s
 145819 44509  122.57447   76   84  123.78890  120.67773  2.51%  87.5  460s
 147611 44589 infeasible   67       123.78890  120.67773  2.51%  87.5  465s
 149810 45206  120.67773   61   78  123.78890  120.67773  2.51%  87.4  470s
 152119 45513  121.16596   67   87  123.78890  120.67773  2.51%  87.5  475s
 154640 45879  120.67773   67   69  123.78890  120.67773  2.51%  87.5  480s
 157535 46171  121.33797   71  127  123.78890  120.67773  2.51%  87.5  486s
 158648 46369  120.71257   68  132  123.78890  120.67773  2.51%  87.6  491s
 160670 46493  121.32995   74   65  123.78890  120.67773  2.51%  87.5  496s
 163303 46659  120.79200   61   95  123.78890  120.67773  2.51%  87.6  501s
 164209 46364  121.73129   67   72  123.78890  120.67773  2.51%  87.7  505s
 164215 46368  121.70573   77   85  123.78890  120.67773  2.51%  87.7  510s
H164220 44052                     123.7889000  120.67773  2.51%  87.6  514s
 164222 44054  122.06647   76   69  123.78890  120.67773  2.51%  87.6  515s
 164643 44237  122.11992   85   49  123.78890  120.67773  2.51%  87.7  520s
 167349 44776  121.88371   92   55  123.78890  120.67773  2.51%  87.3  525s
 170854 45350  120.79776   75   69  123.78890  120.67773  2.51%  87.1  530s
 173229 45546  120.82559   77   74  123.78890  120.67773  2.51%  87.1  535s
 176242 46285  121.78078   94   42  123.78890  120.67773  2.51%  87.0  540s
H177558 43776                     123.5285000  120.67773  2.31%  87.0  543s
 178262 44217  122.09095   81   67  123.52850  120.67773  2.31%  87.0  545s
 181518 44642  120.68892   80   53  123.52850  120.67773  2.31%  87.0  550s
 184283 44998  120.67773   78   99  123.52850  120.67773  2.31%  87.1  555s
 187359 45416  120.98858   84   83  123.52850  120.67773  2.31%  87.2  560s
 190448 45502  123.23934   92   56  123.52850  120.67773  2.31%  87.1  565s
H190534 43380                     123.5285000  120.67773  2.31%  87.1  565s
 191967 43630  123.22803   98   38  123.52850  120.67773  2.31%  87.2  570s
 193639 43570  121.24359   94  108  123.52850  120.67773  2.31%  87.2  575s
 193648 43576  122.13885   87   66  123.52850  120.67773  2.31%  87.2  580s
 193659 43583  121.46695   84   49  123.52850  120.67773  2.31%  87.2  585s
 194386 43834  121.11224   94   41  123.52850  120.67773  2.31%  87.2  590s
 197473 44348  123.31123  121   43  123.52850  120.67773  2.31%  86.9  595s
 200221 44983     cutoff   98       123.52850  120.67773  2.31%  86.5  600s
 203420 45398  121.73675   99   59  123.52850  120.67773  2.31%  86.2  605s
 206725 46306  120.67773   88   84  123.52850  120.67773  2.31%  86.1  610s
 207745 46335  121.15118   84   80  123.52850  120.67773  2.31%  86.1  615s
 210354 46908  121.08534   97   80  123.52850  120.67773  2.31%  85.9  620s
 213441 47947  121.46920  102   46  123.52850  120.67773  2.31%  85.8  625s
 216062 48517  121.11050   99   71  123.52850  120.67773  2.31%  85.7  631s
 218033 48855 infeasible  105       123.52850  120.67773  2.31%  85.7  635s
 220785 49367  121.19602   99   99  123.52850  120.67773  2.31%  85.7  642s
 221724 49257  121.00562   97   96  123.52850  120.67773  2.31%  85.7  645s
 223249 49292  122.15209   98  221  123.52850  120.67773  2.31%  85.7  704s
 223251 49293  120.90304   96   65  123.52850  120.67773  2.31%  85.7  705s
 223264 49302  121.28613  114   56  123.52850  120.67773  2.31%  85.7  710s
 223272 49307  121.73504  120   70  123.52850  120.67773  2.31%  85.7  715s
 223419 49397  120.67773   97   68  123.52850  120.67773  2.31%  85.7  720s
 225089 49879  120.95239   99   73  123.52850  120.67773  2.31%  85.6  725s
 228372 50705  122.64883  112   51  123.52850  120.67773  2.31%  85.3  730s
 231975 51573     cutoff  111       123.52850  120.67773  2.31%  85.0  735s
 234563 52060  122.67997  121   57  123.52850  120.67773  2.31%  84.8  740s
 236732 52528  120.67773  108   75  123.52850  120.67773  2.31%  84.7  745s
 239155 53008  120.75472  107  106  123.52850  120.67773  2.31%  84.5  750s
 241674 53381  120.74595  106   77  123.52850  120.67773  2.31%  84.4  755s
 244633 53571  121.70298  112   56  123.52850  120.67773  2.31%  84.3  761s
 246496 53828  121.79517  115   64  123.52850  120.67773  2.31%  84.3  765s
 249363 54350  123.22602  114   40  123.52850  120.67773  2.31%  84.3  771s
 251226 54526     cutoff  110       123.52850  120.67773  2.31%  84.2  775s
 253528 54844  120.96051  108   79  123.52850  120.67773  2.31%  84.2  782s
 255395 55032  120.99398  119   58  123.52850  120.67773  2.31%  84.2  786s
 257426 55341  120.89889  103   81  123.52850  120.67773  2.31%  84.1  792s
 258461 55522  122.58198  116   55  123.52850  120.67773  2.31%  84.2  795s
 260804 55810  121.72918  119   55  123.52850  120.67773  2.31%  84.2  801s
 261904 55869  122.07914  111   89  123.52850  120.67773  2.31%  84.2  805s
 264271 55961  121.21223  108   81  123.52850  120.67773  2.31%  84.1  812s
 265333 56100  121.70424  107   87  123.52850  120.67773  2.31%  84.2  815s
 266835 56170  121.53953  108   64  123.52850  120.67773  2.31%  84.2  820s
 269043 56403 infeasible  123       123.52850  120.67773  2.31%  84.2  827s
 270021 56612  121.82026  110   63  123.52850  120.67773  2.31%  84.1  830s
 272073 56791  123.31194  121   29  123.52850  120.67773  2.31%  84.2  837s
 273086 56847  121.57457  109   74  123.52850  120.67773  2.31%  84.2  840s
 274467 56956  123.25478  117   66  123.52850  120.67773  2.31%  84.2  846s
 276580 56998  121.57438  108   64  123.52850  120.67773  2.31%  84.3  853s
 277736 57186 infeasible  126       123.52850  120.67773  2.31%  84.4  856s
 278947 57251  121.65454  110   69  123.52850  120.67773  2.31%  84.4  860s
 281208 57856  120.67773  100   79  123.52850  120.67773  2.31%  84.3  867s
 282306 58024  120.67773   99   88  123.52850  120.67773  2.31%  84.3  870s
 284489 58263  120.70259  102  102  123.52850  120.67773  2.31%  84.4  877s
 285318 58663  121.15823  105  115  123.52850  120.67773  2.31%  84.4  881s
 287601 58406  123.06916  114   49  123.52850  120.67773  2.31%  84.4  885s
 289115 58863  121.46971  110  106  123.52850  120.67773  2.31%  84.4  891s
 290127 59042  121.34669  110   81  123.52850  120.67773  2.31%  84.5  895s
 292381 59254  121.36637  110   46  123.52850  120.67773  2.31%  84.5  902s
 293500 59342  122.38146  110   85  123.52850  120.67773  2.31%  84.5  905s
 295378 59514 infeasible  102       123.52850  120.67773  2.31%  84.6  911s
 296381 59768  120.81406  104  121  123.52850  120.67773  2.31%  84.6  915s
 298173 59945     cutoff  121       123.52850  120.67773  2.31%  84.7  923s
 299358 59878 infeasible  119       123.52850  120.67773  2.31%  84.7  926s
 301341 60223  121.70906  112   85  123.52850  120.67773  2.31%  84.8  933s
 302637 60207  123.08489  118   27  123.52850  120.67773  2.31%  84.9  937s
 303732 60417  121.21134  102  110  123.52850  120.67773  2.31%  84.9  941s
 304973 60532  122.29177  114   73  123.52850  120.67773  2.31%  84.9  946s
 306053 60659  122.55804  126   40  123.52850  120.67773  2.31%  85.0  950s
 307159 60804  121.50981  110   51  123.52850  120.67773  2.31%  85.0  955s
 309840 60938 infeasible  116       123.52850  120.67773  2.31%  85.1  964s
 311106 61158  120.97986   99   78  123.52850  120.67773  2.31%  85.1  969s
 312302 60984  120.82880  100   64  123.52850  120.67773  2.31%  85.2  974s
 312796 61432  120.70702  103   60  123.52850  120.67773  2.31%  85.2  979s
 314201 61422  120.97545   97   71  123.52850  120.67773  2.31%  85.3  983s
 315251 61588  122.06298  124   52  123.52850  120.67773  2.31%  85.3  988s
 316563 61756  121.41795  116   42  123.52850  120.67773  2.31%  85.4  994s
 317959 61465  122.64922  112   66  123.52850  120.68032  2.31%  85.4  998s
 318376 62039  122.64737  108   53  123.52850  120.68039  2.31%  85.4 1005s
 320084 62120  121.62110  119   69  123.52850  120.68303  2.30%  85.5 1011s
 321645 62174  123.18435  139   50  123.52850  120.68452  2.30%  85.5 1017s
 323149 62404  121.17022  102  121  123.52850  120.68691  2.30%  85.5 1024s
 324710 62591  120.99333  101   72  123.52850  120.68892  2.30%  85.5 1030s
 326122 62604  120.82944  101   66  123.52850  120.68892  2.30%  85.5 1035s
 327482 62709  121.14425  100  100  123.52850  120.68892  2.30%  85.6 1041s
 328764 62631     cutoff  120       123.52850  120.68892  2.30%  85.7 1045s
 329699 62944  123.42296  125   55  123.52850  120.68892  2.30%  85.7 1051s
 331134 63157  122.10963  111   98  123.52850  120.68892  2.30%  85.8 1057s
 332599 63243  121.24880  105   55  123.52850  120.68942  2.30%  85.9 1063s
 333909 63314 infeasible  109       123.52850  120.69059  2.30%  85.9 1069s
 335185 63425  120.98092  100   82  123.52850  120.69258  2.30%  86.0 1075s
 336676 63385  120.88001  107  144  123.52850  120.69413  2.29%  86.1 1080s
 337952 63561  121.21996  108  105  123.52850  120.69538  2.29%  86.1 1086s
 339312 63685  121.50740  117   57  123.52850  120.69806  2.29%  86.2 1092s
 340676 63789  123.26776  117   45  123.52850  120.70055  2.29%  86.2 1098s
 342096 63828  121.17479   96   80  123.52850  120.70222  2.29%  86.3 1104s
 343291 63928  121.44665  112   76  123.52850  120.70389  2.29%  86.4 1108s
 344362 64188  121.19144  108   75  123.52850  120.70542  2.29%  86.4 1114s
 345736 64327  121.60093  104  134  123.52850  120.70721  2.28%  86.4 1119s
 346979 64452 infeasible  115       123.52850  120.70949  2.28%  86.4 1124s
 348230 64570  122.01152  105   67  123.52850  120.71051  2.28%  86.5 1130s
 349536 64545     cutoff  109       123.52850  120.71192  2.28%  86.5 1135s
 350723 64712  123.20042  109   60  123.52850  120.71323  2.28%  86.6 1141s
 352071 64749  121.06838  109   81  123.52850  120.71588  2.28%  86.6 1146s
 353321 64817  123.37854  121   38  123.52850  120.71745  2.28%  86.7 1152s
 354549 64864  120.91982  104  119  123.52850  120.71963  2.27%  86.7 1157s
 355652 65017  121.42245  104   91  123.52850  120.72106  2.27%  86.8 1162s
 356774 65215  122.40429  119   58  123.52850  120.72339  2.27%  86.9 1167s
 358040 65211 infeasible  102       123.52850  120.72409  2.27%  86.9 1172s
 359082 65363  120.81698  101  108  123.52850  120.72545  2.27%  87.0 1178s
 360355 65495  122.01727  108   62  123.52850  120.72758  2.27%  87.0 1184s
 361758 65416  120.78968  105  116  123.52850  120.72933  2.27%  87.1 1189s
 362918 65501  121.13820  107   97  123.52850  120.73031  2.27%  87.1 1195s
 364101 65660 infeasible  121       123.52850  120.73201  2.26%  87.2 1201s
 365511 65701  122.32068  116   61  123.52850  120.73383  2.26%  87.3 1206s
 366696 65906  121.50451  110   82  123.52850  120.73499  2.26%  87.3 1213s
 368095 66013  121.50602  105   67  123.52850  120.73690  2.26%  87.4 1220s
 369449 66143  121.41901  114   90  123.52850  120.73813  2.26%  87.4 1226s
 370787 66108  122.87197  115   56  123.52850  120.73981  2.26%  87.5 1232s
 372007 66443  123.26776  104   62  123.52850  120.74104  2.26%  87.5 1238s
 373262 66854 infeasible  110       123.52850  120.74232  2.26%  87.6 1242s
 374305 67334  122.03509  120   55  123.52850  120.74300  2.25%  87.6 1248s
 375630 67848  121.70548  108   93  123.52850  120.74390  2.25%  87.7 1253s
 376778 68388  121.10336  111   60  123.52850  120.74464  2.25%  87.7 1259s
 377994 68859  122.09421  119   59  123.52850  120.74553  2.25%  87.8 1265s
 379346 69363  122.69454  119   63  123.52850  120.74629  2.25%  87.8 1271s
 380644 69873 infeasible  117       123.52850  120.74736  2.25%  87.8 1277s
 381917 70310  121.04084   98   93  123.52850  120.74851  2.25%  87.9 1283s
 383152 70672  121.41547  106   98  123.52850  120.74983  2.25%  88.0 1288s
 384245 70876  122.95468  108   66  123.52850  120.75073  2.25%  88.0 1292s
 384872 71397  123.33838  113   33  123.52850  120.75106  2.25%  88.1 1299s
 386331 71890  122.97727  113   31  123.52850  120.75326  2.25%  88.1 1305s
 387602 72435  123.38662  109  100  123.52850  120.75461  2.25%  88.2 1311s
 389052 72823  123.20749  111   79  123.52850  120.75620  2.24%  88.2 1316s
 390132 73319  121.22175  106  115  123.52850  120.75745  2.24%  88.2 1322s
 391458 73729  121.99743  116   83  123.52850  120.75835  2.24%  88.3 1328s
 392682 74174  121.85519  106   88  123.52850  120.76021  2.24%  88.3 1334s
 393869 74604 infeasible  118       123.52850  120.76214  2.24%  88.4 1341s
 395124 75156  120.94557  106   95  123.52850  120.76375  2.24%  88.4 1348s
 396494 75704  121.17176  103   96  123.52850  120.76543  2.24%  88.5 1354s
 397772 76066  120.76682  112  101  123.52850  120.76656  2.24%  88.5 1360s
 398775 76496  121.23895  109  153  123.52850  120.76749  2.24%  88.6 1366s
 400039 77019  121.26086  110  101  123.52850  120.76841  2.23%  88.6 1374s
 401477 77488     cutoff  115       123.52850  120.77003  2.23%  88.7 1380s
 402723 77893  122.16889  108   40  123.52850  120.77170  2.23%  88.7 1386s
 403818 78265  122.43979  121   28  123.52850  120.77367  2.23%  88.8 1391s
 404737 78769  123.24280  102   75  123.52850  120.77463  2.23%  88.8 1399s
 406135 79242  121.79441  119   66  123.52850  120.77659  2.23%  88.8 1406s
 407452 79694  122.18794  102   41  123.52850  120.77844  2.23%  88.9 1412s
 408740 80142  120.83286  108   69  123.52850  120.77995  2.23%  89.0 1418s
 409961 80696  121.24776  105  103  123.52850  120.78103  2.22%  89.0 1425s
 411306 81198  122.78398  106  112  123.52850  120.78266  2.22%  89.0 1431s
 412555 81607  121.60403  107  112  123.52850  120.78425  2.22%  89.1 1437s
 413776 82078     cutoff  103       123.52850  120.78551  2.22%  89.1 1444s
 415104 82540  123.12689  118   45  123.52850  120.78630  2.22%  89.2 1451s
 416339 82929  121.02976  108   99  123.52850  120.78847  2.22%  89.2 1456s
 417397 83505     cutoff  120       123.52850  120.78972  2.22%  89.3 1463s
 418812 83896  121.75645  118   58  123.52850  120.79078  2.22%  89.3 1469s
 419834 84353  122.20627  120   56  123.52850  120.79173  2.22%  89.4 1475s
 421058 84823  123.46822  110   38  123.52850  120.79393  2.21%  89.4 1481s
 422194 85300  121.29578  100   89  123.52850  120.79443  2.21%  89.5 1488s
 423412 85771  123.07375  121   46  123.52850  120.79473  2.21%  89.6 1495s
 424722 86163  120.95757  114  102  123.52850  120.79717  2.21%  89.7 1501s
 425841 86541  121.91343  115   75  123.52850  120.79913  2.21%  89.7 1508s
 427152 87089  122.25195  110   92  123.52850  120.80078  2.21%  89.8 1516s
 428596 87612  121.98516  115   42  123.52850  120.80231  2.21%  89.8 1524s
 430122 88074  121.61586  124   66  123.52850  120.80392  2.21%  89.8 1531s
 431399 88534  122.15104  114  111  123.52850  120.80513  2.20%  89.9 1538s
 432794 88902  120.98673  108  113  123.52850  120.80693  2.20%  90.0 1544s
 433915 89214  121.52086  107   96  123.52850  120.80885  2.20%  90.0 1549s
 434849 89689  121.73726  115   88  123.52850  120.81006  2.20%  90.1 1556s
 436282 90237  121.36111  114   77  123.52850  120.81165  2.20%  90.1 1564s
 437699 90591  121.50724  110  104  123.52850  120.81317  2.20%  90.1 1570s
 438919 91072  121.52546  112  114  123.52850  120.81498  2.20%  90.2 1576s
 440213 91458 infeasible  110       123.52850  120.81640  2.20%  90.2 1582s
 441355 91847  122.95108  101   45  123.52850  120.81865  2.19%  90.3 1589s
 442604 92338  121.50677  112  147  123.52850  120.82021  2.19%  90.3 1596s
 443826 92808     cutoff  113       123.52850  120.82169  2.19%  90.4 1603s
 445064 93272  123.12480  117   65  123.52850  120.82311  2.19%  90.4 1610s
 446401 93779  120.88196  111   99  123.52850  120.82490  2.19%  90.5 1618s
 447667 94120  121.32911  100  104  123.52850  120.82657  2.19%  90.5 1624s
 448837 94441  122.32322  108   82  123.52850  120.82880  2.19%  90.6 1630s
 449888 94957  122.72624  108   68  123.52850  120.82990  2.18%  90.6 1635s
 451061 95346  121.28238  109  105  123.52850  120.82990  2.18%  90.7 1641s
 452306 95736  121.37490  111   66  123.52850  120.82990  2.18%  90.7 1648s
 453649 96123 infeasible   99       123.52850  120.83135  2.18%  90.7 1655s
 454938 96564     cutoff  106       123.52850  120.83414  2.18%  90.8 1663s
 456243 96952  121.60190  103   75  123.52850  120.83604  2.18%  90.8 1670s
 457556 97338  123.05014  108   81  123.52850  120.83772  2.18%  90.9 1677s
 458720 97718 infeasible  119       123.52850  120.83963  2.18%  90.9 1683s
 459850 98039  121.29695  115  134  123.52850  120.84079  2.18%  91.0 1691s
 461037 98540  121.55088  115   79  123.52850  120.84232  2.17%  91.0 1698s
 462459 99056  123.18165  120   41  123.52850  120.84437  2.17%  91.1 1706s
 463864 99415  123.17292  104   70  123.52850  120.84603  2.17%  91.1 1711s
 464826 99861  122.34994  114   26  123.52850  120.84744  2.17%  91.1 1719s
 466188 100223  122.38457  106   64  123.52850  120.84933  2.17%  91.2 1726s
 467424 100658  122.92874  116   57  123.52850  120.85107  2.17%  91.2 1734s
 468441 100658  121.21199  115  117  123.52850  120.85147  2.17%  91.3 1735s
 468781 101075  121.73928  108  107  123.52850  120.85348  2.17%  91.3 1742s
 469989 101538  122.26921  127   51  123.52850  120.85517  2.16%  91.3 1750s
 471470 101882  122.44953  112   71  123.52850  120.85702  2.16%  91.4 1756s
 472529 102283  123.09553  107   37  123.52850  120.85897  2.16%  91.4 1763s
 473675 102693  121.78673  103   97  123.52850  120.86038  2.16%  91.4 1770s
 474967 103134  122.18794  120   79  123.52850  120.86227  2.16%  91.5 1777s
 476185 103632  121.45065  109   92  123.52850  120.86418  2.16%  91.6 1785s
 477521 103842 infeasible  104       123.52850  120.86613  2.16%  91.6 1790s
 478350 104216  121.44480  107   57  123.52850  120.86734  2.15%  91.6 1797s
 479541 104619  121.80784  107  104  123.52850  120.86922  2.15%  91.6 1804s
 480684 104956  121.45623  117   50  123.52850  120.87085  2.15%  91.6 1812s
 481893 105333 infeasible  113       123.52850  120.87299  2.15%  91.7 1818s
 482960 105701  121.77124  104   62  123.52850  120.87451  2.15%  91.7 1825s
 484090 106049  123.02054  123   60  123.52850  120.87676  2.15%  91.8 1832s
 485372 106423  121.46805  104   96  123.52850  120.87855  2.15%  91.8 1840s
 486630 106906  122.90013  126   30  123.52850  120.88039  2.14%  91.9 1849s
 487991 107347  122.55137  101   87  123.52850  120.88247  2.14%  91.9 1857s
 489321 107824  122.50023  121   75  123.52850  120.88428  2.14%  91.9 1866s
 490785 108304  121.84633  110   67  123.52850  120.88604  2.14%  91.9 1874s
 492022 108639  122.55541  112  115  123.52850  120.88746  2.14%  92.0 1881s
 493048 109004  121.23468  114   75  123.52850  120.88830  2.14%  92.0 1887s
 493964 109413  123.09848  107   66  123.52850  120.88956  2.14%  92.1 1894s
 495262 109931  121.87550  118   43  123.52850  120.89167  2.13%  92.1 1903s
 496764 110507  121.30592  112   82  123.52850  120.89437  2.13%  92.2 1912s
 498172 110671  122.48134  110   73  123.52850  120.89661  2.13%  92.2 1917s
 498648 111038  122.05992  106   66  123.52850  120.89661  2.13%  92.2 1925s
 499933 111539  120.99799  104  127  123.52850  120.89939  2.13%  92.2 1933s
 501355 111988  121.12509  113   69  123.52850  120.90116  2.13%  92.3 1942s
 502677 112353 infeasible  118       123.52850  120.90364  2.12%  92.3 1951s
 504136 112704  121.39708  111   73  123.52850  120.90459  2.12%  92.3 1960s
 504948 113101  123.16759  113   42  123.52850  120.90496  2.12%  92.4 1968s
 506244 113504  121.70304  111   92  123.52850  120.90761  2.12%  92.4 1977s
 507590 113835  123.48747  107   35  123.52850  120.90928  2.12%  92.4 1984s
 508683 114160  121.57836  107   87  123.52850  120.91132  2.12%  92.5 1991s
 509862 114633  121.43286  120   71  123.52850  120.91329  2.12%  92.5 2000s
 511189 114987  123.02624  110   42  123.52850  120.91519  2.12%  92.5 2008s
 512424 115185  121.91671  119   95  123.52850  120.91756  2.11%  92.6 2015s
 513413 115568  121.60190  110   78  123.52850  120.91871  2.11%  92.6 2023s
 514632 116030  121.16898  105  128  123.52850  120.92090  2.11%  92.7 2032s
 516002 116415  121.79597  106   87  123.52850  120.92232  2.11%  92.7 2039s
H517087 116499                     123.5285000  120.92244  2.11%  92.8 2045s
H517205 116499                     123.5284998  120.92290  2.11%  92.8 2045s
 517388 116953  121.05534  116   86  123.52850  120.92293  2.11%  92.8 2054s
 518811 116959  122.00020  119   63  123.52850  120.92546  2.11%  92.8 2060s
 518819 117307  122.32160  120   52  123.52850  120.92552  2.11%  92.8 2067s
 519995 117726 infeasible  122       123.52850  120.92760  2.11%  92.8 2075s
 521332 118082  121.71684  118  101  123.52850  120.93018  2.10%  92.9 2082s
 522533 118437  122.34088  111   69  123.52850  120.93203  2.10%  92.9 2089s
 523545 118800  122.44190  117   54  123.52850  120.93394  2.10%  93.0 2097s
 524878 119158  121.87928  106   70  123.52850  120.93591  2.10%  93.0 2105s
 526092 119504  121.71071  113   53  123.52850  120.93797  2.10%  93.1 2112s
 527390 119885  121.23324  111   95  123.52850  120.93943  2.10%  93.1 2120s
 528477 120318  122.95108   99   68  123.52850  120.94054  2.10%  93.1 2128s
 529865 120708  123.29166  126   29  123.52850  120.94268  2.09%  93.2 2135s
 531193 121046  122.40801  106   70  123.52850  120.94534  2.09%  93.2 2143s
 532425 121427  121.92528  106   51  123.52850  120.94757  2.09%  93.2 2151s
 533629 121841 infeasible  110       123.52850  120.94921  2.09%  93.3 2159s
 534950 122243  121.45240  108  114  123.52850  120.95076  2.09%  93.3 2167s
 536245 122550  123.24762  127   57  123.52850  120.95261  2.09%  93.3 2175s
 537320 122904  122.90596  117   30  123.52850  120.95455  2.08%  93.4 2182s
 538355 123393  121.59759  116   44  123.52850  120.95664  2.08%  93.4 2191s
 539687 123823  123.25843  107   51  123.52850  120.95803  2.08%  93.4 2199s
 541012 124211  122.95108  115   47  123.52850  120.95994  2.08%  93.4 2207s
 542300 124618 infeasible  107       123.52850  120.96200  2.08%  93.4 2215s
 543441 125004  121.63558  114   57  123.52850  120.96366  2.08%  93.5 2223s
 544664 125441     cutoff  127       123.52850  120.96609  2.07%  93.5 2231s
 545881 125838  121.38270  114  111  123.52850  120.96707  2.07%  93.5 2239s
 547106 126259  121.96650  114  103  123.52850  120.96953  2.07%  93.6 2248s
 548452 126734  122.49174  112   65  123.52850  120.97211  2.07%  93.6 2258s
 549857 127292  122.83620  110   65  123.52850  120.97393  2.07%  93.6 2268s
 551349 127730  122.89467  116   31  123.52850  120.97497  2.07%  93.6 2277s
 552704 128108  121.11938  113  120  123.52850  120.97600  2.07%  93.6 2285s
 553823 128506  121.36129  119   69  123.52850  120.97752  2.07%  93.6 2295s
 555159 128943 infeasible  123       123.52850  120.97783  2.06%  93.6 2305s
 556590 129462 infeasible  126       123.52850  120.97861  2.06%  93.6 2315s
 558073 129854  121.50349  122   69  123.52850  120.97923  2.06%  93.6 2324s
 558380 129854  120.97923  113   87  123.52850  120.97923  2.06%  93.6 2325s
 559390 130108  121.58648  110   88  123.52850  120.97968  2.06%  93.6 2333s
 560523 130445  121.72859  110   58  123.52850  120.97986  2.06%  93.7 2342s
 561824 130775  121.92324  105   72  123.52850  120.97986  2.06%  93.7 2352s
 563094 130962  121.42260  114   33  123.52850  120.97986  2.06%  93.7 2361s
 564167 131195 infeasible  108       123.52850  120.97986  2.06%  93.7 2370s
 565343 131462 infeasible  113       123.52850  120.97986  2.06%  93.8 2379s
 566553 131834 infeasible  115       123.52850  120.97986  2.06%  93.8 2388s
 567739 132158  122.35515  113   87  123.52850  120.98091  2.06%  93.9 2395s
 568736 132665  122.95108  104   77  123.52850  120.98274  2.06%  93.9 2405s
 570188 133162  123.25113  116   66  123.52850  120.98447  2.06%  93.9 2415s
 571601 133728  121.42944  117   92  123.52850  120.98547  2.06%  93.9 2425s
 573018 134154  121.76142  106   92  123.52850  120.98654  2.06%  93.9 2436s
 574541 134589  121.35805  111  105  123.52850  120.98785  2.06%  93.9 2446s
 575883 134930  122.80720  102   90  123.52850  120.98884  2.06%  93.9 2454s
 576980 135250  121.40627  100  127  123.52850  120.99023  2.05%  93.9 2462s
 578214 135592  121.61047  106   65  123.52850  120.99105  2.05%  93.9 2470s
 579338 135944     cutoff  124       123.52850  120.99238  2.05%  94.0 2478s
 580460 136358  121.19046  100   95  123.52850  120.99362  2.05%  94.0 2487s
 581788 136680  121.36108  111   69  123.52850  120.99483  2.05%  94.0 2495s
 582841 137022     cutoff  116       123.52850  120.99694  2.05%  94.1 2502s
 583851 137434  121.84679  108   72  123.52850  120.99799  2.05%  94.1 2512s
 585165 137812  121.33757  116  110  123.52850  120.99917  2.05%  94.1 2521s
 586455 138271  123.52813  121   52  123.52850  121.00005  2.05%  94.2 2531s
 587745 138617  121.76624  111   58  123.52850  121.00116  2.05%  94.2 2540s
 589040 138941  121.80781  111   58  123.52850  121.00232  2.05%  94.2 2550s
 590334 139327  121.31743  106   44  123.52850  121.00323  2.04%  94.2 2559s
 591631 139670  121.36343  111   46  123.52850  121.00430  2.04%  94.2 2568s
 592760 140050  122.41483  109   42  123.52850  121.00599  2.04%  94.3 2577s
 594022 140429  122.41552  106   64  123.52850  121.00733  2.04%  94.3 2585s
 595223 140844  121.34955  115   88  123.52850  121.00865  2.04%  94.3 2594s
 596481 140959 infeasible  126       123.52850  121.01011  2.04%  94.4 2601s
 596792 141346  122.51348  125   26  123.52850  121.01013  2.04%  94.4 2612s
 598261 141659  121.05607  110  146  123.52850  121.01190  2.04%  94.4 2620s
 599346 142015  122.43443  116   51  123.52850  121.01291  2.04%  94.4 2629s
 600714 142364  121.90853  113   82  123.52850  121.01436  2.04%  94.4 2639s
 601936 142718  122.57935  108   52  123.52850  121.01595  2.03%  94.4 2648s
 603290 143012  121.78541  115   64  123.52850  121.01764  2.03%  94.4 2656s
 604334 143409  121.22168  105  107  123.52850  121.01993  2.03%  94.5 2666s
 605555 143791  123.36866  115   50  123.52850  121.02092  2.03%  94.5 2675s
 606790 144102  121.31104  104  113  123.52850  121.02209  2.03%  94.5 2684s
 608173 144426  123.31916  104   83  123.52850  121.02352  2.03%  94.5 2694s
 609355 144617  122.82908  115   76  123.52850  121.02430  2.03%  94.5 2703s
 610555 144906 infeasible  115       123.52850  121.02578  2.03%  94.5 2711s
 611776 144982     cutoff  116       123.52850  121.02728  2.02%  94.6 2720s
 611987 145341  121.12394  110   81  123.52850  121.02740  2.02%  94.6 2728s
 613096 145677  121.22964  106   68  123.52850  121.02782  2.02%  94.6 2734s
 613678 145677  121.93241  118  117  123.52850  121.02782  2.02%  94.6 2735s
 613890 146202  121.32995   98   90  123.52850  121.02782  2.02%  94.7 2748s
 615671 146602  122.49947  104   77  123.52850  121.02782  2.02%  94.7 2758s
 617105 146925 infeasible  121       123.52850  121.03126  2.02%  94.7 2768s
 618327 147374  121.90378  105   74  123.52850  121.03272  2.02%  94.7 2777s
 619674 147766  122.63104  116   54  123.52850  121.03390  2.02%  94.7 2787s
 620997 148068  122.56692  109  101  123.52850  121.03501  2.02%  94.8 2797s
 622203 148410  121.75176  108   65  123.52850  121.03585  2.02%  94.8 2807s
 623476 148764  121.50631  111   80  123.52850  121.03740  2.02%  94.8 2817s
 624670 149128  121.89548  100   75  123.52850  121.03918  2.02%  94.8 2826s
 625883 149231 infeasible  115       123.52850  121.04055  2.01%  94.9 2831s
 626563 149541     cutoff  116       123.52850  121.04084  2.01%  95.0 2838s
 627611 149870 infeasible  104       123.52850  121.04147  2.01%  95.0 2846s
 628683 150168     cutoff  109       123.52850  121.04265  2.01%  95.0 2857s
 629949 150452  122.05910  106   97  123.52850  121.04371  2.01%  95.1 2866s
 631103 150738  121.50846  107   97  123.52850  121.04458  2.01%  95.1 2875s
 632247 151082  121.14201  104  114  123.52850  121.04610  2.01%  95.1 2884s
 633428 151462  121.93626  109   68  123.52850  121.04766  2.01%  95.2 2895s
 634747 151804  122.31177  117   72  123.52850  121.04898  2.01%  95.2 2905s
 636034 152123  123.46226  113  107  123.52850  121.05069  2.01%  95.3 2916s
 637148 152520  122.60622  113   83  123.52850  121.05236  2.00%  95.3 2926s
 638400 152858     cutoff  103       123.52850  121.05388  2.00%  95.3 2937s
 639665 153224  121.73761  114   74  123.52850  121.05556  2.00%  95.4 2949s
 641092 153578  122.39244  115   65  123.52850  121.05746  2.00%  95.4 2962s
 642521 153878  121.65349  109   86  123.52850  121.05925  2.00%  95.4 2970s
 643539 154202  121.57218  104   85  123.52850  121.06049  2.00%  95.4 2980s
 644813 154483  121.35577  121  106  123.52850  121.06171  2.00%  95.5 2990s
 645916 154880  121.91124  117   91  123.52850  121.06336  2.00%  95.5 3001s
 647152 155206  123.37854  113   66  123.52850  121.06463  1.99%  95.5 3011s
 648455 155483  121.48414   99   96  123.52850  121.06607  1.99%  95.6 3022s
 649710 155780  121.98073  105  116  123.52850  121.06743  1.99%  95.6 3032s
 650803 156061  122.02426  127   88  123.52850  121.06852  1.99%  95.7 3042s
 652036 156168  121.30247  107   70  123.52850  121.06899  1.99%  95.7 3050s
 652545 156541  121.30403  108   65  123.52850  121.06899  1.99%  95.7 3061s
 653926 156853  123.40213  126   26  123.52850  121.07117  1.99%  95.8 3071s
 655154 157232  122.25194  117   59  123.52850  121.07269  1.99%  95.8 3083s
 656511 157549  122.95204  130   48  123.52850  121.07457  1.99%  95.8 3095s
 657917 157830  122.55501  117   54  123.52850  121.07637  1.99%  95.9 3103s
 658907 158200  121.37111  113   44  123.52850  121.07812  1.98%  95.9 3114s
 660213 158570 infeasible  122       123.52850  121.07972  1.98%  95.9 3124s
 661582 158860  123.27794  136   33  123.52850  121.08123  1.98%  95.9 3134s
 662879 159192  122.07234  112   72  123.52850  121.08297  1.98%  95.9 3144s
 663633 159192  122.30526  112   28  123.52850  121.08322  1.98%  95.9 3145s
 664023 159632  122.91684  114  102  123.52850  121.08460  1.98%  95.9 3155s
 665339 160054  123.28861  118   96  123.52850  121.08561  1.98%  96.0 3166s
 666716 160264  122.99758  123   35  123.52850  121.08709  1.98%  96.0 3176s
 667706 160691     cutoff  112       123.52850  121.08848  1.98%  96.0 3187s
 668979 161080  122.06338  105   74  123.52850  121.08976  1.97%  96.0 3197s
 670203 161436 infeasible  116       123.52850  121.09141  1.97%  96.1 3208s
 671503 161751  122.05640  106   40  123.52850  121.09317  1.97%  96.1 3218s
 672774 161995  121.47728  114  102  123.52850  121.09471  1.97%  96.1 3227s
 673738 162252  121.88105  114   69  123.52850  121.09619  1.97%  96.1 3238s
 674932 162492  123.47538  108   60  123.52850  121.09656  1.97%  96.2 3250s
 676104 162888  121.85587  104   74  123.52850  121.09656  1.97%  96.2 3262s
 677487 163238  122.04124  112   70  123.52850  121.09882  1.97%  96.3 3274s
 678820 163620  122.41900  113   38  123.52850  121.10080  1.97%  96.3 3287s
 680239 163981  121.62250  110   55  123.52850  121.10283  1.96%  96.4 3299s
 681541 164278  121.99517  116   69  123.52850  121.10351  1.96%  96.4 3310s
 682853 164627  121.16171  112   96  123.52850  121.10460  1.96%  96.4 3321s
 684052 164908  123.24803  112   46  123.52850  121.10617  1.96%  96.5 3333s
 685386 165317  122.78536  113   46  123.52850  121.10879  1.96%  96.5 3345s
 686771 165675  123.23610  112   56  123.52850  121.11015  1.96%  96.5 3358s
 688148 165798  121.59771  114   53  123.52850  121.11104  1.96%  96.5 3366s
 689003 165879  122.00219  113  106  123.52850  121.11224  1.96%  96.6 3381s
 690452 166073  121.88979  114   61  123.52850  121.11224  1.96%  96.6 3394s
 691650 166253  122.95108  115   25  123.52850  121.11224  1.96%  96.6 3408s
 693082 166420  121.72088  103   29  123.52850  121.11224  1.96%  96.7 3422s
 694529 166671  121.28615  117   57  123.52850  121.11224  1.96%  96.7 3435s
 695991 167026     cutoff  113       123.52850  121.11257  1.96%  96.7 3448s
 697505 167482  121.12921  101  128  123.52850  121.11517  1.95%  96.8 3460s
 698975 167776  122.95474  113   48  123.52850  121.11685  1.95%  96.8 3471s
 700252 168077  122.06103  115   85  123.52850  121.11833  1.95%  96.8 3482s
 701499 168593  121.58934  109   41  123.52850  121.12010  1.95%  96.9 3494s
 703109 168879  122.23916  121   49  123.52850  121.12155  1.95%  96.9 3502s
 704157 169162  122.50194  116   32  123.52850  121.12298  1.95%  96.9 3512s
 705383 169484  122.45866  114   75  123.52850  121.12457  1.95%  96.9 3523s
 706683 169868  121.30116  117  117  123.52850  121.12579  1.95%  96.9 3535s
 708064 170228  121.91579  108   77  123.52850  121.12752  1.94%  96.9 3545s
 709255 170541  121.49031  105   64  123.52850  121.12902  1.94%  96.9 3556s
 710553 171035  122.38739  110   69  123.52850  121.13046  1.94%  96.9 3568s
 712098 171326  121.82650  115   49  123.52850  121.13092  1.94%  96.9 3578s
 713199 171709  121.86403  114  108  123.52850  121.13259  1.94%  97.0 3590s
 714469 172043  122.95074  122   78  123.52850  121.13340  1.94%  97.0 3600s

Cutting planes:
  Learned: 227
  Gomory: 103
  Lift-and-project: 6
  Cover: 5175
  Implied bound: 744
  Projected implied bound: 63
  Clique: 130
  MIR: 294
  StrongCG: 80
  Flow cover: 1325
  GUB cover: 4
  Inf proof: 54
  Zero half: 308
  Network: 1
  RLT: 152
  Relax-and-lift: 457

Explored 715639 nodes (69440717 simplex iterations) in 3600.45 seconds (1852.43 work units)
Thread count was 8 (of 24 available processors)

Solution count 10: 123.528 123.528 123.528 ... 124.159

Time limit reached
Warning: max constraint violation (1.3843e-04) exceeds tolerance
Warning: max bound violation (1.3843e-04) exceeds tolerance
Best objective 1.235284998300e+02, best bound 1.211343956377e+02, gap 1.9381%
