
Gurobi 10.0.0 (win64) logging started Sun Jan 21 08:54:56 2024

Set parameter LogFile to value "C:/Users\Administrator\Documents\BNC_Repo\BNC_Tests\10_MIP_Results\n20m3\Instance_Class3_Parts20_Machines3_Instance4_logfileChe2021.txt"
Gurobi Optimizer version 10.0.0 build v10.0.0rc2 (win64)

CPU model: AMD EPYC 7513 32-Core Processor, instruction set [SSE2|AVX|AVX2]
Thread count: 24 physical cores, 24 logical processors, using up to 8 threads

Optimize a model with 20457 rows, 3461 columns and 100651 nonzeros
Model fingerprint: 0x756ead36
Variable types: 1361 continuous, 2100 integer (2100 binary)
Coefficient statistics:
  Matrix range     [4e-06, 5e+02]
  Objective range  [1e+00, 1e+00]
  Bounds range     [1e+00, 1e+00]
  RHS range        [1e+00, 8e+02]
Presolve removed 10051 rows and 1580 columns
Presolve time: 0.58s
Presolved: 10406 rows, 1881 columns, 69799 nonzeros
Variable types: 101 continuous, 1780 integer (1720 binary)
Found heuristic solution: objective 740.5708000
Root relaxation presolved: 10406 rows, 1881 columns, 69799 nonzeros


Root relaxation: objective 6.540667e+01, 5801 iterations, 1.08 seconds (1.76 work units)

    Nodes    |    Current Node    |     Objective Bounds      |     Work
 Expl Unexpl |  Obj  Depth IntInf | Incumbent    BestBd   Gap | It/Node Time

     0     0   65.40667    0  162  740.57080   65.40667  91.2%     -    2s
H    0     0                     408.2003800   65.40667  84.0%     -    2s
     0     0   65.83280    0  341  408.20038   65.83280  83.9%     -    3s
     0     0   65.83280    0  331  408.20038   65.83280  83.9%     -    3s
     0     0   65.83350    0  450  408.20038   65.83350  83.9%     -    3s
     0     0   65.83568    0  413  408.20038   65.83568  83.9%     -    3s
H    0     0                     407.8944600   65.83568  83.9%     -    4s
     0     0   65.91762    0  640  407.89446   65.91762  83.8%     -    5s
     0     0   65.91762    0  598  407.89446   65.91762  83.8%     -    5s
H    0     0                     312.4543600   65.94696  78.9%     -    5s
     0     0   65.95127    0  395  312.45436   65.95127  78.9%     -    5s
     0     0   65.95127    0  392  312.45436   65.95127  78.9%     -    5s
     0     0   65.95858    0  461  312.45436   65.95858  78.9%     -    5s
     0     0   65.95858    0  461  312.45436   65.95858  78.9%     -    5s
H    0     0                     277.7826400   65.95858  76.3%     -    6s
H    0     0                     260.6201200   66.00854  74.7%     -    7s
     0     0   66.01033    0  530  260.62012   66.01033  74.7%     -    7s
     0     0   66.01661    0  480  260.62012   66.01661  74.7%     -    7s
H    0     0                     244.1475800   66.01661  73.0%     -    7s
     0     0   66.10476    0  527  244.14758   66.10476  72.9%     -    7s
     0     0   66.10476    0  229  244.14758   66.10476  72.9%     -   11s
H    0     0                     209.9457600   66.10476  68.5%     -   11s
H    0     0                     140.7929400   66.10476  53.0%     -   12s
H    0     0                     135.0529400   66.10476  51.1%     -   12s
     0     0   66.10476    0  405  135.05294   66.10476  51.1%     -   12s
     0     0   66.10476    0  404  135.05294   66.10476  51.1%     -   12s
     0     0   66.10476    0  320  135.05294   66.10476  51.1%     -   12s
     0     0   66.10476    0  318  135.05294   66.10476  51.1%     -   12s
     0     0   66.10476    0  337  135.05294   66.10476  51.1%     -   13s
     0     0   66.10476    0  333  135.05294   66.10476  51.1%     -   13s
     0     0   66.10476    0  293  135.05294   66.10476  51.1%     -   13s
     0     0   66.10476    0  298  135.05294   66.10476  51.1%     -   13s
     0     0   66.15027    0  479  135.05294   66.15027  51.0%     -   13s
     0     0   66.15537    0  464  135.05294   66.15537  51.0%     -   13s
H    0     0                     134.7187600   66.15537  50.9%     -   14s
     0     0   66.20295    0  340  134.71876   66.20295  50.9%     -   14s
     0     0   66.20862    0  469  134.71876   66.20862  50.9%     -   14s
     0     0   66.20867    0  401  134.71876   66.20867  50.9%     -   14s
H    0     0                     121.7789000   66.20867  45.6%     -   14s
     0     0   66.20916    0  311  121.77890   66.20916  45.6%     -   14s
     0     0   66.20922    0  347  121.77890   66.20922  45.6%     -   14s
     0     0   66.20922    0  341  121.77890   66.20922  45.6%     -   14s
     0     0   66.23481    0  351  121.77890   66.23481  45.6%     -   15s
H    0     0                     121.4447200   66.23481  45.5%     -   15s
     0     0   66.37810    0  343  121.44472   66.37810  45.3%     -   15s
     0     0   66.87698    0  374  121.44472   66.87698  44.9%     -   16s
     0     0   66.91501    0  371  121.44472   66.91501  44.9%     -   16s
     0     0   66.97160    0  365  121.44472   66.97160  44.9%     -   17s
H    0     0                     120.4920400   67.04098  44.4%     -   17s
H    0     0                     108.3437600   67.04098  38.1%     -   17s
     0     0   67.04098    0  366  108.34376   67.04098  38.1%     -   17s
H    0     0                      94.4408400   67.05182  29.0%     -   17s
     0     0   67.05182    0  365   94.44084   67.05182  29.0%     -   17s
     0     0   67.26833    0  370   94.44084   67.26833  28.8%     -   18s
     0     0   67.26833    0  330   94.44084   67.26833  28.8%     -   18s
H    0     0                      93.4453000   67.26833  28.0%     -   19s
H    0     0                      76.7260800   67.26833  12.3%     -   20s
     0     0   67.26833    0  240   76.72608   67.26833  12.3%     -   21s
     0     0   67.26833    0  285   76.72608   67.26833  12.3%     -   22s
     0     0   67.26833    0  320   76.72608   67.26833  12.3%     -   22s
     0     0   67.26833    0  354   76.72608   67.26833  12.3%     -   22s
     0     0   67.26833    0  255   76.72608   67.26833  12.3%     -   22s
     0     0   67.26833    0  282   76.72608   67.26833  12.3%     -   23s
     0     0   67.26833    0  288   76.72608   67.26833  12.3%     -   23s
     0     0   67.26833    0  288   76.72608   67.26833  12.3%     -   23s
     0     0   67.26833    0  290   76.72608   67.26833  12.3%     -   23s
     0     0   67.26833    0  281   76.72608   67.26833  12.3%     -   23s
     0     0   67.54973    0  275   76.72608   67.54973  12.0%     -   23s
     0     0   67.64403    0  272   76.72608   67.64403  11.8%     -   23s
     0     0   67.64977    0  275   76.72608   67.64977  11.8%     -   23s
     0     0   67.70692    0  264   76.72608   67.70692  11.8%     -   23s
     0     0   67.84194    0  244   76.72608   67.84194  11.6%     -   24s
     0     0   67.87722    0  272   76.72608   67.87722  11.5%     -   25s
     0     0   67.90705    0  253   76.72608   67.90705  11.5%     -   25s
     0     0   67.92751    0  246   76.72608   67.92751  11.5%     -   25s
     0     0   67.94889    0  271   76.72608   67.94889  11.4%     -   25s
     0     0   67.95628    0  257   76.72608   67.95628  11.4%     -   25s
     0     0   68.07587    0  287   76.72608   68.07587  11.3%     -   26s
     0     0   68.07587    0  215   76.72608   68.07587  11.3%     -   26s
     0     2   68.07587    0  209   76.72608   68.07587  11.3%     -   28s
    78    85   68.07587    9  238   76.72608   68.07587  11.3%   417   30s
H  199   160                      75.9836200   68.07587  10.4%   279   31s
   705   469   73.88897   21   95   75.98362   68.21959  10.2%   228   35s
  1556   934   69.13096    9  527   75.98362   68.56958  9.76%   229   44s
  1558   935   74.30459   14  231   75.98362   68.56958  9.76%   229   45s
  1569   946   68.56958   16  176   75.98362   68.56958  9.76%   240   50s
  1973  1104 infeasible   41        75.98362   68.56958  9.76%   233   57s
H 2008  1047                      75.9836200   68.56958  9.76%   233   58s
H 2049  1034                      75.8819200   68.56958  9.64%   232   59s
  2118  1034 infeasible   34        75.88192   68.56958  9.64%   228   61s
H 2119   991                      75.8760800   68.56958  9.63%   228   61s
H 2131   946                      75.5419000   68.56958  9.23%   229   61s
  3010  1242   70.26697   29  121   75.54190   69.00263  8.66%   223   65s
H 3134  1176                      75.1997800   69.03166  8.20%   222   66s
  4237  1606   70.88352   27   80   75.19978   69.23353  7.93%   203   70s
  5393  2235   72.65630   35   89   75.19978   69.47157  7.62%   200   75s
  5891  2405   71.18203   33  140   75.19978   69.53994  7.53%   198   81s
  6866  2955   71.03801   38   59   75.19978   69.74524  7.25%   198   85s
  8549  3625   74.20687   30  170   75.19978   69.92542  7.01%   195   91s
  9854  4251   72.47265   36   91   75.19978   69.98264  6.94%   195   95s
 11060  4928   72.65293   39   78   75.19978   70.02255  6.88%   194  100s
 12620  5475   70.75542   37   88   75.19978   70.10635  6.77%   192  105s
 14369  6263   71.24862   34   86   75.19978   70.17099  6.69%   190  110s
 15955  6727   71.86410   35   82   75.19978   70.25436  6.58%   188  115s
H16468  6737                      75.1997800   70.28837  6.53%   188  119s
 16479  6854   72.85782   44   98   75.19978   70.28837  6.53%   188  121s
H16511  6854                      75.1997794   70.28837  6.53%   188  121s
 17621  7474   71.26489   31   99   75.19978   70.35749  6.44%   187  127s
 19357  8043 infeasible   38        75.19978   70.51436  6.23%   184  131s
 20826  8742   75.09051   44   42   75.19978   70.61685  6.09%   184  137s
*21119  8714              81      75.1382200   70.62369  6.01%   184  137s
 21708  9189   73.65439   55   40   75.13822   70.65956  5.96%   184  140s
 23715  9971   71.12428   30   92   75.13822   70.71702  5.88%   181  147s
 24702 10331   74.22207   43   48   75.13822   70.74052  5.85%   180  150s
 26365 11151   71.21012   43   75   75.13822   70.78654  5.79%   179  157s
 27371 11464   71.73978   39   79   75.13822   70.79477  5.78%   178  160s
*28389 10625              68      74.5360600   70.82230  4.98%   177  164s
 29217 10916   71.68444   41   81   74.53606   70.85080  4.94%   176  167s
 30172 11173   70.93337   30  127   74.53606   70.87104  4.92%   175  171s
H30931 10984                      74.4360600   70.87800  4.78%   176  171s
 31869 11501   72.10860   35   80   74.43606   70.92600  4.72%   176  178s
 32913 11787   71.79695   31   74   74.43606   70.93799  4.70%   175  183s
H33090 11787                      74.4360598   70.93799  4.70%   176  183s
 33858 12084   71.86746   45   59   74.43606   70.93799  4.70%   175  186s
 35491 12580   71.07229   45   81   74.43606   70.99017  4.63%   175  193s
 36568 12845   71.63154   39   77   74.43606   71.00206  4.61%   174  197s
 37568 13102   71.09008   47   97   74.43606   71.02475  4.58%   174  200s
 39537 13434 infeasible   39        74.43606   71.04617  4.55%   173  208s
H39807 13402                      74.4157200   71.04875  4.52%   173  208s
 40163 13634   71.94317   37  101   74.41572   71.06374  4.50%   174  212s
 41203 13846   73.84429   54   39   74.41572   71.07229  4.49%   173  216s
H42001 13138                      74.1332800   71.07229  4.13%   173  216s
 43153 13582   72.65662   37  167   74.13328   71.08402  4.11%   172  223s
 44007 13893   72.52315   35   65   74.13328   71.10017  4.09%   172  227s
 45076 14138   71.66232   42   46   74.13328   71.10307  4.09%   172  231s
 46796 14577 infeasible   41        74.13328   71.13749  4.04%   171  237s
 47670 14757   71.87672   39   70   74.13328   71.15478  4.02%   171  240s
 49359 15136   73.85478   44   65   74.13328   71.17814  3.99%   171  247s
 50315 15276   71.99490   46  124   74.13328   71.19931  3.96%   171  250s
 51946 15547   72.85782   42   50   74.13328   71.21718  3.93%   171  258s
 52335 15727   72.85782   43   55   74.13328   71.21863  3.93%   171  262s
 53268 15907   73.62626   55   52   74.13328   71.23320  3.91%   171  265s
 55138 16231   72.75368   37   57   74.13328   71.25773  3.88%   171  272s
 56033 16398   72.20964   41  110   74.13328   71.27461  3.86%   171  275s
 57590 16778   72.58157   34  108   74.13328   71.29342  3.83%   172  282s
 58570 16952   73.80301   49   70   74.13328   71.31302  3.80%   172  285s
 60415 17333   73.03603   41   79   74.13328   71.35468  3.75%   172  293s
 61133 17647   73.47410   38   89   74.13328   71.36890  3.73%   172  298s
 62361 17854   73.05039   44   36   74.13328   71.37143  3.73%   172  302s
 63339 18041 infeasible   38        74.13328   71.38463  3.71%   171  305s
 65080 18401   72.58154   40   57   74.13328   71.43553  3.64%   171  312s
 65939 18628   71.93218   43  108   74.13328   71.45537  3.61%   171  316s
 67007 18792   72.95734   44   53   74.13328   71.46801  3.60%   171  320s
 68730 19235   72.51414   43   77   74.13328   71.50342  3.55%   170  328s
 69767 19578   73.02185   48   64   74.13328   71.50952  3.54%   170  333s
 70797 19993   72.89302   49   61   74.13328   71.51746  3.53%   169  337s
 71868 20352   73.21550   54   55   74.13328   71.51746  3.53%   169  342s
 72838 20589   72.58200   48   70   74.13328   71.51746  3.53%   168  346s
 73737 20844   71.71105   41   92   74.13328   71.51746  3.53%   168  350s
 75477 21403   71.94041   40   76   74.13328   71.52597  3.52%   168  359s
 76603 21554   72.63195   45   64   74.13328   71.53015  3.51%   168  363s
 77378 21753     cutoff   47        74.13328   71.53473  3.51%   168  367s
 78208 21933   73.25986   37   66   74.13328   71.54241  3.49%   168  372s
 79168 22091 infeasible   38        74.13328   71.55402  3.48%   167  376s
 80033 22282 infeasible   37        74.13328   71.56173  3.47%   167  380s
 80850 22464   72.69499   46   89   74.13328   71.57739  3.45%   167  385s
 81792 22704   73.78053   36   67   74.13328   71.59039  3.43%   167  391s
 82872 22882   71.96744   43  125   74.13328   71.59047  3.43%   166  396s
 83772 23031 infeasible   53        74.13328   71.59513  3.42%   166  400s
 84406 23198   73.86492   52   24   74.13328   71.60454  3.41%   166  405s
 85223 23508   72.60900   45   64   74.13328   71.60843  3.41%   166  411s
 86372 23728 infeasible   35        74.13328   71.61403  3.40%   166  417s
 87530 23932 infeasible   40        74.13328   71.61403  3.40%   165  422s
 88411 24104   73.96819   54   46   74.13328   71.61621  3.40%   165  427s
 89322 24282   73.96802   46   52   74.13328   71.62452  3.38%   165  433s
 90256 24416   71.83281   38   95   74.13328   71.63624  3.37%   165  439s
 91090 24635   71.75506   25  113   74.13328   71.64321  3.36%   165  445s
 92100 24826     cutoff   46        74.13328   71.64847  3.35%   165  451s
 93168 25092 infeasible   51        74.13328   71.65858  3.34%   165  458s
 94381 25395   73.11314   40   66   74.13328   71.66232  3.33%   164  464s
 95481 25819   73.93066   47   37   74.13328   71.66348  3.33%   164  471s
 96819 26159   72.41391   39   72   74.13328   71.66445  3.33%   163  478s
 97897 26377   72.52706   32   73   74.13328   71.66659  3.33%   163  482s
 98676 26582   71.71843   43   95   74.13328   71.66811  3.33%   163  487s
 99543 26800 infeasible   41        74.13328   71.66811  3.33%   163  492s
 100408 26948   72.06922   41  127   74.13328   71.66811  3.33%   163  497s
 101253 27062   73.12341   48   63   74.13328   71.67620  3.31%   163  502s
 102159 27192   72.73832   54  106   74.13328   71.68444  3.30%   163  507s
 103093 27324 infeasible   46        74.13328   71.69089  3.29%   163  513s
 103913 27572   73.19209   49   60   74.13328   71.69397  3.29%   163  518s
 105031 27732   72.66259   45   80   74.13328   71.70362  3.28%   163  525s
 105950 27865   73.16487   35   52   74.13328   71.70767  3.27%   163  531s
 107014 28025   73.57744   39   95   74.13328   71.71395  3.26%   163  536s
 107921 28183 infeasible   52        74.13328   71.71622  3.26%   163  542s
 108848 28283   73.46463   38   51   74.13328   71.72394  3.25%   163  547s
 109722 28422   73.11511   55   97   74.13328   71.73092  3.24%   163  553s
 110736 28542   74.10837   44   53   74.13328   71.73916  3.23%   163  559s
 111619 28653   73.71241   44   53   74.13328   71.73978  3.23%   163  564s
 112525 28791 infeasible   48        74.13328   71.75147  3.21%   163  570s
 113580 28791 infeasible   41        74.13328   71.75404  3.21%   162  578s
H113587 28791                      74.1332800   71.75451  3.21%   162  578s
 113663 28908   72.48341   37   79   74.13328   71.75476  3.21%   162  583s
 114368 29046   72.83194   40   78   74.13328   71.75798  3.20%   162  590s
 115415 29147   74.02053   38   53   74.13328   71.76188  3.20%   162  596s
H115721 29147                      74.1332800   71.76247  3.20%   162  596s
 116264 29280   73.21381   50   71   74.13328   71.76451  3.20%   162  601s
 117148 29414   73.67617   37   66   74.13328   71.77041  3.19%   163  608s
H117547 29414                      74.1332797   71.77106  3.19%   163  608s
 117991 29520   72.02043   39   92   74.13328   71.77749  3.18%   163  614s
 118940 29614   72.82824   48  113   74.13328   71.78617  3.17%   163  621s
 120113 29771   71.86635   35   75   74.13328   71.78807  3.16%   163  628s
 120774 29904   73.34700   47   31   74.13328   71.78807  3.16%   163  635s
 121942 30085   71.98065   39  196   74.13328   71.79009  3.16%   163  644s
 123273 30233   73.41506   49   57   74.13328   71.79525  3.15%   163  652s
 124519 30357   73.24630   41   58   74.13328   71.80955  3.13%   163  660s
 125674 30474   72.99480   38   66   74.13328   71.81288  3.13%   163  667s
 126951 30591   72.83895   39   73   74.13328   71.81326  3.13%   163  674s
 127934 30705   73.08359   59  108   74.13328   71.82234  3.12%   163  681s
 128977 30826   72.70608   54   49   74.13328   71.82986  3.11%   163  689s
 130168 30924 infeasible   43        74.13328   71.83307  3.10%   163  696s
 131072 31042   73.24857   39   81   74.13328   71.83636  3.10%   163  702s
 132007 31169 infeasible   50        74.13328   71.84206  3.09%   163  709s
 133064 31349   72.85042   37   83   74.13328   71.84893  3.08%   163  716s
 134125 31490 infeasible   57        74.13328   71.85697  3.07%   163  723s
 135115 31612   73.37723   54   72   74.13328   71.86395  3.06%   163  731s
 136101 31667   71.93242   44   49   74.13328   71.86645  3.06%   163  739s
 137348 31675   73.22956   53   77   74.13328   71.86746  3.06%   163  746s
 138335 31757   72.67120   38   85   74.13328   71.86978  3.05%   163  753s
 139133 31848   72.28446   45  143   74.13328   71.87325  3.05%   163  759s
 139965 31983   72.38651   40   91   74.13328   71.88500  3.03%   163  767s
 140988 32051   72.29722   44  124   74.13328   71.89110  3.02%   163  775s
 141915 32165   72.91520   48   77   74.13328   71.89817  3.01%   163  782s
 142891 32287   73.41262   45   42   74.13328   71.90271  3.01%   163  788s
 143716 32345 infeasible   43        74.13328   71.91088  3.00%   163  795s
 144671 32481 infeasible   52        74.13328   71.92103  2.98%   163  802s
 145520 32507   72.72831   42   84   74.13328   71.92938  2.97%   164  808s
 146288 32646 infeasible   44        74.13328   71.93485  2.97%   164  816s
 147290 32666 infeasible   39        74.13328   71.94195  2.96%   164  824s
 148406 32725   72.85782   43   88   74.13328   71.94910  2.95%   164  832s
 149266 32848   72.83415   43   64   74.13328   71.95321  2.94%   164  839s
 150171 32947   72.29568   31   68   74.13328   71.96383  2.93%   164  846s
 151038 32967     cutoff   44        74.13328   71.97215  2.92%   164  852s
 151904 33071   73.75218   45  143   74.13328   71.97937  2.91%   164  858s
 152440 33144   73.13852   38   62   74.13328   71.98122  2.90%   164  867s
 153397 33284     cutoff   43        74.13328   71.99174  2.89%   164  875s
 154372 33363   73.73463   50   50   74.13328   71.99571  2.88%   164  883s
 155380 33414 infeasible   42        74.13328   72.00386  2.87%   164  890s
 156303 33488   73.66451   55  101   74.13328   72.00596  2.87%   164  899s
 157432 33556 infeasible   36        74.13328   72.01375  2.86%   164  906s
 158375 33629   73.37527   50  100   74.13328   72.02497  2.84%   164  914s
 159336 33764   73.12380   48  122   74.13328   72.03136  2.84%   164  923s
 160357 33847   74.06535   53   49   74.13328   72.04260  2.82%   164  931s
 161349 33924   72.08328   42   94   74.13328   72.05334  2.81%   164  940s
 162346 33954   72.26929   41   92   74.13328   72.05446  2.80%   164  948s
 163293 34052   73.75588   42   50   74.13328   72.05883  2.80%   164  957s
 164234 34137     cutoff   42        74.13328   72.06731  2.79%   164  966s
 165348 34252     cutoff   44        74.13328   72.07692  2.77%   164  974s
 166157 34381   72.87371   51   54   74.13328   72.08592  2.76%   164  982s
 167132 34474 infeasible   46        74.13328   72.09632  2.75%   164  990s
 168108 34511   73.68018   33   64   74.13328   72.10369  2.74%   164  996s
 168836 34577   72.32215   38   89   74.13328   72.10987  2.73%   164 1004s
 169781 34670   73.22295   42   91   74.13328   72.12034  2.72%   164 1011s
 170697 34730   73.49121   39   83   74.13328   72.12890  2.70%   164 1018s
 171616 34758   72.97765   52   47   74.13328   72.14337  2.68%   164 1026s
 172543 34827   72.55784   39  116   74.13328   72.15011  2.68%   164 1034s
 173421 34869   73.98814   40   48   74.13328   72.15916  2.66%   164 1041s
 174261 34934   73.11677   42   84   74.13328   72.16414  2.66%   164 1049s
 175182 35062   73.31483   41   83   74.13328   72.17470  2.64%   164 1056s
 176061 35218 infeasible   49        74.13328   72.18367  2.63%   164 1064s
 176723 35218   73.64105   40   66   74.13328   72.18520  2.63%   164 1065s
 177115 35328   73.34471   44   66   74.13328   72.19245  2.62%   164 1072s
 177952 35425   72.90368   45   89   74.13328   72.19681  2.61%   164 1079s
 178720 35499   72.98787   37   78   74.13328   72.19910  2.61%   164 1086s
 179824 35522   73.97714   51   53   74.13328   72.20919  2.60%   164 1092s
H179956 35146                      74.0815400   72.20919  2.53%   164 1092s
 180165 35285     cutoff   52        74.08154   72.21138  2.52%   164 1108s
 182112 35380   73.06141   47   45   74.08154   72.22267  2.51%   164 1118s
 183360 35424   72.39243   36   78   74.08154   72.23396  2.49%   164 1128s
 184504 35471     cutoff   46        74.08154   72.24147  2.48%   164 1137s
 185718 35473 infeasible   52        74.08154   72.24950  2.47%   164 1145s
 186787 35541   73.91816   46   90   74.08154   72.25962  2.46%   164 1154s
 187949 35599   73.34066   43   84   74.08154   72.26681  2.45%   164 1164s
 189065 35635 infeasible   48        74.08154   72.27693  2.44%   164 1172s
 190066 35750 infeasible   43        74.08154   72.28748  2.42%   164 1181s
 191247 35884   73.36396   37   80   74.08154   72.29360  2.41%   164 1191s
 192493 35993   72.35568   40  104   74.08154   72.29568  2.41%   164 1202s
 193661 36153 infeasible   36        74.08154   72.29568  2.41%   164 1211s
 194719 36286   72.29586   42   92   74.08154   72.29586  2.41%   164 1220s
 195758 36329   73.55985   51   59   74.08154   72.30064  2.40%   164 1227s
 196696 36377   72.45507   39  116   74.08154   72.30642  2.40%   164 1234s
 197616 36422   72.62802   41   82   74.08154   72.31427  2.39%   164 1242s
 198592 36533   72.54052   42  106   74.08154   72.31813  2.38%   164 1250s
 199475 36596   72.60159   37   66   74.08154   72.32058  2.38%   164 1258s
 200446 36680 infeasible   42        74.08154   72.32221  2.37%   164 1266s
 201509 36765   73.08205   45  101   74.08154   72.33059  2.36%   164 1273s
H202367 36760                      74.0815400   72.33442  2.36%   164 1282s
 203312 36800   73.55434   45   80   74.08154   72.34216  2.35%   164 1288s
 203806 36872   73.08141   33   71   74.08154   72.34397  2.35%   164 1295s
 204328 36992   72.95373   43   93   74.08154   72.34397  2.35%   164 1304s
 205210 37064 infeasible   34        74.08154   72.34414  2.35%   164 1312s
 206199 37106   73.46820   42   85   74.08154   72.34414  2.35%   164 1320s
 207199 37123   73.37636   55   69   74.08154   72.35291  2.33%   164 1328s
 208187 37154   73.73317   51   60   74.08154   72.36214  2.32%   164 1338s
 209356 37193   72.55277   48   80   74.08154   72.36949  2.31%   164 1347s
 210236 37433   73.21057   36   44   74.08154   72.37425  2.30%   164 1357s
 211550 37509   73.09261   39   47   74.08154   72.37799  2.30%   163 1365s
 212539 37533   72.59393   36  104   74.08154   72.38460  2.29%   163 1373s
 213529 37591   73.87317   48   58   74.08154   72.39146  2.28%   163 1383s
 214607 37691   73.20452   42  106   74.08154   72.39225  2.28%   163 1393s
 215527 37833   72.51542   34  123   74.08154   72.39243  2.28%   163 1402s
 216488 37986   72.98285   39   63   74.08154   72.39243  2.28%   163 1412s
 217575 38109   73.28790   51   74   74.08154   72.39243  2.28%   163 1421s
 218627 38198   73.30022   44   43   74.08154   72.39654  2.27%   163 1430s
 219589 38259   73.36922   51   37   74.08154   72.40172  2.27%   163 1439s
 220614 38299   73.53513   40   77   74.08154   72.40983  2.26%   163 1446s
 221506 38314   73.29000   41   91   74.08154   72.41582  2.25%   163 1454s
 222332 38379   73.61649   44   44   74.08154   72.41582  2.25%   163 1463s
 223367 38361     cutoff   60        74.08154   72.42256  2.24%   163 1472s
 224445 38383   72.75516   39   88   74.08154   72.42764  2.23%   163 1481s
 225459 38414   73.30718   37  148   74.08154   72.43694  2.22%   163 1489s
 226403 38479   72.94602   45  137   74.08154   72.44210  2.21%   163 1497s
 227363 38451   73.58428   48   52   74.08154   72.44842  2.20%   163 1505s
 228332 38453   73.05039   41   77   74.08154   72.45405  2.20%   163 1513s
 229320 38539   73.82350   42  106   74.08154   72.45927  2.19%   163 1521s
 230267 38591   73.67217   44   30   74.08154   72.46082  2.19%   163 1530s
 231135 38643     cutoff   49        74.08154   72.46592  2.18%   163 1538s
 231885 38659   73.46478   49   66   74.08154   72.47299  2.17%   163 1547s
 233024 38675   73.42864   39   78   74.08154   72.47826  2.16%   163 1554s
 233815 38683 infeasible   47        74.08154   72.48059  2.16%   163 1562s
 234719 38705   73.14841   50   81   74.08154   72.48865  2.15%   163 1570s
 235783 38742   73.21300   45   63   74.08154   72.49340  2.14%   163 1581s
 236419 38775     cutoff   38        74.08154   72.49340  2.14%   163 1589s
 237401 38769   72.52480   53   64   74.08154   72.50127  2.13%   163 1597s
 238343 38792   73.68825   54   66   74.08154   72.50632  2.13%   163 1606s
 239437 38828   72.83679   36   79   74.08154   72.51100  2.12%   163 1614s
 240469 38918   73.42249   30   77   74.08154   72.51864  2.11%   163 1625s
 241581 38924   73.77218   44   75   74.08154   72.52319  2.10%   162 1633s
 242565 39020   72.92923   41   86   74.08154   72.52706  2.10%   162 1641s
 243587 39063   73.43363   50   65   74.08154   72.53097  2.09%   162 1649s
*243910 38728              55      74.0423400   72.53194  2.04%   162 1649s
 244482 38744   73.78879   47   57   74.04234   72.53610  2.03%   162 1654s
 244708 38776   74.01989   48   50   74.04234   72.53699  2.03%   162 1662s
 245720 38801 infeasible   42        74.04234   72.54296  2.03%   162 1671s
 246604 38844   73.69936   41   60   74.04234   72.54789  2.02%   162 1680s
 247653 38796   72.96762   35  125   74.04234   72.55410  2.01%   162 1689s
 248184 38796   73.07372   45   76   74.04234   72.55454  2.01%   162 1690s
 248736 38806     cutoff   24        74.04234   72.56038  2.00%   162 1699s
 249813 38915   73.68508   40   66   74.04234   72.56074  2.00%   162 1709s
 250859 39029 infeasible   43        74.04234   72.56318  2.00%   162 1720s
 251987 39088 infeasible   45        74.04234   72.56318  2.00%   162 1729s
 253056 39134   73.11781   42   65   74.04234   72.56610  1.99%   162 1738s
 254138 39155   73.19679   44   68   74.04234   72.57342  1.98%   162 1746s
 255187 39239     cutoff   45        74.04234   72.57714  1.98%   162 1757s
 256276 39289   72.65803   56   72   74.04234   72.58260  1.97%   162 1768s
 257626 39300 infeasible   53        74.04234   72.58260  1.97%   162 1776s
 258470 39240   73.62693   42   63   74.04234   72.58717  1.97%   162 1783s
 259317 39197   73.29709   40  117   74.04234   72.59428  1.96%   162 1792s
 260369 39211   73.48283   36   88   74.04234   72.59874  1.95%   162 1799s
 260799 39211     cutoff   44        74.04234   72.59997  1.95%   162 1800s
 261276 39236     cutoff   51        74.04234   72.60447  1.94%   162 1807s
 262158 39247   73.50578   40   35   74.04234   72.60786  1.94%   162 1814s
 262951 39232   73.99759   43   65   74.04234   72.61244  1.93%   162 1823s
 263926 39223 infeasible   37        74.04234   72.61652  1.93%   162 1831s
 265004 39316   72.75944   44   97   74.04234   72.62346  1.92%   162 1839s
 266055 39336     cutoff   51        74.04234   72.62788  1.91%   162 1847s
 267015 39337   73.36922   52   27   74.04234   72.63409  1.90%   162 1855s
 268074 39366   73.41330   46   58   74.04234   72.64096  1.89%   162 1864s
 269020 39438   73.78574   40   75   74.04234   72.64703  1.88%   162 1873s
 270282 39506 infeasible   48        74.04234   72.64703  1.88%   162 1881s
 271139 39451   73.55985   54   43   74.04234   72.65041  1.88%   162 1890s
 272137 39443   73.98339   36   43   74.04234   72.65604  1.87%   162 1899s
 273184 39390 infeasible   49        74.04234   72.66312  1.86%   162 1908s
 274180 39389     cutoff   44        74.04234   72.66624  1.86%   162 1919s
 275425 39450 infeasible   39        74.04234   72.66795  1.86%   162 1929s
 276579 39472 infeasible   38        74.04234   72.67175  1.85%   162 1938s
 277792 39470   73.88431   42   46   74.04234   72.67522  1.85%   162 1945s
 278488 39452 infeasible   46        74.04234   72.67638  1.84%   162 1954s
 279539 39516   73.08991   55   68   74.04234   72.68173  1.84%   162 1964s
 280950 39491 infeasible   49        74.04234   72.68919  1.83%   162 1974s
 282241 39493   73.46711   56   64   74.04234   72.69208  1.82%   162 1983s
 283232 39516   73.41426   44  146   74.04234   72.69810  1.82%   162 1992s
 284521 39461 infeasible   49        74.04234   72.70439  1.81%   161 2001s
 285426 39519   73.03419   45   83   74.04234   72.70964  1.80%   161 2010s
 286537 39454   73.76038   61   93   74.04234   72.71770  1.79%   161 2018s
 287462 39431   73.37544   50   55   74.04234   72.72184  1.78%   161 2027s
 288508 39446   73.69802   37   57   74.04234   72.72703  1.78%   161 2035s
 289511 39458   72.83126   51   81   74.04234   72.73184  1.77%   161 2044s
 290615 39448   72.76147   53   73   74.04234   72.73774  1.76%   161 2054s
 291206 39334 infeasible   60        74.04234   72.73913  1.76%   161 2062s
 292128 39396   73.72196   46   59   74.04234   72.74223  1.76%   161 2076s
 293636 39380 infeasible   51        74.04234   72.74939  1.75%   161 2089s
 295090 39415 infeasible   42        74.04234   72.75165  1.74%   161 2099s
 296075 39392   73.02791   47   55   74.04234   72.75459  1.74%   161 2108s
 297031 39331   73.60336   44   49   74.04234   72.76064  1.73%   161 2117s
 298042 39318   72.89902   45   44   74.04234   72.76695  1.72%   161 2127s
 299095 39247 infeasible   49        74.04234   72.77202  1.72%   161 2138s
 300286 39191     cutoff   45        74.04234   72.77856  1.71%   161 2146s
 300842 39169 infeasible   55        74.04234   72.77856  1.71%   161 2154s
 301637 39090 infeasible   44        74.04234   72.77895  1.71%   161 2163s
 302605 39000     cutoff   49        74.04234   72.78649  1.70%   161 2171s
 303595 38901 infeasible   38        74.04234   72.79256  1.69%   161 2186s
 305210 39003   72.97311   43   67   74.04234   72.79883  1.68%   161 2202s
 306951 39002   73.74891   59   45   74.04234   72.79883  1.68%   161 2216s
 308268 39007   73.01810   45   99   74.04234   72.79883  1.68%   161 2231s
 308970 38849   73.18279   53   73   74.04234   72.79883  1.68%   160 2242s
 309957 38722     cutoff   45        74.04234   72.80359  1.67%   160 2253s
 311354 38649     cutoff   51        74.04234   72.81120  1.66%   160 2263s
 312607 38514 infeasible   54        74.04234   72.82014  1.65%   160 2276s
 313867 38414   72.95101   49  111   74.04234   72.82497  1.64%   160 2287s
 315019 38315   73.71473   57  124   74.04234   72.82685  1.64%   160 2297s
 316218 38241   73.55985   40   67   74.04234   72.83190  1.63%   160 2308s
 317429 38133   73.62769   40   87   74.04234   72.83829  1.63%   160 2319s
 318901 37997     cutoff   55        74.04234   72.84505  1.62%   160 2330s
 319809 37889   73.78773   49   59   74.04234   72.84597  1.62%   160 2340s
 321002 37778   73.64791   43   82   74.04234   72.85042  1.61%   160 2351s
 321987 37734   73.79879   51   67   74.04234   72.85358  1.61%   160 2362s
 323208 37760   73.73876   48   66   74.04234   72.85782  1.60%   160 2372s
 323920 37800   72.98731   51   79   74.04234   72.85782  1.60%   160 2381s
 324715 37808   72.85782   43   92   74.04234   72.85782  1.60%   160 2395s
 325959 37874   72.87386   52   73   74.04234   72.85782  1.60%   160 2410s
 327512 37884 infeasible   57        74.04234   72.85782  1.60%   161 2423s
 328772 37810   73.76627   46   47   74.04234   72.85782  1.60%   161 2438s
 330095 37865   72.85782   48   83   74.04234   72.85782  1.60%   161 2455s
 331760 37901   73.31629   53   27   74.04234   72.85782  1.60%   161 2472s
 333271 37898   73.59914   48   21   74.04234   72.85782  1.60%   161 2488s
 334693 37905   73.07724   36   66   74.04234   72.85782  1.60%   161 2501s
 335935 37914   73.59214   45   47   74.04234   72.85782  1.60%   161 2515s
 337241 37896 infeasible   43        74.04234   72.85782  1.60%   161 2529s
 338554 38016   72.85782   40   87   74.04234   72.85782  1.60%   161 2545s
 340103 38100   72.88129   34  132   74.04234   72.85782  1.60%   161 2558s
 341211 38110   73.18424   48   71   74.04234   72.85782  1.60%   161 2568s
 342105 38180   72.85782   42   55   74.04234   72.85782  1.60%   161 2581s
 343179 38237   73.59618   40   36   74.04234   72.85782  1.60%   161 2593s
 344375 38307   73.69876   52   83   74.04234   72.85782  1.60%   161 2607s
 345623 38365 infeasible   38        74.04234   72.85782  1.60%   161 2621s
 346883 38358   73.89722   44   62   74.04234   72.85782  1.60%   161 2635s
 348329 38236   73.72427   43   94   74.04234   72.85782  1.60%   161 2645s
 349437 38120     cutoff   49        74.04234   72.86665  1.59%   161 2659s
 350974 38007   73.29222   33   59   74.04234   72.87192  1.58%   161 2673s
 352412 37831   73.96346   35   70   74.04234   72.87680  1.57%   161 2684s
 353557 37744     cutoff   53        74.04234   72.88019  1.57%   162 2696s
 354769 37740 infeasible   53        74.04234   72.88631  1.56%   162 2708s
 356247 37654   73.64126   50   50   74.04234   72.89254  1.55%   161 2723s
 358022 37675   72.89902   48   42   74.04234   72.89804  1.55%   161 2744s
 360024 37670 infeasible   47        74.04234   72.89902  1.54%   161 2756s
 360841 37531 infeasible   50        74.04234   72.89902  1.54%   161 2778s
 362928 37354 infeasible   49        74.04234   72.89902  1.54%   161 2791s
 364020 37260     cutoff   56        74.04234   72.90255  1.54%   161 2803s
 365186 37168 infeasible   54        74.04234   72.90659  1.53%   161 2815s
 366417 37105 infeasible   45        74.04234   72.91380  1.52%   161 2824s
 366972 37105   73.02038   36   77   74.04234   72.91497  1.52%   161 2825s
 367418 37019   73.24915   48   31   74.04234   72.92039  1.52%   161 2836s
 368767 36844   72.92576   50   76   74.04234   72.92514  1.51%   161 2846s
 369698 36775 infeasible   45        74.04234   72.92973  1.50%   161 2856s
 370862 36654     cutoff   32        74.04234   72.93110  1.50%   161 2865s
 371740 36631   73.13049   42   84   74.04234   72.93730  1.49%   161 2876s
H371940 36631                      74.0423400   72.93751  1.49%   161 2876s
 372081 36559   73.55393   43   70   74.04234   72.93770  1.49%   161 2889s
 372625 36411 infeasible   39        74.04234   72.94327  1.48%   161 2899s
 373737 36212   73.95898   46   72   74.04234   72.94892  1.48%   161 2910s
 374745 36083   73.69280   47   58   74.04234   72.95411  1.47%   161 2922s
 375901 35930   73.03099   53  118   74.04234   72.95829  1.46%   161 2932s
 377106 35837 infeasible   38        74.04234   72.96737  1.45%   161 2942s
 378326 35613 infeasible   49        74.04234   72.97638  1.44%   161 2955s
 379618 35583   73.47580   42   65   74.04234   72.98139  1.43%   161 2969s
 380745 35542 infeasible   41        74.04234   72.98285  1.43%   161 2981s
 381812 35435   73.13925   52  102   74.04234   72.98412  1.43%   161 2994s
 383229 35351   73.99409   56   52   74.04234   72.99080  1.42%   161 3005s
 384511 35219     cutoff   55        74.04234   72.99619  1.41%   161 3016s
 385864 35004   73.69292   44   49   74.04234   73.00439  1.40%   160 3027s
 386985 34850   73.58164   44   77   74.04234   73.00785  1.40%   160 3038s
 388288 34705 infeasible   46        74.04234   73.01468  1.39%   160 3046s
 389260 34642   73.30282   50   70   74.04234   73.01825  1.38%   160 3057s
 390336 34414 infeasible   42        74.04234   73.02551  1.37%   160 3070s
 391567 34313   73.03185   45   49   74.04234   73.03185  1.36%   160 3083s
 392904 34288   73.97724   55   56   74.04234   73.03569  1.36%   160 3092s
 393747 34273   73.10898   42  111   74.04234   73.03578  1.36%   160 3105s
 395087 34181     cutoff   47        74.04234   73.03665  1.36%   160 3116s
 396355 34052 infeasible   42        74.04234   73.04448  1.35%   160 3128s
 397623 34335   73.10331   40   58   74.04234   73.04927  1.34%   160 3145s
 399702 34486     cutoff   43        74.04234   73.05039  1.34%   160 3161s
 401230 34553   73.35913   42   62   74.04234   73.05039  1.34%   160 3174s
 402508 34574   73.20917   48   41   74.04234   73.05039  1.34%   160 3187s
 403887 34676 infeasible   56        74.04234   73.05403  1.33%   159 3204s
 405536 34763   73.13041   54   42   74.04234   73.05403  1.33%   159 3218s
 406962 34787   73.70769   52   44   74.04234   73.05403  1.33%   159 3230s
 408130 34718     cutoff   40        74.04234   73.05677  1.33%   159 3239s
 409059 34606 infeasible   40        74.04234   73.06074  1.33%   159 3248s
 409870 34505   73.20917   51   32   74.04234   73.06414  1.32%   159 3258s
 410904 34390   73.88495   50  113   74.04234   73.06945  1.31%   159 3266s
 411634 34313     cutoff   46        74.04234   73.07368  1.31%   159 3274s
 412511 34180 infeasible   40        74.04234   73.07822  1.30%   159 3284s
 413334 34059 infeasible   53        74.04234   73.08019  1.30%   159 3294s
 414257 33941 infeasible   32        74.04234   73.08477  1.29%   159 3302s
 414879 33923   73.53414   36   56   74.04234   73.08882  1.29%   159 3309s
 415566 33799   73.28185   49   87   74.04234   73.08882  1.29%   159 3320s
 416563 33667   73.97331   43   31   74.04234   73.09332  1.28%   159 3331s
 417554 33641 infeasible   47        74.04234   73.09776  1.28%   159 3345s
 418967 33335   73.10331   54   54   74.04234   73.10312  1.27%   159 3361s
 420244 33266     cutoff   49        74.04234   73.10331  1.27%   159 3374s
 421559 33041 infeasible   42        74.04234   73.10694  1.26%   158 3387s
 422762 32851   73.27178   58   56   74.04234   73.11187  1.26%   158 3398s
 423738 32730   73.26252   55   45   74.04234   73.11548  1.25%   158 3408s
 424839 32545   74.03753   45   43   74.04234   73.12165  1.24%   158 3418s
 425794 32488 infeasible   46        74.04234   73.12759  1.24%   158 3437s
 427631 32332   73.88903   43   36   74.04234   73.13041  1.23%   158 3451s
 428623 32253   73.73504   39   97   74.04234   73.13041  1.23%   158 3463s
 429818 32123   73.13770   44   32   74.04234   73.13770  1.22%   158 3476s
 430987 31909   73.55151   45   80   74.04234   73.13770  1.22%   158 3485s
 431847 31720 infeasible   47        74.04234   73.14595  1.21%   158 3494s
 432701 31540 infeasible   62        74.04234   73.15193  1.20%   158 3509s
 433938 31282 infeasible   58        74.04234   73.15624  1.20%   158 3532s
 435854 31187 infeasible   45        74.04234   73.15624  1.20%   158 3549s
 437225 31036   73.86488   47   73   74.04234   73.15737  1.20%   158 3559s
 438175 30884   73.24114   39   56   74.04234   73.16480  1.19%   158 3567s
 438929 30687 infeasible   48        74.04234   73.17078  1.18%   158 3578s
 439919 30422     cutoff   45        74.04234   73.17700  1.17%   158 3589s
 440924 30422     cutoff   50        74.04234   73.17765  1.17%   158 3590s
 441079 30355   73.34618   48   68   74.04234   73.18314  1.16%   158 3600s

Cutting planes:
  Learned: 290
  Gomory: 12
  Lift-and-project: 2
  Cover: 10478
  Implied bound: 1317
  Projected implied bound: 31
  Clique: 312
  MIR: 259
  StrongCG: 76
  Flow cover: 1446
  GUB cover: 69
  Inf proof: 34
  Zero half: 91
  Network: 3
  RLT: 282
  Relax-and-lift: 244
  BQP: 1
  PSD: 1

Explored 442067 nodes (69726679 simplex iterations) in 3600.43 seconds (2513.85 work units)
Thread count was 8 (of 24 available processors)

Solution count 10: 74.0423 74.0423 74.0423 ... 74.4157

Time limit reached
Warning: max constraint violation (1.8839e-03) exceeds tolerance
Warning: max bound violation (1.8839e-03) exceeds tolerance
         (model may be infeasible or unbounded - try turning presolve off)
Best objective 7.404233999250e+01, best bound 7.318344939516e+01, gap 1.1600%
