
Gurobi 10.0.0 (win64) logging started Mon Jan 22 05:03:02 2024

Set parameter LogFile to value "C:/Users\Administrator\Documents\BNC_Repo\BNC_Tests\10_MIP_Results\n40m2\Instance_Class1_Parts40_Machines2_Instance5_logfileChe21.txt"
Gurobi Optimizer version 10.0.0 build v10.0.0rc2 (win64)

CPU model: AMD EPYC 7513 32-Core Processor, instruction set [SSE2|AVX|AVX2]
Thread count: 24 physical cores, 24 logical processors, using up to 8 threads

Optimize a model with 88318 rows, 10001 columns and 460200 nonzeros
Model fingerprint: 0x6ef0b9c8
Variable types: 3441 continuous, 6560 integer (6560 binary)
Coefficient statistics:
  Matrix range     [4e-06, 4e+02]
  Objective range  [1e+00, 1e+00]
  Bounds range     [1e+00, 1e+00]
  RHS range        [1e+00, 6e+02]
Presolve removed 30849 rows and 3645 columns
Presolve time: 1.40s
Presolved: 57469 rows, 6356 columns, 333702 nonzeros
Variable types: 160 continuous, 6196 integer (6116 binary)
Found heuristic solution: objective 987.1702400
Root relaxation presolved: 6356 rows, 63825 columns, 340058 nonzeros


Use crossover to convert LP symmetric solution to basic solution...

Root relaxation: objective 5.860223e+01, 6008 iterations, 1.65 seconds (2.03 work units)

    Nodes    |    Current Node    |     Objective Bounds      |     Work
 Expl Unexpl |  Obj  Depth IntInf | Incumbent    BestBd   Gap | It/Node Time

     0     0   58.60223    0  374  987.17024   58.60223  94.1%     -    7s
H    0     0                     967.8775600   58.60223  93.9%     -    7s
H    0     0                     906.8317600   58.60223  93.5%     -   10s
     0     0   59.03110    0  461  906.83176   59.03110  93.5%     -   19s
H    0     0                     836.7516400   59.03110  92.9%     -   20s
     0     0   59.05024    0 1123  836.75164   59.05024  92.9%     -   29s
     0     0   59.05558    0 1055  836.75164   59.05558  92.9%     -   36s
H    0     0                     271.1770200   59.05558  78.2%     -   37s
H    0     0                     225.5575000   59.05558  73.8%     -   37s
     0     0   59.08425    0  384  225.55750   59.08425  73.8%     -   39s
     0     0   59.28762    0 1046  225.55750   59.28762  73.7%     -   48s
H    0     0                     224.3675000   59.28762  73.6%     -   48s
H    0     0                     163.3598400   59.32829  63.7%     -   50s
     0     0   59.32829    0  399  163.35984   59.32829  63.7%     -   51s
H    0     0                     103.9331600   59.35242  42.9%     -   56s
     0     0   59.35242    0  429  103.93316   59.35242  42.9%     -   56s
H    0     0                     102.0799800   59.35242  41.9%     -   57s
H    0     0                      99.9186600   59.35297  40.6%     -   60s
     0     0   59.35297    0  367   99.91866   59.35297  40.6%     -   60s
     0     0   59.35299    0  340   99.91866   59.35299  40.6%     -   61s
     0     0   59.35564    0  378   99.91866   59.35564  40.6%     -   64s
H    0     0                      99.4152200   59.35594  40.3%     -   66s
     0     0   59.35594    0  342   99.41522   59.35594  40.3%     -   66s
     0     0   59.35594    0  334   99.41522   59.35594  40.3%     -   67s
H    0     0                      98.5472200   59.36588  39.8%     -   71s
H    0     0                      96.6384600   59.36588  38.6%     -   71s
     0     0   59.36588    0  365   96.63846   59.36588  38.6%     -   71s
H    0     0                      95.0700200   59.36588  37.6%     -   71s
     0     0   59.36693    0  334   95.07002   59.36693  37.6%     -   72s
     0     0   59.36697    0  307   95.07002   59.36697  37.6%     -   72s
     0     0   59.37097    0  326   95.07002   59.37097  37.6%     -   79s
     0     0   59.37215    0  332   95.07002   59.37215  37.5%     -   79s
     0     0   59.37227    0  317   95.07002   59.37227  37.5%     -   80s
     0     0   59.37254    0  342   95.07002   59.37254  37.5%     -   83s
H    0     0                      94.7298400   59.37254  37.3%     -   84s
     0     0   59.37340    0  300   94.72984   59.37340  37.3%     -   84s
     0     0   59.37353    0  292   94.72984   59.37353  37.3%     -   85s
     0     0   59.37413    0  329   94.72984   59.37413  37.3%     -   87s
     0     0   59.37434    0  331   94.72984   59.37434  37.3%     -   88s
     0     0   59.37444    0  297   94.72984   59.37444  37.3%     -   89s
     0     0   59.37530    0  327   94.72984   59.37530  37.3%     -   91s
     0     0   59.37533    0  288   94.72984   59.37533  37.3%     -   93s
H    0     0                      93.6221200   59.37533  36.6%     -   95s
H    0     0                      91.7591600   59.37533  35.3%     -   95s
H    0     0                      91.6336000   59.37533  35.2%     -   95s
H    0     0                      91.1258200   59.37533  34.8%     -   95s
H    0     0                      90.8697600   59.37533  34.7%     -   95s
H    0     0                      89.3386800   59.37572  33.5%     -   97s
H    0     0                      80.7882400   59.37572  26.5%     -   97s
H    0     0                      79.6209200   59.37572  25.4%     -   97s
H    0     0                      74.9421000   59.37572  20.8%     -   97s
H    0     0                      74.4690400   59.37572  20.3%     -   97s
     0     0   59.37572    0  298   74.46904   59.37572  20.3%     -   97s
     0     0   59.37572    0  212   74.46904   59.37572  20.3%     -   98s
H    0     0                      73.7644800   59.37572  19.5%     -  103s
H    0     0                      72.4234200   59.37572  18.0%     -  104s
H    0     2                      69.9335400   59.37572  15.1%     -  105s
     0     2   59.37572    0  153   69.93354   59.37572  15.1%     -  105s
     3     8   60.86540    2  697   69.93354   59.47316  15.0%  2449  110s
     7    14   61.26351    3  682   69.93354   59.62445  14.7%  3029  116s
    15    21   62.87375    4  290   69.93354   59.68782  14.7%  3641  125s
    31    37   63.12299    6  723   69.93354   59.72681  14.6%  3762  132s
H   32    37                      69.1074800   59.72681  13.6%  3645  132s
    47    55   63.14302    8  528   69.10748   59.74365  13.5%  2869  135s
H   67    71                      68.3718400   59.74365  12.6%  2251  144s
H   70    71                      67.1781600   59.74365  11.1%  2196  144s
    75    77   63.25175   11  504   67.17816   59.74365  11.1%  2111  145s
    99    93   63.43911   13  889   67.17816   59.74365  11.1%  1844  151s
H  104    93                      67.1365200   59.74365  11.0%  1765  151s
   155   125   64.83486   16  144   67.13652   59.74365  11.0%  1422  158s
H  167   125                      66.8330000   59.74365  10.6%  1378  158s
   168   140   65.98666   16  219   66.83300   59.74365  10.6%  1388  160s
   194   145     cutoff   18        66.83300   59.74365  10.6%  1283  172s
H  198   145                      66.7549800   59.74365  10.5%  1282  172s
H  202   145                      66.6607400   59.74365  10.4%  1267  172s
   203   166     cutoff   20        66.66074   59.78738  10.3%  1263  175s
   345   281   66.25759   32   76   66.66074   59.78738  10.3%   847  182s
   407   332   66.53248   38   65   66.66074   60.10320  9.84%   735  185s
   470   471   60.23432   51  164   66.66074   60.10320  9.84%   666  191s
   643   607   66.36152   78   99   66.66074   60.10320  9.84%   507  197s
   821   741   66.36152  108   86   66.66074   60.10320  9.84%   409  202s
   998   836   66.63928  145   50   66.66074   60.10320  9.84%   356  207s
  1149   978   60.10320   12  139   66.66074   60.10320  9.84%   326  216s
  1350  1172   60.10501   25  139   66.66074   60.10320  9.84%   296  224s
  1607  1173   66.05772   75  211   66.66074   60.10320  9.84%   267  240s
  1609  1174   60.27358   63  612   66.66074   60.10320  9.84%   266  262s
  1610  1175   66.58388   81  173   66.66074   60.10320  9.84%   266  280s
  1615  1178   60.10866   52  471   66.66074   60.10320  9.84%   265  293s
  1616  1179   60.10320   21  490   66.66074   60.10320  9.84%   265  312s
H 1617  1120                      66.6468600   60.10320  9.82%   265  329s
H 1618  1064                      65.8494000   60.10320  8.73%   265  352s
H 1618  1011                      65.5282400   60.10320  8.28%   265  352s
H 1618   960                      65.4848400   60.10320  8.22%   265  352s
  1619   961   65.48484   71  478   65.48484   60.10320  8.22%   265  365s
  1620   962   65.48484   98  525   65.48484   60.10320  8.22%   265  393s
H 1620   914                      65.3148400   60.10320  7.98%   265  422s
H 1620   868                      64.6413000   60.10320  7.02%   265  422s
H 1620   824                      64.5741000   60.10320  6.92%   265  422s
H 1620   783                      63.6604600   60.10320  5.59%   265  442s
H 1620   743                      63.4825200   60.10320  5.32%   265  442s
  1622   744   63.04544    9  454   63.48252   60.10320  5.32%   264  465s
  1624   748   60.10320   13  172   63.48252   60.10320  5.32%   285  471s
  1646   760   62.99984   16  436   63.48252   60.10320  5.32%   297  475s
H 1655   723                      63.4391200   60.10320  5.26%   303  477s
  1681   739   63.24307   19  270   63.43912   60.10320  5.26%   315  480s
  1794   751   60.10320   20  273   63.43912   60.10320  5.26%   316  487s
H 1796   714                      63.3913800   60.10320  5.19%   316  487s
  1842   734   60.91118   25  198   63.39138   60.10320  5.19%   319  490s
  1924   770   60.97304   29  227   63.39138   60.10320  5.19%   311  504s
H 1925   736                      63.3879000   60.10320  5.18%   311  504s
  1932   769   60.91118   29  208   63.38790   60.10320  5.18%   311  505s
  1967   795   60.97304   30  201   63.38790   60.10320  5.18%   307  512s
  2097   857   60.97304   41  169   63.38790   60.10320  5.18%   291  515s
  2316   918   60.97304   52  177   63.38790   60.10320  5.18%   269  521s
  2526  1027   61.41720   60  151   63.38790   60.10320  5.18%   252  529s
  2783  1098 infeasible   48        63.38790   60.10320  5.18%   234  534s
  3046  1044   60.54700   77  122   63.38790   60.10320  5.18%   218  545s
  3222   997   60.10320   44  149   63.38790   60.10320  5.18%   209  552s
  3389  1161   60.10320   43  162   63.38790   60.10320  5.18%   202  560s
  3787  1325   60.10320   44  138   63.38790   60.10320  5.18%   187  570s
  4272  1743 infeasible   65        63.38790   60.10320  5.18%   173  592s
  5498  1952   60.34302   56  132   63.38790   60.10320  5.18%   151  614s
  6761  2007   60.11300   78  118   63.38790   60.10320  5.18%   138  630s
  7464  2165 infeasible   50        63.38790   60.10320  5.18%   134  651s
  8622  2310   60.10320   65   97   63.38790   60.10320  5.18%   127  671s
  9617  2459 infeasible   52        63.38790   60.10320  5.18%   122  694s
 10950  2791   60.10320   33  153   63.38790   60.10320  5.18%   117  717s
 12232  3314 infeasible   49        63.38790   60.10320  5.18%   113  739s
 13589  3314   60.10320   53  132   63.38790   60.10320  5.18%   108  740s
 13773  3879   60.97232   78   95   63.38790   60.10320  5.18%   107  758s
 15206  3880   60.19112   78  211   63.38790   60.10320  5.18%   104  771s
 15208  3881   60.48190   65  594   63.38790   60.10320  5.18%   104  805s
 15209  3882   61.28046   80  230   63.38790   60.10320  5.18%   104  811s
 15210  3883   60.10320   45  381   63.38790   60.10320  5.18%   104  816s
 15214  3885   60.11734   74  579   63.38790   60.10320  5.18%   104  838s
 15215  3886   60.80740   82  530   63.38790   60.10320  5.18%   104  864s
 15216  3887   60.10320   53  541   63.38790   60.10320  5.18%   104  865s
 15218  3888   60.45586   67  460   63.38790   60.10320  5.18%   104  884s
 15219  3889   60.13904   54  382   63.38790   60.10320  5.18%   104  905s
 15221  3890   60.99228   41  523   63.38790   60.10320  5.18%   104  939s
 15222  3891   60.10866   56  510   63.38790   60.10320  5.18%   104  972s
 15223  3891   60.82511   38  546   63.38790   60.10320  5.18%   104 1001s
 15224  3892   60.34302   60  468   63.38790   60.10320  5.18%   104 1027s
 15225  3893   60.10716   47  519   63.38790   60.10320  5.18%   104 1058s
 15226  3893   60.10716   51  513   63.38790   60.10320  5.18%   104 1097s
 15227  3894   60.97304   54  547   63.38790   60.10320  5.18%   104 1127s
 15228  3895   60.97304   48  494   63.38790   60.10320  5.18%   104 1171s
 15229  3895   61.57558   70  453   63.38790   60.10320  5.18%   104 1207s
 15231  3900   60.10320   24  270   63.38790   60.10320  5.18%   107 1210s
 15243  3907   60.15099   27  335   63.38790   60.10320  5.18%   108 1217s
 15259  3913   61.66504   28  285   63.38790   60.10320  5.18%   110 1222s
 15275  3919   61.20568   29  533   63.38790   60.10320  5.18%   112 1225s
 15330  3936     cutoff   31        63.38790   60.10320  5.18%   113 1230s
 15358  3939   60.10320   33  183   63.38790   60.10320  5.18%   114 1235s
 15463  3998   63.38737   46  104   63.38790   60.10320  5.18%   115 1240s
 15529  4007     cutoff   62        63.38790   60.10320  5.18%   115 1245s
 15705  4204   63.38737   52   90   63.38790   60.10320  5.18%   116 1261s
 15847  4550   63.38737   61   88   63.38790   60.10320  5.18%   115 1272s
 16330  4730   61.33688   92  122   63.38790   60.10320  5.18%   114 1283s
 16765  5012   60.12342   51  153   63.38790   60.10320  5.18%   113 1295s
 17300  5326   60.25133   49  141   63.38790   60.10320  5.18%   111 1310s
 17992  5688   60.10320   41  163   63.38790   60.10320  5.18%   109 1327s
 18868  6211   60.19980  103  112   63.38790   60.10320  5.18%   108 1342s
 20020  6731   60.10320   63  163   63.38790   60.10320  5.18%   108 1356s
 21324  6830   60.17212   68  162   63.38790   60.10320  5.18%   107 1366s
 22231  7341     cutoff   52        63.38790   60.10320  5.18%   110 1380s
 23601  7502   61.59196   69  108   63.38790   60.10320  5.18%   110 1393s
 24786  7994   60.10320   61  133   63.38790   60.10320  5.18%   112 1410s
 26405  8133   61.38752   61  233   63.38790   60.10320  5.18%   111 1424s
 27580  8606   60.10320   67  122   63.38790   60.10320  5.18%   112 1439s
 28797  9241     cutoff   65        63.38790   60.10320  5.18%   115 1455s
 30165  9876   60.40367   65  182   63.38790   60.10320  5.18%   116 1472s
 31349 10662   63.38737   68  127   63.38790   60.10320  5.18%   117 1486s
 32624 11434   61.41999   73  121   63.38790   60.10320  5.18%   120 1502s
 34151 12078   62.25318   75  157   63.38790   60.10320  5.18%   121 1520s
 35373 12920   61.94361   58  145   63.38790   60.10320  5.18%   122 1538s
 36908 13841   63.16406   54  153   63.38790   60.10320  5.18%   124 1555s
 38415 14706   60.10320   58  125   63.38790   60.10320  5.18%   124 1572s
 40075 15641   62.32719   60  127   63.38790   60.10320  5.18%   124 1589s
 41637 16331   61.38209   78  138   63.38790   60.10320  5.18%   125 1602s
 42816 17011   60.46590   79   74   63.38790   60.10320  5.18%   126 1617s
 44017 17770   63.04052   66  155   63.38790   60.10320  5.18%   128 1632s
 45319 17771   60.28186   95  211   63.38790   60.10320  5.18%   129 1662s
 45321 17772   60.10320   63  617   63.38790   60.10320  5.18%   129 1692s
 45322 17773   63.21636   77  167   63.38790   60.10320  5.18%   129 1703s
 45324 17774   63.38737   85  482   63.38790   60.10320  5.18%   129 1705s
 45326 17776   60.23188   90  683   63.38790   60.10320  5.18%   129 1730s
 45327 17776   60.10320   66  680   63.38790   60.10320  5.18%   129 1760s
 45328 17777   60.14338  109  671   63.38790   60.10320  5.18%   129 1795s
 45329 17778   63.38737   68  662   63.38790   60.10320  5.18%   129 1856s
 45330 17778   60.10320   55  647   63.38790   60.10320  5.18%   129 1912s
 45331 17779   63.38737   82  657   63.38790   60.10320  5.18%   129 1972s
 45332 17780   61.37339   71  665   63.38790   60.10320  5.18%   129 2024s
 45333 17780   60.10320   49  584   63.38790   60.10320  5.18%   129 2081s
 45334 17781   63.38737  105  690   63.38790   60.10320  5.18%   129 2129s
 45335 17782   63.21636   74  657   63.38790   60.10320  5.18%   129 2189s
 45336 17782   60.10320   41  701   63.38790   60.10320  5.18%   129 2245s
 45337 17783   60.62512  138  662   63.38790   60.10320  5.18%   129 2297s
 45338 17784   60.43454  110  627   63.38790   60.10320  5.18%   129 2326s
 45340 17788   60.10320   39  263   63.38790   60.10320  5.18%   120 2331s
 45354 17795   63.02977   42  381   63.38790   60.10320  5.18%   121 2336s
 45386 17813     cutoff   45        63.38790   60.10320  5.18%   121 2340s
 45412 17821   63.17336   47  285   63.38790   60.10320  5.18%   122 2348s
 45436 17825     cutoff   48        63.38790   60.10320  5.18%   122 2351s
 45510 17869   60.10320   56  121   63.38790   60.10320  5.18%   123 2355s
 45650 18016   60.35820   73  113   63.38790   60.10320  5.18%   123 2362s
 45796 18112   60.35820   95  116   63.38790   60.10320  5.18%   124 2366s
 46003 18101   60.26480   52  159   63.38790   60.10320  5.18%   124 2374s
 46090 18161   60.26480   53  145   63.38790   60.10320  5.18%   124 2377s
 46254 18212   60.26925   65  157   63.38790   60.10320  5.18%   124 2380s
 46376 18411   60.30396   84  120   63.38790   60.10320  5.18%   124 2387s
 46706 18606   60.30396  116  114   63.38790   60.10320  5.18%   124 2395s
 47086 18812   60.26480   54  134   63.38790   60.10320  5.18%   124 2404s
 47523 19167   60.26480   74  102   63.38790   60.10320  5.18%   125 2419s
 47749 19092   60.10320   68  141   63.38790   60.10320  5.18%   125 2420s
 48256 19395   60.18678   72  119   63.38790   60.10320  5.18%   124 2432s
 48857 19569   60.17082   71  109   63.38790   60.10320  5.18%   124 2446s
 49352 19812   60.10320   72  122   63.38790   60.10320  5.18%   124 2460s
 49945 20162   60.19112  118   94   63.38790   60.10320  5.18%   124 2473s
 50644 20461   60.11408   75  161   63.38790   60.10320  5.18%   124 2486s
 51358 20888   60.10320   70  142   63.38790   60.10320  5.18%   124 2498s
 52230 21313   60.10320   68  104   63.38790   60.10320  5.18%   125 2507s
 53120 21657   60.10349   93  145   63.38790   60.10320  5.18%   126 2518s
 54062 21835   60.36215   79  196   63.38790   60.10320  5.18%   127 2531s
 54773 22251   62.90258   71  169   63.38790   60.10320  5.18%   129 2543s
 55759 22641   61.95799  102  235   63.38790   60.10320  5.18%   130 2556s
 56751 23117   63.32778   87  221   63.38790   60.10320  5.18%   132 2572s
 57802 23639   60.10320   82  150   63.38790   60.10320  5.18%   133 2588s
 59025 23934   60.10320   67  113   63.38790   60.10320  5.18%   134 2602s
 60067 23588   63.03650  100  211   63.38790   60.10320  5.18%   136 2617s
 60069 23589   60.10320   71  574   63.38790   60.10320  5.18%   136 2645s
 60070 23590   60.10320   64  319   63.38790   60.10320  5.18%   136 2662s
 60073 23592   60.10320   66  583   63.38790   60.10320  5.18%   136 2675s
 60074 23593   60.10320   69  639   63.38790   60.10320  5.18%   136 2688s
 60075 23593   60.27358  100  668   63.38790   60.10320  5.18%   136 2716s
 60076 23594   60.10320   60  638   63.38790   60.10320  5.18%   136 2730s
 60077 23595   60.39650   89  685   63.38790   60.10320  5.18%   136 2759s
 60078 23595   60.26480   57  644   63.38790   60.10320  5.18%   136 2776s
 60079 23596   60.27358  170  726   63.38790   60.10320  5.18%   136 2790s
 60080 23597   60.17082   97  659   63.38790   60.10320  5.18%   136 2808s
 60081 23597   60.27358  104  717   63.38790   60.10320  5.18%   136 2831s
 60082 23598   62.19217   98  649   63.38790   60.10320  5.18%   136 2842s
 60083 23599   63.03650  128  679   63.38790   60.10320  5.18%   136 2875s
 60084 23599   60.10320   79  670   63.38790   60.10320  5.18%   136 2887s
 60085 23600   60.10320   66  629   63.38790   60.10320  5.18%   136 2912s
 60087 23604   60.10320   49  280   63.38790   60.10320  5.18%   137 2915s
 60117 23619   62.12798   54  183   63.38790   60.10320  5.18%   137 2921s
 60155 23626   62.41283   58  179   63.38790   60.10320  5.18%   138 2933s
 60176 23638   62.57331   60  163   63.38790   60.10320  5.18%   138 2935s
 60284 23714   62.68722   64  170   63.38790   60.10320  5.18%   139 2941s
 60375 23728   63.25782   67  134   63.38790   60.10320  5.18%   139 2947s
 60473 23805     cutoff   72        63.38790   60.10320  5.18%   139 2951s
 60704 23951   60.10320   65  137   63.38790   60.10320  5.18%   139 2956s
 60935 24069   60.10362   71  200   63.38790   60.10320  5.18%   139 2968s
 61074 24297   60.10836   86  128   63.38790   60.10320  5.18%   139 2975s
 61419 24735   60.10836  126  118   63.38790   60.10320  5.18%   138 2988s
 62139 25103   60.83344   91  149   63.38790   60.10320  5.18%   137 3004s
 62961 25334     cutoff  125        63.38790   60.10320  5.18%   136 3016s
 63764 25631   60.10644   89  153   63.38790   60.10320  5.18%   136 3029s
 64823 25602   62.59046  113  139   63.38790   60.10320  5.18%   136 3040s
 65626 25789   61.54903  107  132   63.38790   60.10320  5.18%   137 3050s
 66474 25992   60.11734  111  134   63.38790   60.10320  5.18%   137 3061s
 67409 25948   60.14216   82  146   63.38790   60.10320  5.18%   138 3071s
 68159 26006   60.10320  103  113   63.38790   60.10320  5.18%   139 3080s
 68879 26245     cutoff   94        63.38790   60.10320  5.18%   141 3092s
 69900 26226     cutoff  104        63.38790   60.10320  5.18%   142 3102s
 70757 26392   60.11024  117  188   63.38790   60.10320  5.18%   144 3115s
 71775 26084   60.10320  115  104   63.38790   60.10320  5.18%   145 3135s
 71879 26448   60.10320  116  104   63.38790   60.10320  5.18%   146 3148s
 72855 26451     cutoff  111        63.38790   60.10320  5.18%   148 3159s
 73683 26538   60.10320  101  135   63.38790   60.10320  5.18%   150 3171s
 74573 26534   60.10320   95  128   63.38790   60.10320  5.18%   152 3186s
 75531 26644   60.10320   90  188   63.38790   60.10320  5.18%   154 3204s
 75865 26533   60.10320   99  160   63.38790   60.10320  5.18%   156 3205s
 76628 26542   62.76844  125  110   63.38790   60.10320  5.18%   157 3221s
 77605 26697   60.10320   93  125   63.38790   60.10320  5.18%   161 3243s
 78899 26687     cutoff  118        63.38790   60.10320  5.18%   164 3265s
 80264 26561     cutoff  121        63.38790   60.10320  5.18%   168 3285s
 81368 26486   60.10320  106  131   63.38790   60.10320  5.18%   171 3305s
 82472 26414   60.88221   95  200   63.38790   60.10320  5.18%   175 3324s
 83543 26358     cutoff  117        63.38790   60.10320  5.18%   179 3342s
 84533 26229   62.77186  116  122   63.38790   60.10320  5.18%   182 3359s
 84948 26090 infeasible  105        63.38790   60.10320  5.18%   184 3360s
 85526 26157     cutoff  108        63.38790   60.10320  5.18%   186 3378s
 86553 26138     cutoff  115        63.38790   60.10320  5.18%   190 3397s
 87729 25893     cutoff  104        63.38790   60.10320  5.18%   194 3417s
 88472 26213     cutoff  102        63.38790   60.10320  5.18%   196 3447s
 89987 25828   62.51646  110  120   63.38790   60.10320  5.18%   199 3464s
 90206 25755     cutoff  109        63.38790   60.10320  5.18%   200 3465s
 90787 25915     cutoff  113        63.38790   60.10320  5.18%   202 3492s
 92363 25638     cutoff  108        63.38790   60.10320  5.18%   207 3517s
 93596 25402   61.18108  101  203   63.38790   60.10320  5.18%   211 3541s
 94884 25191   62.88831  108  202   63.38790   60.10320  5.18%   215 3566s
 96174 25060   60.10320   82  139   63.38790   60.10320  5.18%   219 3590s
 97430 24750   60.21445  125  232   63.38790   60.10320  5.18%   222 3600s

Cutting planes:
  Learned: 535
  Gomory: 19
  Cover: 3233
  Implied bound: 957
  Clique: 45
  MIR: 150
  StrongCG: 4
  Flow cover: 758
  Inf proof: 98
  Zero half: 13
  RLT: 107
  Relax-and-lift: 65

Explored 97937 nodes (22363031 simplex iterations) in 3600.68 seconds (3368.32 work units)
Thread count was 8 (of 24 available processors)

Solution count 10: 63.3879 63.3879 63.3914 ... 65.4848

Time limit reached
Best objective 6.338790000000e+01, best bound 6.010320421986e+01, gap 5.1819%
