
Gurobi 10.0.0 (win64) logging started Mon Jan 22 08:03:27 2024

Set parameter LogFile to value "C:/Users\Administrator\Documents\BNC_Repo\BNC_Tests\10_MIP_Results\n40m2\Instance_Class2_Parts40_Machines2_Instance1_logfileChe21.txt"
Gurobi Optimizer version 10.0.0 build v10.0.0rc2 (win64)

CPU model: AMD EPYC 7513 32-Core Processor, instruction set [SSE2|AVX|AVX2]
Thread count: 24 physical cores, 24 logical processors, using up to 8 threads

Optimize a model with 88318 rows, 10001 columns and 460438 nonzeros
Model fingerprint: 0x3e2c2e62
Variable types: 3441 continuous, 6560 integer (6560 binary)
Coefficient statistics:
  Matrix range     [4e-06, 4e+02]
  Objective range  [1e+00, 1e+00]
  Bounds range     [1e+00, 1e+00]
  RHS range        [1e+00, 7e+02]
Presolve removed 20245 rows and 3363 columns
Presolve time: 1.12s
Presolved: 68073 rows, 6638 columns, 398404 nonzeros
Variable types: 160 continuous, 6478 integer (6398 binary)
Found heuristic solution: objective 1621.3808000
Root relaxation presolved: 6638 rows, 74711 columns, 405042 nonzeros


Use crossover to convert LP symmetric solution to basic solution...

Root relaxation: objective 8.755847e+01, 2442 iterations, 1.02 seconds (1.49 work units)
Total elapsed time = 5.23s

    Nodes    |    Current Node    |     Objective Bounds      |     Work
 Expl Unexpl |  Obj  Depth IntInf | Incumbent    BestBd   Gap | It/Node Time

     0     0   87.55847    0  133 1621.38080   87.55847  94.6%     -    5s
H    0     0                    1485.4520000   87.55847  94.1%     -    6s
     0     0   87.55847    0  154 1485.45200   87.55847  94.1%     -    8s
H    0     0                     759.4568000   87.55847  88.5%     -    9s
     0     0   87.55847    0  145  759.45680   87.55847  88.5%     -    9s
     0     0   87.55847    0  148  759.45680   87.55847  88.5%     -   16s
     0     0   87.55847    0  144  759.45680   87.55847  88.5%     -   17s
     0     0   87.55847    0  375  759.45680   87.55847  88.5%     -   27s
H    0     0                     612.7928000   87.55847  85.7%     -   27s
     0     0   87.55847    0  179  612.79280   87.55847  85.7%     -   28s
     0     0   87.55847    0  132  612.79280   87.55847  85.7%     -   37s
     0     0   87.55847    0  132  612.79280   87.55847  85.7%     -   40s
H    0     0                     546.7626200   87.55847  84.0%     -   44s
H    0     0                     510.0422200   87.55847  82.8%     -   44s
H    0     2                     508.0949400   87.55847  82.8%     -   47s
     0     2   87.55847    0  100  508.09494   87.55847  82.8%     -   47s
     2     4   87.55847    1  635  508.09494   87.55847  82.8%  3373   56s
     3     8   87.55847    2 1042  508.09494   87.55847  82.8%  2884   60s
     7    16   87.55847    3  955  508.09494   87.55847  82.8%  2338   81s
    12    16   88.32347    3  990  508.09494   87.55847  82.8%  2580  105s
    15    24   87.55847    4 1232  508.09494   87.55847  82.8%  2932  141s
    23    32   87.55847    5 1237  508.09494   87.55847  82.8%  3702  161s
H   31    40                     437.2562600   87.55847  80.0%  4960  169s
H   32    40                     297.3536600   87.55847  70.6%  4906  169s
    39    48   87.55847    6 1347  297.35366   87.55847  70.6%  4877  183s
    47    57   87.55847    7 1391  297.35366   87.55847  70.6%  5097  199s
    56    66   87.55847    8 1364  297.35366   87.55847  70.6%  4671  208s
H   65    74                     226.3532400   87.55847  61.3%  4539  218s
H   65    74                     209.9466400   87.55847  58.3%  4539  218s
H   66    74                     192.6200200   87.55847  54.5%  4509  218s
H   67    74                     146.5131200   87.55847  40.2%  4507  218s
H   69    74                     115.7347000   87.55847  24.3%  4533  218s
    73    83   87.55847   10  152  115.73470   87.55847  24.3%  4737  228s
    82    99   87.55847   11  637  115.73470   87.55847  24.3%  4649  252s
H   98   141                     103.1281400   87.55847  15.1%  4753  283s
H  118   141                     101.9469200   87.55847  14.1%  4270  283s
   140   236   87.55847   15 1288  101.94692   87.55847  14.1%  3929  325s
H  166   236                      96.8098800   87.55847  9.56%  3756  325s
H  237   236                      96.3354400   87.55847  9.11%  3166  326s
   248   351   87.55847   21 1158   96.33544   87.55847  9.11%  3063  375s
H  325   351                      94.4343200   87.55847  7.28%  2700  375s
H  385   565                      93.9394600   87.55847  6.79%  2538  443s
   474   565   87.60417    5 2339   93.93946   87.55847  6.79%  2199  459s
   617   757   91.67766   53  201   93.93946   87.55847  6.79%  1863  523s
   626   757   87.55847    5  663   93.93946   87.55847  6.79%  1845  530s
H  647   755                      93.8028000   87.55847  6.66%  1805  530s
   872   807   88.23543   24  248   93.80280   87.55847  6.66%  1471  550s
   881   807   87.55847    5 1775   93.80280   87.55847  6.66%  1476  562s
H  882   807                      93.7984600   87.55847  6.65%  1474  562s
H  959   805                      93.7377000   87.55847  6.59%  1411  562s
   969   805   87.55847    4 1564   93.73770   87.55847  6.59%  1417  575s
H  970   795                      93.2949200   87.55847  6.15%  1415  650s
H  983   794                      93.2429400   87.55847  6.10%  1412  650s
   998   967   87.98592   28  257   93.24294   87.55847  6.10%  1414  700s
  1096   967   87.55847    6 1210   93.24294   87.55847  6.10%  1324  705s
  1131   967   87.64797    6 2094   93.24294   87.55847  6.10%  1310  715s
H 1132   965                      93.2276000   87.55847  6.08%  1309  715s
  1198  1058   88.07097   32  213   93.22760   87.55847  6.08%  1275  737s
  1313  1316   88.90549   40  218   93.22760   87.55847  6.08%  1279  769s
  1600  1317   89.10921   13  132   93.22760   87.55847  6.08%  1171  819s
  1602  1318   88.32347    6  139   93.22760   87.55847  6.08%  1170  831s
  1603  1319   90.89997   40  121   93.22760   87.55847  6.08%  1169  852s
  1604  1320   88.32347   14  197   93.22760   87.55847  6.08%  1169  859s
  1605  1320   91.17800   99  275   93.22760   87.55847  6.08%  1168  880s
  1606  1321   92.28049   41  478   93.22760   87.55847  6.08%  1167  900s
  1607  1322   88.73474   17  232   93.22760   87.55847  6.08%  1166  921s
  1608  1322   91.49922   69  680   93.22760   87.55847  6.08%  1166  942s
  1609  1323   88.74847   32  228   93.22760   87.55847  6.08%  1165  970s
  1610  1324   92.96030   84 1043   93.22760   87.55847  6.08%  1164  996s
  1611  1324   92.23347   56 1132   93.22760   87.58633  6.05%  1163 1023s
  1612  1325   91.61847   18 1209   93.22760   87.59005  6.05%  1163 1054s
  1613  1326   91.25847   20  488   93.22760   87.63908  5.99%  1162 1079s
H 1613  1259                      93.1068200   87.67056  5.84%  1162 1112s
H 1614  1196                      92.8290600   87.67056  5.56%  1161 1146s
H 1614  1136                      92.8269400   87.67056  5.55%  1161 1146s
H 1614  1079                      92.7394000   87.67056  5.47%  1161 1146s
  1615  1080   91.53244   24  771   92.73940   87.82317  5.30%  1161 1158s
  1616  1081   92.73940  137  780   92.73940   87.85697  5.26%  1160 1174s
H 1616  1026                      92.6677400   87.85697  5.19%  1160 1190s
H 1616   975                      92.6092000   87.90686  5.08%  1160 1203s
H 1617   926                      92.4876800   87.90686  4.95%  1159 1211s
  1618   927   91.19347   67  461   92.48768   87.92601  4.93%  1158 1221s
  1619   928   91.21347   35  612   92.48768   87.95629  4.90%  1158 1251s
  1620   928   92.48768   85  684   92.48768   87.96106  4.89%  1157 1262s
  1621   929   92.48768   30  401   92.48768   88.00317  4.85%  1156 1280s
  1622   930   89.47055   25  727   92.48768   88.00940  4.84%  1156 1293s
  1623   930   89.17739   57  362   92.48768   88.04355  4.81%  1155 1308s
  1624   931   88.04950    7  459   92.48768   88.04950  4.80%  1154 1320s
  1625   932   92.48768   20  391   92.48768   88.05955  4.79%  1153 1332s
  1626   932   90.77841   17  733   92.48768   88.06782  4.78%  1153 1343s
  1627   933   92.16991   70  484   92.48768   88.07185  4.77%  1152 1359s
  1628   934   91.25847   38  666   92.48768   88.07505  4.77%  1151 1371s
  1629   934   88.08064   19  486   92.48768   88.08064  4.77%  1151 1390s
H 1629   886                      92.4839800   88.08064  4.76%  1151 1395s
  1630   887   88.74847   16  630   92.48398   88.09072  4.75%  1150 1411s
  1631   888   88.09570   20  604   92.48398   88.09570  4.74%  1149 1427s
  1632   888   89.77871   35  663   92.48398   88.09714  4.74%  1149 1439s
  1633   889   88.32347   32  557   92.48398   88.10587  4.73%  1148 1456s
H 1633   844                      92.4709600   88.10914  4.72%  1148 1474s
  1634   845   89.85347   62  834   92.47096   88.10914  4.72%  1147 1475s
  1635   845   92.44847   54  520   92.47096   88.11698  4.71%  1146 1493s
H 1635   803                      92.2930200   88.11884  4.52%  1146 1509s
  1636   804   89.26999   27  628   92.29302   88.11884  4.52%  1146 1510s
H 1636   763                      92.0514600   88.11884  4.27%  1146 1535s
H 1636   724                      91.5502400   88.11884  3.75%  1146 1535s
H 1636   687                      91.2391400   88.11884  3.42%  1146 1535s
  1637   688   89.64477   37  551   91.23914   88.12441  3.41%  1145 1553s
  1638   688   91.23914  125  511   91.23914   88.12588  3.41%  1144 1586s
  1639   689   91.23914   29  508   91.23914   88.12653  3.41%  1144 1623s
H 1639   654                      91.0923200   88.12670  3.26%  1144 1640s
  1641   655   88.12884    5  885   91.09232   88.12884  3.25%  1142 1662s
  1642   656   88.13099   11  723   91.09232   88.13099  3.25%  1142 1686s
  1643   657   90.68347   24  785   91.09232   88.13218  3.25%  1141 1726s
  1644   657   90.68497   26  877   91.09232   88.13223  3.25%  1140 1738s
  1645   658   89.00347   53  926   91.09232   88.13303  3.25%  1139 1750s
  1646   659   89.34347   40  852   91.09232   88.13342  3.25%  1139 1761s
  1647   659   91.09232   51  798   91.09232   88.13379  3.25%  1138 1773s
  1648   660   90.25490   36  814   91.09232   88.13383  3.25%  1137 1779s
H 1648   626                      91.0770800   88.13383  3.23%  1137 1786s
  1650   627   88.73825   36  847   91.07708   88.13387  3.23%  1136 1796s
  1651   628   88.42782   14  889   91.07708   88.13388  3.23%  1135 1804s
  1652   629   90.73610   19  937   91.07708   88.13389  3.23%  1135 1811s
  1653   629   91.07708   45  829   91.07708   88.13392  3.23%  1134 1820s
  1654   630   89.34347   21  871   91.07708   88.13392  3.23%  1133 1826s
  1655   631   90.87300   31  855   91.07708   88.13397  3.23%  1133 1836s
  1660   635   89.34347   24   96   91.07708   88.13397  3.23%  1402 1844s
  1661   636   90.17347   44  113   91.07708   88.13397  3.23%  1401 1857s
  1662   637   91.07708  157  303   91.07708   88.13397  3.23%  1400 1860s
  1663   637   91.07708   46  623   91.07708   88.13397  3.23%  1399 1902s
  1664   638   91.07708   35  476   91.07708   88.13397  3.23%  1398 1931s
  1665   639   90.62589   36  706   91.07708   88.13397  3.23%  1397 1956s
  1666   639   91.07708   94  800   91.07708   88.13397  3.23%  1396 1976s
  1667   640   89.29901   15  561   91.07708   88.13397  3.23%  1396 1998s
  1668   641   90.25490   36  964   91.07708   88.13719  3.23%  1395 2019s
  1669   641   91.07708   51  770   91.07708   88.14055  3.22%  1394 2053s
  1670   642   90.19864   56  751   91.07708   88.14224  3.22%  1393 2069s
  1671   643   91.07708   71  853   91.07708   88.14374  3.22%  1392 2102s
H 1671   610                      91.0467000   88.14374  3.19%  1392 2107s
  1672   610   91.04670   71  824   91.04670   88.14390  3.19%  1391 2126s
  1673   611   90.06847   19  791   91.04670   88.14422  3.19%  1391 2169s
  1674   612   91.04670   48  833   91.04670   88.14425  3.19%  1390 2183s
  1675   612   90.02180   40  809   91.04670   88.14479  3.19%  1389 2194s
  1676   613   88.24575   25  836   91.04670   88.14485  3.19%  1388 2201s
  1677   614   91.04670   30  813   91.04670   88.14525  3.19%  1387 2225s
  1678   614   88.14525    7  855   91.04670   88.14525  3.19%  1387 2232s
  1679   615   91.04670   84  780   91.04670   88.14528  3.19%  1386 2242s
  1680   616   91.04670   86  838   91.04670   88.14528  3.19%  1385 2251s
  1681   616   88.74847   32  799   91.04670   88.14533  3.19%  1384 2257s
  1682   617   89.40747   39  811   91.04670   88.14534  3.19%  1383 2268s
  1683   618   91.04670   73  746   91.04670   88.14537  3.19%  1382 2275s
  1684   618   90.78847   77  832   91.04670   88.14538  3.19%  1382 2281s
  1685   619   91.04670   33  860   91.04670   88.14542  3.19%  1381 2289s
  1686   620   91.04670   87  872   91.04670   88.14544  3.19%  1380 2295s
  1687   620   90.36347   40  759   91.04670   88.14544  3.19%  1379 2303s
  1692   625   89.91847   23  142   91.04670   88.14544  3.19%  1528 2314s
  1693   626   88.49347   22  116   91.04670   88.14544  3.19%  1527 2317s
  1695   627   91.02347   18  508   91.04670   88.14544  3.19%  1526 2344s
  1696   628   89.49825   38  252   91.04670   88.14544  3.19%  1525 2356s
  1697   629   91.04670  153  307   91.04670   88.14544  3.19%  1524 2370s
  1698   629   91.04670   89  748   91.04670   88.14544  3.19%  1523 2390s
  1699   630   88.14544    8  290   91.04670   88.14544  3.19%  1522 2407s
H 1699   598                      90.7429000   88.14544  2.86%  1522 2430s
  1701   599   90.74290   27  649   90.74290   88.14544  2.86%  1520 2439s
  1702   600   88.32347    6  945   90.74290   88.14597  2.86%  1519 2446s
  1703   601   90.74290   40  858   90.74290   88.14638  2.86%  1519 2453s
  1704   601   88.32347   14  928   90.74290   88.14641  2.86%  1518 2458s
  1705   602   90.74290   99  923   90.74290   88.14646  2.86%  1517 2468s
H 1705   571                      90.5729000   88.14646  2.68%  1517 2475s
  1707   572   88.73474   17 1040   90.57290   88.14648  2.68%  1515 2489s
  1708   573   90.57290   69 1063   90.57290   88.14648  2.68%  1514 2497s
  1709   574   88.74847   32 1017   90.57290   88.14650  2.68%  1513 2506s
  1710   574   90.57290   84 1076   90.57290   88.14650  2.68%  1512 2515s
  1711   575   90.57290   56  984   90.57290   88.14652  2.68%  1511 2524s
  1712   576   90.57290   18  937   90.57290   88.14652  2.68%  1511 2530s
  1713   576   90.57290   20  937   90.57290   88.14652  2.68%  1510 2543s
  1714   580   88.14655   35  859   90.57290   88.14652  2.68%  1614 2555s
  1716   583   88.14658   36  911   90.57290   88.14655  2.68%  1618 2565s
  1720   590   88.14658   37  955   90.57290   88.14658  2.68%  1638 2577s
  1728   595   88.14685   38  814   90.57290   88.14658  2.68%  1654 2584s
  1736   601   88.15308   38  951   90.57290   88.14685  2.68%  1677 2591s
  1744   606   88.14695   39  772   90.57290   88.14685  2.68%  1684 2597s
  1752   611   88.61513   39  494   90.57290   88.14695  2.68%  1700 2603s
  1760   621   88.14700   40  761   90.57290   88.14700  2.68%  1705 2608s
  1772   628   88.14718   41  844   90.57290   88.14700  2.68%  1721 2611s
  1783   632   88.59420   41  920   90.57290   88.14718  2.68%  1733 2621s
  1791   642   88.14744   42  884   90.57290   88.14718  2.68%  1743 2626s
  1804   652   88.23523   42  631   90.57290   88.14744  2.68%  1755 2632s
  1818   654   88.26248   43  744   90.57290   88.14744  2.68%  1776 2642s
H 1826   623                      90.4889600   88.14744  2.59%  1779 2642s
  1827   637   88.14971   43  537   90.48896   88.14971  2.59%  1782 2650s
  1842   669   88.15124   44  539   90.48896   88.15096  2.58%  1798 2660s
  1887   670   88.15152   45  516   90.48896   88.15096  2.58%  1801 2679s
H 1895   640                      90.4557200   88.15096  2.55%  1800 2679s
  1903   665   88.15281   46  466   90.45572   88.15096  2.55%  1812 2686s
  1947   682   88.22418   48  273   90.45572   88.15096  2.55%  1824 2703s
  1984   740   89.02531   48  204   90.45572   88.15096  2.55%  1814 2719s
  2069   792   89.66199   50  659   90.45572   88.15096  2.55%  1800 2740s
  2193   847   89.82775   52  780   90.45572   88.15096  2.55%  1766 2759s
  2380   847   89.50127   53  254   90.45572   88.15096  2.55%  1689 2786s
  2514   915   89.53181   55  230   90.45572   88.15096  2.55%  1656 2804s
  2671   931     cutoff   64        90.45572   88.15144  2.55%  1610 2820s
  2830   992   88.78232   42  825   90.45572   88.15310  2.55%  1575 2840s
  2980  1097   88.78233   43  801   90.45572   88.15310  2.55%  1528 2861s
  3245  1158   88.83347   48  180   90.45572   88.15310  2.55%  1447 2882s
  3433  1374   88.91847   51  176   90.45572   88.15326  2.55%  1390 2903s
  3780  1463   88.39936   41  177   90.45572   88.15326  2.55%  1300 2926s
  3930  1702   88.85077   42  194   90.45572   88.15326  2.55%  1271 2947s
  4288  1806   90.44847   80  138   90.45572   88.15326  2.55%  1198 2970s
  4556  2033   88.48133   42  179   90.45572   88.15341  2.55%  1155 2989s
  4871  2175   88.62507   70  223   90.45572   88.15341  2.55%  1109 3012s
  5178  2359   88.82558   71  222   90.45572   88.15347  2.55%  1061 3036s
  5564  2618   88.48133   48  217   90.45572   88.15347  2.55%  1020 3060s
  6016  2821   88.93668   50  222   90.45572   88.15347  2.55%   975 3092s
  6355  2910   88.66347   52  158   90.45572   88.15347  2.55%   940 3114s
  6534  3254   88.66347   59  146   90.45572   88.15347  2.55%   927 3134s
  6955  3457   88.83347   69  175   90.45572   88.15347  2.55%   897 3156s
  7294  3758   88.73633   77  185   90.45572   88.15347  2.55%   880 3178s
  7792  3968   89.59847   87  187   90.45572   88.15347  2.55%   845 3197s
  8113  4129   88.91847   53  218   90.45572   88.15347  2.55%   828 3227s
  8387  4321   89.34579   57  182   90.45572   88.15347  2.55%   825 3258s
  8680  4774 infeasible   58        90.45572   88.16860  2.53%   811 3286s
  9372  5183   89.51856   49 1027   90.45572   88.20447  2.49%   780 3316s
  9994  5766   89.04284   55  206   90.45572   88.21805  2.47%   756 3347s
 10870  6503     cutoff   73        90.45572   88.22712  2.46%   723 3388s
 11956  6856 infeasible  113        90.45572   88.24114  2.45%   686 3416s
 12484  7382   90.44847   90  134   90.45572   88.26265  2.42%   676 3452s
 13335  7955   90.36347   65  190   90.45572   88.27352  2.41%   659 3490s
 14257  8333   88.91847   41  226   90.45572   88.29342  2.39%   641 3523s
 14892  8387   89.73939   61  167   90.45572   88.31740  2.36%   636 3574s
 15017  8931   89.42847   65  188   90.45572   88.32005  2.36%   637 3600s

Cutting planes:
  Learned: 145
  Gomory: 1
  Cover: 587
  Implied bound: 1077
  Projected implied bound: 29
  Clique: 45
  MIR: 135
  StrongCG: 24
  Flow cover: 1965
  Inf proof: 2
  Zero half: 67
  RLT: 190
  Relax-and-lift: 243

Explored 15863 nodes (9886145 simplex iterations) in 3600.84 seconds (7037.58 work units)
Thread count was 8 (of 24 available processors)

Solution count 10: 90.4557 90.4557 90.489 ... 91.5502

Time limit reached
Best objective 9.045572000000e+01, best bound 8.832347000000e+01, gap 2.3572%
