
Gurobi 10.0.0 (win64) logging started Sun Jan 21 23:51:30 2024

Set parameter LogFile to value "C:/Users\Administrator\Documents\BNC_Repo\BNC_Tests\10_MIP_Results\n40m2\Instance_Class1_Parts40_Machines2_Instance2_logfileChe1021.txt"
Gurobi Optimizer version 10.0.0 build v10.0.0rc2 (win64)

CPU model: AMD EPYC 7513 32-Core Processor, instruction set [SSE2|AVX|AVX2]
Thread count: 24 physical cores, 24 logical processors, using up to 8 threads

Optimize a model with 88318 rows, 10001 columns and 460676 nonzeros
Model fingerprint: 0x5b5d68c6
Variable types: 3441 continuous, 6560 integer (6560 binary)
Coefficient statistics:
  Matrix range     [4e-06, 4e+02]
  Objective range  [1e+00, 1e+00]
  Bounds range     [1e+00, 1e+00]
  RHS range        [1e+00, 5e+02]
Presolve removed 19255 rows and 3334 columns
Presolve time: 1.00s
Presolved: 69063 rows, 6667 columns, 402582 nonzeros
Variable types: 160 continuous, 6507 integer (6427 binary)
Found heuristic solution: objective 867.5800000
Found heuristic solution: objective 137.9770000
Root relaxation presolved: 6667 rows, 75730 columns, 409249 nonzeros


Use crossover to convert LP symmetric solution to basic solution...

Root relaxation: objective 3.778138e+01, 3584 iterations, 1.29 seconds (1.84 work units)
Total elapsed time = 5.15s

    Nodes    |    Current Node    |     Objective Bounds      |     Work
 Expl Unexpl |  Obj  Depth IntInf | Incumbent    BestBd   Gap | It/Node Time

     0     0   37.78138    0   88  137.97700   37.78138  72.6%     -    9s
H    0     0                     130.6932200   37.78138  71.1%     -    9s
     0     0   37.78138    0 1492  130.69322   37.78138  71.1%     -   15s
     0     0   37.78138    0  779  130.69322   37.78138  71.1%     -   16s
H    0     0                      80.6932200   37.78138  53.2%     -   16s
     0     0   37.78138    0  592   80.69322   37.78138  53.2%     -   16s
     0     0   38.12138    0  114   80.69322   38.12138  52.8%     -   22s
H    0     0                      80.5890600   38.12138  52.7%     -   23s
H    0     0                      80.1767600   38.12138  52.5%     -   25s
     0     0   38.12138    0  196   80.17676   38.12138  52.5%     -   25s
     0     0   38.12138    0  198   80.17676   38.12138  52.5%     -   26s
H    0     0                      80.0856200   38.53392  51.9%     -   31s
     0     0   38.53392    0  138   80.08562   38.53392  51.9%     -   32s
H    0     0                      78.1767400   38.53392  50.7%     -   33s
H    0     0                      50.5822200   38.53392  23.8%     -   33s
     0     0   38.77024    0  215   50.58222   38.77024  23.4%     -   34s
     0     0   38.81181    0  172   50.58222   38.81181  23.3%     -   38s
H    0     0                      44.6332600   38.81181  13.0%     -   39s
     0     0   38.89169    0  213   44.63326   38.89169  12.9%     -   40s
     0     0   39.14189    0  359   44.63326   39.14189  12.3%     -   45s
     0     0   39.14189    0  359   44.63326   39.14189  12.3%     -   46s
H    0     0                      41.3491600   39.14189  5.34%     -   50s
     0     0   39.14189    0  107   41.34916   39.14189  5.34%     -   54s
     0     0   39.14189    0  154   41.34916   39.14189  5.34%     -   57s
     0     0   39.14189    0  336   41.34916   39.14189  5.34%     -   58s
     0     0   39.14189    0  311   41.34916   39.14189  5.34%     -   60s
     0     0   39.14189    0  220   41.34916   39.14189  5.34%     -   61s
     0     0   39.14189    0  287   41.34916   39.14189  5.34%     -   64s
     0     0   39.14189    0  293   41.34916   39.14189  5.34%     -   65s
     0     0   39.14189    0  282   41.34916   39.14189  5.34%     -   69s
     0     0   39.14189    0  262   41.34916   39.14189  5.34%     -   69s
     0     0   39.18334    0  285   41.34916   39.18334  5.24%     -   73s
     0     0   39.18334    0  251   41.34916   39.18334  5.24%     -   74s
     0     0   39.20642    0  283   41.34916   39.20642  5.18%     -   78s
     0     0   39.20642    0  214   41.34916   39.20642  5.18%     -   78s
H    0     0                      41.2521000   39.20642  4.96%     -   82s
     0     2   39.20642    0  202   41.25210   39.20642  4.96%     -   82s
     7    16   39.69576    3  282   41.25210   39.20642  4.96%  2167   85s
    57    63   40.14020    8  241   41.25210   39.20642  4.96%   836   90s
H   72    71                      41.2515600   39.20642  4.96%   751   90s
H  112   101                      41.2472200   39.20642  4.95%   550   92s
   194   160   41.24638   21   73   41.24722   39.20642  4.95%   425   95s
H  241   188                      41.0915200   39.20642  4.59%   365   97s
   312   251   40.69286    7  301   41.09152   39.20642  4.59%   325  100s
H  383   296                      40.9166400   39.20642  4.18%   288  102s
   476   412     cutoff    6        40.91664   39.36623  3.79%   270  105s
   793   639   40.54680    7  167   40.91664   39.57376  3.28%   193  110s
H 1447   994                      40.9078600   39.57376  3.26%   128  115s
  1448   990   40.88680   12  592   40.90786   39.57376  3.26%   128  121s
  1450   991   40.54680   62   81   40.90786   39.57376  3.26%   128  129s
  1451   992   40.54680   79  203   40.90786   39.57376  3.26%   128  130s
  1452   993   40.88680   43  482   40.90786   39.57376  3.26%   128  138s
  1453   993   40.60322   80  216   40.90786   39.57376  3.26%   128  149s
  1455   995   40.60322   69  245   40.90786   39.57376  3.26%   128  158s
  1457   996   40.88680   21  172   40.90786   39.57376  3.26%   127  168s
  1459   999   40.54680   45  592   40.90786   39.57376  3.26%   153  170s
  1461  1000   40.88680    9   79   40.90786   39.57376  3.26%   153  180s
  1466  1004   40.90638   14  365   40.90786   39.57376  3.26%   152  190s
  1469  1006   40.54680   59  453   40.90786   39.57376  3.26%   152  196s
  1471  1007   40.54680   21  283   40.90786   39.57376  3.26%   152  206s
  1542  1027     cutoff   32        40.90786   39.74693  2.84%   185  210s
H 1671  1018                      40.8225400   39.74693  2.63%   176  212s
H 1709   975                      40.7724800   39.74693  2.52%   173  214s
  1736   994   40.54680   55  224   40.77248   39.74693  2.52%   171  215s
H 1741   946                      40.7393400   39.74693  2.44%   171  215s
H 1758   897                      40.7377600   39.74693  2.43%   170  215s
  2320  1186   40.54680  133  166   40.73776   39.74693  2.43%   136  220s
H 2327  1093                      40.5771800   39.74693  2.05%   136  220s
H 2684  1243                      40.5728400   39.74693  2.04%   123  223s
  2908  2010   40.54680   51  157   40.57284   40.54680  0.06%   116  230s
  4373  2138   40.54680   52  126   40.57284   40.54680  0.06%  85.4  239s
  5199  2210   40.54680  131   44   40.57284   40.54680  0.06%  75.5  244s
  5777  2326 infeasible  147        40.57284   40.54680  0.06%  70.7  251s
  6801  2463   40.54680  148   40   40.57284   40.54680  0.06%  63.8  257s
  7642  2681   40.54680   66   98   40.57284   40.54680  0.06%  59.9  263s
  8511  2901   40.54680  106  104   40.57284   40.54680  0.06%  56.7  268s
  9197  2953 infeasible  140        40.57284   40.54680  0.06%  54.6  275s
 10161  2933   40.54680  142   46   40.57284   40.54680  0.06%  52.1  284s
 11209  2931 infeasible  138        40.57284   40.54680  0.06%  49.9  293s
 12339  2902   40.54680  140   28   40.57284   40.54680  0.06%  47.7  303s
 13544  3004 infeasible  149        40.57284   40.54680  0.06%  46.0  313s
 14806  2989   40.54680  141   34   40.57284   40.54680  0.06%  44.7  327s
 16199  2958 infeasible  154        40.57284   40.54680  0.06%  43.5  335s
 17206  2965   40.54680  140   48   40.57284   40.54680  0.06%  42.6  340s
 17249  3246   40.54680  133   44   40.57284   40.54680  0.06%  42.5  350s
 18592  3317   40.54680  142   56   40.57284   40.54680  0.06%  40.9  360s
 19821  3228 infeasible  142        40.57284   40.54680  0.06%  39.8  372s
 21060  3205 infeasible  147        40.57284   40.54680  0.06%  38.9  384s
 21706  3205 infeasible  134        40.57284   40.54680  0.06%  38.5  385s
 22409  3208   40.54680  131   60   40.57284   40.54680  0.06%  38.1  396s
 23796  3209   40.54680  135   57   40.57284   40.54680  0.06%  37.1  408s
 25087  3211 infeasible  137        40.57284   40.54680  0.06%  36.5  419s
 25558  3211   40.54680  140   44   40.57284   40.54680  0.06%  36.4  420s
 26379  3246   40.54680  141   46   40.57284   40.54680  0.06%  36.0  431s
 27620  3258   40.54680  145   36   40.57284   40.54680  0.06%  35.6  442s
 28926  3277 infeasible  146        40.57284   40.54680  0.06%  35.2  453s
 30187  3304 infeasible  126        40.57284   40.54680  0.06%  34.8  464s
 31171  3304   40.54680  147   29   40.57284   40.54680  0.06%  34.5  465s
 31551  3306   40.54680   86   81   40.57284   40.54680  0.06%  34.4  479s
 31552  3307   40.54680  124  325   40.57284   40.54680  0.06%  34.4  480s
 31553  3308   40.54680  173  812   40.57284   40.54680  0.06%  34.4  485s
 31554  3308   40.54680  136  210   40.57284   40.54680  0.06%  34.4  491s
 31555  3309   40.54680   57  307   40.57284   40.54680  0.06%  34.4  496s
 31557  3310   40.54680   74  198   40.57284   40.54680  0.06%  34.4  501s
 31559  3312   40.54680   56  318   40.57284   40.54680  0.06%  34.4  511s
 31561  3313   40.54680  100  199   40.57284   40.54680  0.06%  34.4  520s
 31563  3314   40.54680  115  211   40.57284   40.54680  0.06%  34.4  532s
 31564  3315   40.54680   62  131   40.57284   40.54680  0.06%  34.4  549s
 31565  3316   40.54680  144  173   40.57284   40.54680  0.06%  34.4  564s
 31566  3316   40.54680   52   93   40.57284   40.54680  0.06%  34.4  585s
 31567  3317   40.54680   53   93   40.57284   40.54680  0.06%  34.3  592s
 31575  3318   40.54680   38  186   40.57284   40.54680  0.06%  39.2  595s
 31602  3328   40.54680   43  121   40.57284   40.54680  0.06%  39.6  600s
 31919  3492   40.54680   62  192   40.57284   40.54680  0.06%  39.9  605s
 32220  3589   40.54680   82  172   40.57284   40.54680  0.06%  40.1  610s
 32440  3631   40.54680   96  136   40.57284   40.54680  0.06%  40.2  616s
 32962  3857   40.54680  154   84   40.57284   40.54680  0.06%  40.2  620s
 34024  4184     cutoff   71        40.57284   40.54680  0.06%  39.8  625s
 34577  5060   40.54680  195   68   40.57284   40.54680  0.06%  39.5  632s
 35944  5212   40.56882  260  102   40.57284   40.54680  0.06%  38.8  637s
 37039  5082   40.54680  269   77   40.57284   40.54680  0.06%  38.3  643s
 38038  4869   40.54680  212   67   40.57284   40.54680  0.06%  38.2  648s
 38895  4956   40.54946  202   75   40.57284   40.54680  0.06%  38.2  655s
 40064  4694     cutoff  232        40.57284   40.54680  0.06%  38.2  662s
 41235  4662     cutoff  189        40.57284   40.54680  0.06%  38.2  670s
 42593  5323   40.54680  180   92   40.57284   40.54680  0.06%  38.1  677s
 44121  5679   40.54680  246   77   40.57284   40.54680  0.06%  37.7  686s
 45604  5899     cutoff  298        40.57284   40.54680  0.06%  37.6  695s
 46803  6303     cutoff  269        40.57284   40.54680  0.06%  37.8  706s
 48607  6440   40.54810  197   90   40.57284   40.54680  0.06%  37.8  714s
 49724  6598     cutoff  255        40.57284   40.54680  0.06%  38.0  721s
 50984  6809   40.54680  221   93   40.57284   40.54680  0.06%  38.1  729s
 52200  6815     cutoff  290        40.57284   40.54680  0.06%  38.2  733s
 52245  7030     cutoff  271        40.57284   40.54680  0.06%  38.3  743s
 53717  7260   40.54680  214   93   40.57284   40.54680  0.06%  38.5  753s
 55155  7522     cutoff  272        40.57284   40.54680  0.06%  38.7  762s
 56467  7689   40.57262  188   87   40.57284   40.54680  0.06%  38.9  772s
 57814  7764   40.54705  177  108   40.57284   40.54680  0.06%  39.1  781s
 58371  8004   40.55521  187   96   40.57284   40.54680  0.06%  39.1  790s
 59661  8305   40.55190  243   84   40.57284   40.54680  0.06%  39.3  801s
 61088  8470   40.55453  207  147   40.57284   40.54680  0.06%  39.3  810s
 62190  8471   40.54767  221  592   40.57284   40.54680  0.06%  39.4  815s
 62192  8472   40.54680  206   80   40.57284   40.54680  0.06%  39.4  823s
 62194  8474   40.54680  170  114   40.57284   40.54680  0.06%  39.4  827s
 62196  8475   40.54680  194  191   40.57284   40.54680  0.06%  39.4  835s
 62198  8476   40.55186  207  306   40.57284   40.54680  0.06%  39.4  847s
 62200  8478   40.54680  231  283   40.57284   40.54680  0.06%  39.4  857s
 62202  8479   40.54680  216  281   40.57284   40.54680  0.06%  39.4  874s
 62204  8480   40.56605  211  202   40.57284   40.54680  0.06%  39.4  884s
 62206  8485   40.54680   49  247   40.57284   40.54680  0.06%  40.1  885s
 62312  8484   40.54680   61  116   40.57284   40.54680  0.06%  40.6  890s
 62617  8544   40.54680   74   96   40.57284   40.54680  0.06%  40.8  895s
 63086  8759   40.54680  117  104   40.57284   40.54680  0.06%  41.0  900s
 63903  9082   40.54680  195   84   40.57284   40.54680  0.06%  40.8  905s
 64449  9165   40.54680  193   86   40.57284   40.54680  0.06%  40.7  910s
 65310  9570   40.54680  206   66   40.57284   40.54680  0.06%  40.6  920s
 66194  9534   40.54680  121  289   40.57284   40.54680  0.06%  40.5  926s
 67107  9356     cutoff  175        40.57284   40.54680  0.06%  40.3  932s
 67848  9282   40.54680   94  156   40.57284   40.54680  0.06%  40.3  936s
 68339  9473   40.54680  105  210   40.57284   40.54680  0.06%  40.3  941s
 69101  9688   40.54680  145  178   40.57284   40.54680  0.06%  40.2  948s
 70403  9458   40.54680  218  136   40.57284   40.54680  0.06%  39.9  956s
 71626  9171   40.54680  196   84   40.57284   40.54680  0.06%  39.7  965s
 72823  9024 infeasible  197        40.57284   40.54680  0.06%  39.7  975s
 74266  8915   40.54680   93  249   40.57284   40.54680  0.06%  39.4  983s
 75243  9234   40.54680  157  212   40.57284   40.54680  0.06%  39.3  991s
 76765  9049   40.54680  275  142   40.57284   40.54680  0.06%  39.1 1003s
 78600  9336   40.54680  192   78   40.57284   40.54680  0.06%  38.8 1009s
 79839  9670   40.54680  116  142   40.57284   40.54680  0.06%  38.6 1015s
 81266  9539   40.54680  193  126   40.57284   40.54680  0.06%  38.4 1022s
 82733  9256 infeasible  258        40.57284   40.54680  0.06%  38.0 1032s
 84195  9029   40.54680   97  120   40.57284   40.54680  0.06%  37.7 1042s
 85836  8665   40.54680  274   52   40.57284   40.54680  0.06%  37.4 1051s
 87507  8130   40.54680  271   36   40.57284   40.54680  0.06%  37.0 1062s
 89045  8201     cutoff  261        40.57284   40.54680  0.06%  36.7 1070s
 90298  8250     cutoff  249        40.57284   40.54680  0.06%  36.5 1075s
 90365  8508     cutoff  251        40.57284   40.54680  0.06%  36.5 1081s
 91556  8509   40.54680  159  592   40.57284   40.54680  0.06%  36.3 1085s
 91558  8510   40.54680  154  123   40.57284   40.54680  0.06%  36.3 1095s
 91560  8512   40.54680  138  345   40.57284   40.54680  0.06%  36.3 1104s
 91562  8513   40.54680  137  341   40.57284   40.54680  0.06%  36.3 1115s
 91564  8514   40.54680  215  321   40.57284   40.54680  0.06%  36.3 1127s
 91566  8516   40.54680  147  327   40.57284   40.54680  0.06%  36.3 1147s
 91568  8517   40.54680  198  327   40.57284   40.54680  0.06%  36.3 1177s
 91570  8518   40.54680  192  324   40.57284   40.54680  0.06%  36.3 1211s
 91572  8520   40.54680  186  250   40.57284   40.54680  0.06%  36.3 1222s
 91602  8527   40.54680   69  191   40.57284   40.54680  0.06%  37.0 1225s
 91818  8534   40.54680   85  108   40.57284   40.54680  0.06%  37.3 1230s
 92161  8624   40.54680  106  179   40.57284   40.54680  0.06%  37.4 1235s
 92880  8902   40.54680  151  110   40.57284   40.54680  0.06%  37.5 1240s
 93601  9094   40.54680  192  102   40.57284   40.54680  0.06%  37.6 1245s
 94311  9265   40.54680  109  208   40.57284   40.54680  0.06%  37.6 1250s
 95238  9153   40.54680  186  244   40.57284   40.54680  0.06%  37.5 1255s
 95804  9204   40.54680  166   57   40.57284   40.54680  0.06%  37.4 1262s
 96349  9179   40.54680  172   56   40.57284   40.54680  0.06%  37.3 1273s
 97620  8833   40.54680  170   63   40.57284   40.54680  0.06%  37.2 1284s
 98926  8466     cutoff  168        40.57284   40.54680  0.06%  37.0 1292s
 99753  8889   40.54680  208   74   40.57284   40.54680  0.06%  36.9 1299s
 101020  8852   40.54680  228   68   40.57284   40.54680  0.06%  36.7 1308s
 102351  8658   40.54680  258   42   40.57284   40.54680  0.06%  36.6 1316s
 103202  8660   40.54680  220   82   40.57284   40.54680  0.06%  36.5 1324s
 104320  8342   40.54680  211   83   40.57284   40.54680  0.06%  36.5 1336s
 105638  8143 infeasible  218        40.57284   40.54680  0.06%  36.6 1348s
 107106  7824   40.54680  232   54   40.57284   40.54680  0.06%  36.5 1364s
 108982  7307   40.54680  183   66   40.57284   40.54680  0.06%  36.4 1375s
 110476  6862   40.54680  214   86   40.57284   40.54680  0.06%  36.2 1385s
 111839  6365     cutoff  276        40.57284   40.54680  0.06%  36.1 1395s
 113208  5982 infeasible  267        40.57284   40.54680  0.06%  35.9 1404s
 114550  5535   40.54680  264   36   40.57284   40.54680  0.06%  35.8 1413s
 115957  5043   40.54680  224   86   40.57284   40.54680  0.06%  35.6 1426s
 117589  4562   40.54680  241   54   40.57284   40.54680  0.06%  35.3 1438s
 119117  4523 infeasible  221        40.57284   40.54680  0.06%  35.1 1448s
 120362  4576 infeasible  221        40.57284   40.54680  0.06%  35.0 1457s
 121653  4620   40.54680  221   82   40.57284   40.54680  0.06%  34.9 1466s
 122954  4647   40.54680  232   64   40.57284   40.54680  0.06%  34.7 1481s
 124711  4745   40.54680  233   50   40.57284   40.54680  0.06%  34.5 1492s
 126484  4645   40.54680  235   79   40.57284   40.54680  0.06%  34.3 1502s
 127697  4636   40.54680  233   60   40.57284   40.54680  0.06%  34.2 1510s
 128794  4678   40.54680  226   68   40.57284   40.54680  0.06%  34.1 1517s
 129916  4680   40.54680  253   62   40.57284   40.54680  0.06%  34.1 1525s
 131085  4764   40.54680  229   92   40.57284   40.54680  0.06%  34.1 1532s
 132178  4825   40.54680  230   77   40.57284   40.54680  0.06%  34.1 1540s
 133373  4835   40.54680  231   92   40.57284   40.54680  0.06%  34.0 1547s
 134559  4895   40.54680  222   76   40.57284   40.54680  0.06%  34.0 1555s
 135656  4944   40.54680  231   62   40.57284   40.54680  0.06%  34.0 1562s
 136959  4967     cutoff  228        40.57284   40.54680  0.06%  33.9 1571s
 138252  5024   40.54680  237   72   40.57284   40.54680  0.06%  33.8 1580s
 139678  5186   40.54680  258   90   40.57284   40.54680  0.06%  33.8 1588s
 140645  5249   40.54680  255   72   40.57284   40.54680  0.06%  33.8 1593s
 141388  5206 infeasible  262        40.57284   40.54680  0.06%  33.8 1603s
 142539  5360   40.54680  242   70   40.57284   40.54680  0.06%  33.9 1617s
 144375  5453 infeasible  249        40.57284   40.54680  0.06%  33.8 1629s
 146005  5504   40.54680  240   54   40.57284   40.54680  0.06%  33.7 1642s
 147837  5447   40.54680  243   48   40.57284   40.54680  0.06%  33.6 1657s
 149728  5482     cutoff  232        40.57284   40.54680  0.06%  33.4 1668s
 151340  5553   40.54680  254   50   40.57284   40.54680  0.06%  33.3 1678s
 152855  5586   40.54680  245   56   40.57284   40.54680  0.06%  33.2 1690s
 154555  5567   40.54680  235   60   40.57284   40.54680  0.06%  33.1 1698s
 155757  5441   40.54680  233   50   40.57284   40.54680  0.06%  33.0 1706s
 156910  5338 infeasible  233        40.57284   40.54680  0.06%  33.0 1715s
 158171  5441 infeasible  181        40.57284   40.54680  0.06%  32.9 1724s
 159340  5466 infeasible  230        40.57284   40.54680  0.06%  32.9 1732s
 160549  5531     cutoff  215        40.57284   40.54680  0.06%  32.9 1741s
 161793  5601   40.54680  240   64   40.57284   40.54680  0.06%  32.8 1749s
 162939  5656     cutoff  233        40.57284   40.54680  0.06%  32.8 1757s
 164174  5682   40.54680  223   63   40.57284   40.54680  0.06%  32.8 1765s
 165400  5689 infeasible  243        40.57284   40.54680  0.06%  32.8 1774s
 166588  5776   40.54680  168   68   40.57284   40.54680  0.06%  32.8 1782s
 167656  5780   40.54680  180   50   40.57284   40.54680  0.06%  32.8 1792s
 169066  5886   40.54680  174   66   40.57284   40.54680  0.06%  32.8 1800s
 170227  5981   40.54680  180   78   40.57284   40.54680  0.06%  32.8 1809s
 171296  6067 infeasible  183        40.57284   40.54680  0.06%  32.8 1818s
 172510  6111   40.54680  179   95   40.57284   40.54680  0.06%  32.8 1826s
 173591  6214   40.54680  162   72   40.57284   40.54680  0.06%  32.7 1835s
 174822  6322   40.54680  176   58   40.57284   40.54680  0.06%  32.8 1844s
 176020  6349   40.54680  159   72   40.57284   40.54680  0.06%  32.8 1849s
 176462  6380   40.54680  182   63   40.57284   40.54680  0.06%  32.8 1860s
 177939  6459   40.54680  239   68   40.57284   40.54680  0.06%  32.8 1871s
 179422  6592   40.54680  174   73   40.57284   40.54680  0.06%  32.8 1883s
 181058  6787 infeasible  248        40.57284   40.54680  0.06%  32.8 1898s
 183000  6764     cutoff  219        40.57284   40.54680  0.06%  32.7 1911s
 184452  6744 infeasible  168        40.57284   40.54680  0.06%  32.6 1921s
 185628  6815   40.54680  172   68   40.57284   40.54680  0.06%  32.6 1930s
 186862  6835 infeasible  235        40.57284   40.54680  0.06%  32.6 1940s
 188338  6885     cutoff  235        40.57284   40.54680  0.06%  32.6 1950s
 189619  6958     cutoff  174        40.57284   40.54680  0.06%  32.6 1960s
 191002  7104     cutoff  184        40.57284   40.54680  0.06%  32.6 1970s
 192576  7061   40.54680  182   60   40.57284   40.54680  0.06%  32.5 1987s
 194741  7176   40.54680  188   74   40.57284   40.54680  0.06%  32.3 1996s
 195963  7188   40.54680  233   68   40.57284   40.54680  0.06%  32.3 2005s
 197200  7240 infeasible  172        40.57284   40.54680  0.06%  32.2 2013s
 198311  7285 infeasible  178        40.57284   40.54680  0.06%  32.2 2026s
 199849  7334   40.54680  231   47   40.57284   40.54680  0.06%  32.2 2036s
 201221  7390   40.54680  170   51   40.57284   40.54680  0.06%  32.1 2047s
 202877  7420   40.54680  195   66   40.57284   40.54680  0.06%  32.0 2054s
 203921  7527   40.54680  182   53   40.57284   40.54680  0.06%  32.0 2065s
 205751  7605 infeasible  180        40.57284   40.54680  0.06%  31.9 2073s
 206955  7596 infeasible  168        40.57284   40.54680  0.06%  31.9 2084s
 208282  7714   40.54680  168   85   40.57284   40.54680  0.06%  31.9 2088s
 209055  7657 infeasible  183        40.57284   40.54680  0.06%  31.8 2096s
 210112  7700 infeasible  239        40.57284   40.54680  0.06%  31.8 2103s
 211188  7628   40.54680  240   70   40.57284   40.54680  0.06%  31.8 2113s
 212607  7661 infeasible  171        40.57284   40.54680  0.06%  31.8 2121s
 213756  7702 infeasible  196        40.57284   40.54680  0.06%  31.8 2131s
 215203  7720   40.54680  167   68   40.57284   40.54680  0.06%  31.7 2144s
 217368  7730   40.54680  172   69   40.57284   40.54680  0.06%  31.6 2150s
 218168  7705 infeasible  170        40.57284   40.54680  0.06%  31.6 2157s
 219049  7720 infeasible  171        40.57284   40.54680  0.06%  31.6 2164s
 220113  7984   40.54680  178   68   40.57284   40.54680  0.06%  31.6 2178s
 222777  7948     cutoff  190        40.57284   40.54680  0.06%  31.4 2185s
 223666  8004   40.54680  173   57   40.57284   40.54680  0.06%  31.4 2191s
 224515  8022   40.54680  177   50   40.57284   40.54680  0.06%  31.4 2197s
 225403  7992     cutoff  187        40.57284   40.54680  0.06%  31.4 2204s
 226407  8001   40.54680  173   74   40.57284   40.54680  0.06%  31.4 2208s
 226974  7949   40.54680  220   76   40.57284   40.54680  0.06%  31.4 2215s
 227904  7903 infeasible  164        40.57284   40.54680  0.06%  31.4 2223s
 229033  7983   40.54680  181   53   40.57284   40.54680  0.06%  31.4 2231s
 230277  8156   40.54680  173   89   40.57284   40.54680  0.06%  31.4 2251s
 233268  8064 infeasible  223        40.57284   40.54680  0.06%  31.2 2256s
 233753  8066 infeasible  175        40.57284   40.54680  0.06%  31.2 2260s
 234401  8056   40.54680  173   61   40.57284   40.54680  0.06%  31.2 2265s
 235110  8027   40.54680  178   78   40.57284   40.54680  0.06%  31.3 2271s
 235942  8004 infeasible  175        40.57284   40.54680  0.06%  31.3 2276s
 236724  7955   40.54680  198   60   40.57284   40.54680  0.06%  31.3 2283s
 237629  7952   40.54680  170   66   40.57284   40.54680  0.06%  31.3 2289s
 238509  7918 infeasible  173        40.57284   40.54680  0.06%  31.3 2297s
 239451  7943 infeasible  176        40.57284   40.54680  0.06%  31.4 2305s
 240537  7939   40.54680  161   76   40.57284   40.54680  0.06%  31.4 2313s
 241637  8027   40.54680  178   48   40.57284   40.54680  0.06%  31.4 2325s
 243526  8012   40.54680  171   71   40.57284   40.54680  0.06%  31.4 2332s
 244404  8036 infeasible  179        40.57284   40.54680  0.06%  31.4 2338s
 245348  8014   40.54680  176   48   40.57284   40.54680  0.06%  31.4 2347s
 246409  8264   40.54680  175   72   40.57284   40.54680  0.06%  31.5 2377s
 250256  8246 infeasible  174        40.57284   40.54680  0.06%  31.2 2382s
 250820  8210   40.54680  171   99   40.57284   40.54680  0.06%  31.2 2387s
 251501  8164   40.54680  171   77   40.57284   40.54680  0.06%  31.3 2393s
 252427  8127   40.54680  170   73   40.57284   40.54680  0.06%  31.3 2399s
 253287  8105 infeasible  166        40.57284   40.54680  0.06%  31.3 2405s
 254106  8115 infeasible  229        40.57284   40.54680  0.06%  31.3 2411s
 254976  8121   40.54680  168   72   40.57284   40.54680  0.06%  31.3 2418s
 255946  8131   40.54680  176   54   40.57284   40.54680  0.06%  31.4 2424s
 256986  8469   40.54680  167   92   40.57284   40.54680  0.06%  31.4 2440s
 259706  8495 infeasible  177        40.57284   40.54680  0.06%  31.2 2447s
 260580  8505 infeasible  165        40.57284   40.54680  0.06%  31.2 2455s
 261740  8499 infeasible  173        40.57284   40.54680  0.06%  31.2 2464s
 262908  8456   40.54680  167   74   40.57284   40.54680  0.06%  31.3 2471s
 263615  8473 infeasible  171        40.57284   40.54680  0.06%  31.3 2483s
 265177  8494   40.54680  232   74   40.57284   40.54680  0.06%  31.3 2496s
 266778  8791   40.54680  176   70   40.57284   40.54680  0.06%  31.3 2527s
 270870  8794     cutoff  176        40.57284   40.54680  0.06%  31.0 2534s
 271757  8813     cutoff  181        40.57284   40.54680  0.06%  31.1 2542s
 272868  8823   40.54680  224   64   40.57284   40.54680  0.06%  31.1 2549s
 273895  8864 infeasible  171        40.57284   40.54680  0.06%  31.1 2556s
 274985  8899 infeasible  174        40.57284   40.54680  0.06%  31.1 2564s
 276185  9247 infeasible  176        40.57284   40.54680  0.06%  31.1 2584s
 277953  9247   40.54680  174   73   40.57284   40.54680  0.06%  30.9 2585s
 280191  9246     cutoff  233        40.57284   40.54680  0.06%  30.8 2592s
 280726  9283 infeasible  261        40.57284   40.54680  0.06%  30.8 2596s
 281319  9385 infeasible  174        40.57284   40.54680  0.06%  30.9 2600s
 282052  9554   40.54680  166   79   40.57284   40.54680  0.06%  30.8 2605s
 282879  9474     cutoff  233        40.57284   40.54680  0.06%  30.8 2614s
 283950  9560   40.54680  237   70   40.57284   40.54680  0.06%  30.8 2622s
 285191  9651     cutoff  233        40.57284   40.54680  0.06%  30.8 2627s
 286077 10136   40.54680  190   94   40.57284   40.54680  0.06%  30.8 2641s
 288264 10215   40.54680  151   52   40.57284   40.54680  0.06%  30.6 2649s
 289349 10002   40.54680  198   46   40.57284   40.54680  0.06%  30.6 2657s
 290530 10028 infeasible  200        40.57284   40.54680  0.06%  30.6 2664s
 291603 10042   40.54680  224   57   40.57284   40.54680  0.06%  30.6 2675s
 293045 10142   40.54680  154   82   40.57284   40.54680  0.06%  30.6 2682s
 294083 10309 infeasible  257        40.57284   40.54680  0.06%  30.6 2693s
 295575 10798   40.54680  189   70   40.57284   40.54680  0.06%  30.6 2713s
 298715 10769     cutoff  195        40.57284   40.54680  0.06%  30.4 2721s
 299887 10680     cutoff  261        40.57284   40.54680  0.06%  30.3 2730s
 301006 10657     cutoff  185        40.57284   40.54680  0.06%  30.3 2738s
 302110 10901   40.54680  257   71   40.57284   40.54680  0.06%  30.3 2746s
 303384 11078   40.54680  228   78   40.57284   40.54680  0.06%  30.3 2755s
 304837 10899 infeasible  220        40.57284   40.54680  0.06%  30.2 2765s
 306022 10883 infeasible  198        40.57284   40.54680  0.06%  30.2 2773s
 307123 10781   40.54680  181   40   40.57284   40.54680  0.06%  30.2 2781s
 308109 10815 infeasible  197        40.57284   40.54680  0.06%  30.2 2789s
 309164 10868   40.54680  180   47   40.57284   40.54680  0.06%  30.2 2799s
 310339 10935   40.54680  222   77   40.57284   40.54680  0.06%  30.2 2811s
 311751 11053 infeasible  179        40.57284   40.54680  0.06%  30.2 2820s
 312933 11083   40.54680  184   34   40.57284   40.54680  0.06%  30.2 2830s
 313983 11190     cutoff  185        40.57284   40.54680  0.06%  30.3 2840s
 315297 11160 infeasible  191        40.57284   40.54680  0.06%  30.3 2852s
 316807 11217 infeasible  190        40.57284   40.54680  0.06%  30.3 2859s
 317764 11224     cutoff  192        40.57284   40.54680  0.06%  30.3 2870s
 319280 11178 infeasible  190        40.57284   40.54680  0.06%  30.2 2881s
 320666 11191   40.54680  194   44   40.57284   40.54680  0.06%  30.2 2892s
 322059 11203   40.54680  178   39   40.57284   40.54680  0.06%  30.2 2903s
 323465 11369 infeasible  187        40.57284   40.54680  0.06%  30.2 2915s
 325035 11360 infeasible  189        40.57284   40.54680  0.06%  30.2 2926s
 326309 11340   40.54680  179   57   40.57284   40.54680  0.06%  30.2 2933s
 327207 11340   40.54680  194   28   40.57284   40.54680  0.06%  30.2 2947s
 328997 11305     cutoff  180        40.57284   40.54680  0.06%  30.2 2957s
 330395 11178     cutoff  178        40.57284   40.54680  0.06%  30.1 2968s
 331735 11107 infeasible  187        40.57284   40.54680  0.06%  30.2 2978s
 333132 11147   40.54680  179   46   40.57284   40.54680  0.06%  30.1 2988s
 334420 11213 infeasible  223        40.57284   40.54680  0.06%  30.1 2997s
 335726 11178 infeasible  180        40.57284   40.54680  0.06%  30.1 3005s
 336821 11293 infeasible  262        40.57284   40.54680  0.06%  30.2 3015s
 338189 11382   40.54680  213   54   40.57284   40.54680  0.06%  30.2 3025s
 339723 11370     cutoff  221        40.57284   40.54680  0.06%  30.1 3035s
 341022 11460   40.54680  213   58   40.57284   40.54680  0.06%  30.1 3047s
 342595 11393 infeasible  221        40.57284   40.54680  0.06%  30.1 3058s
 343915 11369 infeasible  217        40.57284   40.54680  0.06%  30.1 3068s
 344935 11502     cutoff  198        40.57284   40.54680  0.06%  30.1 3077s
 345969 11510     cutoff  199        40.57284   40.54680  0.06%  30.1 3087s
 347152 11545   40.54680  154   79   40.57284   40.54680  0.06%  30.2 3097s
 348388 11646     cutoff  183        40.57284   40.54680  0.06%  30.2 3103s
 349324 11753   40.54680  182   56   40.57284   40.54680  0.06%  30.2 3112s
 350634 11869     cutoff  194        40.57284   40.54680  0.06%  30.2 3123s
 351974 12150   40.54680  166   62   40.57284   40.54680  0.06%  30.2 3132s
 353387 12428     cutoff  180        40.57284   40.54680  0.06%  30.2 3144s
 355219 12485   40.54680  233   44   40.57284   40.54680  0.06%  30.2 3150s
 355946 12561   40.54680  226   64   40.57284   40.54680  0.06%  30.1 3173s
 358565 12650 infeasible  187        40.57284   40.54680  0.06%  30.1 3185s
 360094 12711   40.54680  214   62   40.57284   40.54680  0.06%  30.1 3196s
 361685 12581 infeasible  179        40.57284   40.54680  0.06%  30.0 3208s
 363185 12545   40.54680  235   54   40.57284   40.54680  0.06%  30.0 3219s
 364650 12421     cutoff  219        40.57284   40.54680  0.06%  30.0 3231s
 365972 12470   40.54680  199   48   40.57284   40.54680  0.06%  30.0 3241s
 367274 12592 infeasible  172        40.57284   40.54680  0.06%  29.9 3249s
 368582 12675 infeasible  178        40.57284   40.54680  0.06%  29.9 3258s
 370006 12753   40.54680  177   46   40.57284   40.54680  0.06%  29.9 3268s
 371372 12698   40.54680  187   50   40.57284   40.54680  0.06%  29.9 3278s
 372575 12830 infeasible  175        40.57284   40.54680  0.06%  29.9 3286s
 373686 12991   40.54680  202   52   40.57284   40.54680  0.06%  29.9 3295s
 375022 13030   40.54680  195   56   40.57284   40.54680  0.06%  29.9 3306s
 376397 13181 infeasible  184        40.57284   40.54680  0.06%  29.9 3316s
 377845 13346   40.54680  189   48   40.57284   40.54680  0.06%  29.9 3326s
 379397 13342   40.54680  191   40   40.57284   40.54680  0.06%  29.9 3337s
 380952 13465   40.54680  189   62   40.57284   40.54680  0.06%  29.9 3346s
 382215 13536   40.54680  191   61   40.57284   40.54680  0.06%  29.9 3355s
 383440 13531 infeasible  179        40.57284   40.54680  0.06%  29.9 3364s
 384588 13519 infeasible  185        40.57284   40.54680  0.06%  30.0 3374s
 385806 13573   40.54680  188   48   40.57284   40.54680  0.06%  30.0 3384s
 387152 13539   40.54680  185   50   40.57284   40.54680  0.06%  30.0 3393s
 388263 13574   40.54680  180   56   40.57284   40.54680  0.06%  30.0 3403s
 389568 13563   40.54680  181   55   40.57284   40.54680  0.06%  30.0 3414s
 390935 13606 infeasible  180        40.57284   40.54680  0.06%  30.1 3425s
 392440 13568     cutoff  178        40.57284   40.54680  0.06%  30.1 3436s
 393795 13691 infeasible  190        40.57284   40.54680  0.06%  30.1 3446s
 395131 13786 infeasible  193        40.57284   40.54680  0.06%  30.1 3459s
 395922 13786 infeasible  172        40.57284   40.54680  0.06%  30.1 3460s
 396727 13802 infeasible  175        40.57284   40.54680  0.06%  30.1 3472s
 398213 13840 infeasible  171        40.57284   40.54680  0.06%  30.1 3484s
 399617 13960   40.54680  179   64   40.57284   40.54680  0.06%  30.1 3495s
 401191 14124   40.54680  181   66   40.57284   40.54680  0.06%  30.1 3508s
 402935 14119   40.54680  188   45   40.57284   40.54680  0.06%  30.0 3527s
 402956 14471   40.54680  189   47   40.57284   40.54680  0.06%  30.0 3600s

Cutting planes:
  Learned: 138
  Gomory: 18
  Cover: 173
  Implied bound: 172
  Projected implied bound: 1
  Clique: 26
  MIR: 28
  StrongCG: 1
  Flow cover: 229
  Inf proof: 14
  Zero half: 9
  RLT: 21
  Relax-and-lift: 23

Explored 408820 nodes (12246915 simplex iterations) in 3603.06 seconds (1423.96 work units)
Thread count was 8 (of 24 available processors)

Solution count 10: 40.5728 40.5728 40.5772 ... 41.0915

Time limit reached
Best objective 4.057284000000e+01, best bound 4.054680000000e+01, gap 0.0642%
