
Gurobi 10.0.0 (win64) logging started Tue Jan 23 13:46:43 2024

Set parameter LogFile to value "C:/Users\Administrator\Documents\BNC_Repo\BNC_Tests\10_MIP_Results\n40m2\Instance_Class4_Parts40_Machines2_Instance1_logfileChe1021.txt"
Gurobi Optimizer version 10.0.0 build v10.0.0rc2 (win64)

CPU model: AMD EPYC 7513 32-Core Processor, instruction set [SSE2|AVX|AVX2]
Thread count: 24 physical cores, 24 logical processors, using up to 8 threads

Optimize a model with 88318 rows, 10001 columns and 467314 nonzeros
Model fingerprint: 0xbe40ab3e
Variable types: 3441 continuous, 6560 integer (6560 binary)
Coefficient statistics:
  Matrix range     [4e-06, 4e+02]
  Objective range  [1e+00, 1e+00]
  Bounds range     [1e+00, 1e+00]
  RHS range        [1e+00, 6e+02]
Presolve removed 41957 rows and 4271 columns
Presolve time: 1.59s
Presolved: 46361 rows, 5730 columns, 261796 nonzeros
Variable types: 160 continuous, 5570 integer (5490 binary)
Found heuristic solution: objective 608.9589400
Root relaxation presolved: 5730 rows, 52091 columns, 267526 nonzeros


Root simplex log...

Iteration    Objective       Primal Inf.    Dual Inf.      Time
       0      handle free variables                          6s
    1416    2.5214554e+02   0.000000e+00   0.000000e+00      7s
    1416    2.5214554e+02   0.000000e+00   0.000000e+00      7s

Use crossover to convert LP symmetric solution to basic solution...

Root crossover log...

       0 DPushes remaining with DInf 0.0000000e+00                 7s

      28 PPushes remaining with PInf 0.0000000e+00                 7s
       0 PPushes remaining with PInf 0.0000000e+00                 7s

  Push phase complete: Pinf 0.0000000e+00, Dinf 1.1004088e-13      7s


Root simplex log...

Iteration    Objective       Primal Inf.    Dual Inf.      Time
    1468    2.5214554e+02   0.000000e+00   0.000000e+00      7s
    1468    2.5214554e+02   0.000000e+00   0.000000e+00      7s
    1468    2.5214554e+02   0.000000e+00   0.000000e+00      7s

Root relaxation: objective 2.521455e+02, 1468 iterations, 0.75 seconds (0.85 work units)

    Nodes    |    Current Node    |     Objective Bounds      |     Work
 Expl Unexpl |  Obj  Depth IntInf | Incumbent    BestBd   Gap | It/Node Time

     0     0  252.14554    0  118  608.95894  252.14554  58.6%     -    8s
H    0     0                     584.3620400  252.14554  56.9%     -    9s
H    0     0                     544.7121000  252.14554  53.7%     -   10s
     0     0  252.14554    0  299  544.71210  252.14554  53.7%     -   20s
     0     0  252.14554    0  203  544.71210  252.14554  53.7%     -   20s
H    0     0                     421.3980400  252.14554  40.2%     -   21s
H    0     0                     404.7539000  252.14554  37.7%     -   21s
     0     0  252.14554    0  215  404.75390  252.14554  37.7%     -   21s
     0     0  252.14554    0  111  404.75390  252.14554  37.7%     -   25s
H    0     0                     388.0807400  252.14554  35.0%     -   25s
     0     0  252.14554    0  109  388.08074  252.14554  35.0%     -   25s
     0     0  252.14554    0   71  388.08074  252.14554  35.0%     -   31s
H    0     0                     315.8077000  252.14554  20.2%     -   32s
     0     0  252.14554    0   83  315.80770  252.14554  20.2%     -   32s
     0     0  252.14554    0   77  315.80770  252.14554  20.2%     -   40s
H    0     0                     294.4264400  252.14554  14.4%     -   41s
     0     0  252.14554    0  248  294.42644  252.14554  14.4%     -   41s
     0     0  252.14554    0  216  294.42644  252.14554  14.4%     -   41s
     0     0  252.14554    0  117  294.42644  252.14554  14.4%     -   41s
     0     0  252.14554    0   72  294.42644  252.14554  14.4%     -   45s
H    0     0                     291.6499200  252.14554  13.5%     -   46s
     0     0  252.14554    0  179  291.64992  252.14554  13.5%     -   47s
H    0     0                     285.5956100  252.14554  11.7%     -   48s
H    0     0                     283.3421200  252.14554  11.0%     -   48s
     0     0  252.14554    0  163  283.34212  252.14554  11.0%     -   48s
H    0     0                     281.3719800  252.14554  10.4%     -   50s
H    0     0                     278.7872200  252.14554  9.56%     -   50s
     0     0  252.14554    0   58  278.78722  252.14554  9.56%     -   50s
H    0     0                     273.9965200  252.14554  7.97%     -   50s
     0     0  252.14554    0   54  273.99652  252.14554  7.97%     -   51s
H    0     0                     273.6798000  252.14554  7.87%     -   52s
H    0     0                     266.5529200  252.14554  5.41%     -   53s
H    0     0                     263.0245000  252.14554  4.14%     -   53s
H    0     0                     261.6255400  252.14554  3.62%     -   53s
     0     0  252.14554    0   66  261.62554  252.14554  3.62%     -   53s
     0     0  252.14554    0  111  261.62554  252.14554  3.62%     -   53s
     0     0  252.14554    0  128  261.62554  252.14554  3.62%     -   54s
     0     0  252.14554    0  121  261.62554  252.14554  3.62%     -   54s
H    0     0                     258.0555400  252.14554  2.29%     -   55s
     0     0  252.14554    0   83  258.05554  252.14554  2.29%     -   57s
     0     0  252.14554    0  106  258.05554  252.14554  2.29%     -   57s
     0     0  252.14554    0  216  258.05554  252.14554  2.29%     -   58s
     0     0  252.14554    0  214  258.05554  252.14554  2.29%     -   58s
     0     0  252.14554    0   70  258.05554  252.14554  2.29%     -   62s
     0     0  252.14554    0  108  258.05554  252.14554  2.29%     -   62s
     0     0  252.14554    0  147  258.05554  252.14554  2.29%     -   63s
     0     0  252.14554    0  101  258.05554  252.14554  2.29%     -   66s
     0     0  252.14554    0  101  258.05554  252.14554  2.29%     -   66s
     0     0  252.14554    0  101  258.05554  252.14554  2.29%     -   72s
     0     0  252.14554    0  186  258.05554  252.14554  2.29%     -   74s
     0     0  252.14554    0  170  258.05554  252.14554  2.29%     -   74s
     0     0  252.14554    0  133  258.05554  252.14554  2.29%     -   77s
     0     0  252.14554    0  155  258.05554  252.14554  2.29%     -   77s
     0     0  252.14554    0   75  258.05554  252.14554  2.29%     -   80s
     0     0  252.14554    0   81  258.05554  252.14554  2.29%     -   80s
     0     0  252.14554    0   97  258.05554  252.14554  2.29%     -   82s
     0     0  252.14554    0  141  258.05554  252.14554  2.29%     -   83s
     0     0  252.14554    0  148  258.05554  252.14554  2.29%     -   83s
     0     0  252.14554    0   74  258.05554  252.14554  2.29%     -   84s
     0     0  252.14554    0  108  258.05554  252.14554  2.29%     -   84s
     0     0  252.14554    0   70  258.05554  252.14554  2.29%     -   86s
     0     0  252.14554    0   58  258.05554  252.14554  2.29%     -   86s
     0     2  252.14554    0   38  258.05554  252.14554  2.29%     -   88s
    14    21  252.14554    4  186  258.05554  252.14554  2.29%   304   90s
    65    58  252.14554    9  125  258.05554  252.14554  2.29%   369   96s
H   68    58                     256.8655400  252.14554  1.84%   352   96s
   142   192  252.14554   17   93  256.86554  252.14554  1.84%   221  100s
   222   292  253.21496   25  100  256.86554  252.14554  1.84%   166  109s
   390   538     cutoff   41       256.86554  252.14554  1.84%   120  118s
   845   699  252.14554   11  149  256.86554  252.14554  1.84%  84.3  126s
  1161   828     cutoff   46       256.86554  252.14554  1.84%  77.4  134s
  1417   981  255.71554   29  134  256.86554  252.14554  1.84%  82.4  142s
  1723   982  253.18254   23  117  256.86554  252.14554  1.84%  79.2  149s
  1725   983  252.14554   36  128  256.86554  252.14554  1.84%  79.2  162s
  1727   985  252.31554   12  155  256.86554  252.14554  1.84%  79.1  167s
  1728   985  254.01554   16   53  256.86554  252.14554  1.84%  79.0  176s
  1729   986  254.22214   20   76  256.86554  252.14554  1.84%  79.0  181s
  1730   987  252.31554   18   59  256.86554  252.14554  1.84%  78.9  189s
  1731   987  252.14554   12   73  256.86554  252.14554  1.84%  78.9  194s
  1732   988  252.31554   32   89  256.86554  252.14554  1.84%  78.8  198s
  1733   989  254.38870   13   84  256.86554  252.14554  1.84%  78.8  203s
  1734   989  252.27096   22   74  256.86554  252.14554  1.84%  78.7  208s
  1735   990  255.54554   37  109  256.86554  252.14554  1.84%  78.7  212s
  1736   991  252.16455   22   74  256.86554  252.14554  1.84%  78.7  223s
  1737   991  252.59661   31   87  256.86554  252.14554  1.84%  78.6  227s
  1738   992  252.31554   31   53  256.86554  252.14554  1.84%  78.6  233s
H 1738   942                     254.6955400  252.14554  1.00%  78.6  237s
  1740   943  254.69554   24   54  254.69554  252.14554  1.00%  78.5  246s
  1742   945  252.14554   10   54  254.69554  252.14554  1.00%  78.4  252s
  1743   945  252.51841   25   48  254.69554  252.14554  1.00%  78.3  255s
  1745   947  254.42649   33   55  254.69554  252.14554  1.00%  78.2  262s
  1747   949  254.01554   10  117  254.69554  252.14554  1.00%   100  265s
  1749   950  254.69554   48   41  254.69554  252.14554  1.00%   100  272s
  1752   952  252.14554   13   85  254.69554  252.14554  1.00%  99.4  280s
  1753   953  254.22899   26   88  254.69554  252.14554  1.00%  99.3  286s
  1754   954  254.69554   30   64  254.69554  252.14554  1.00%  99.3  296s
  1756   955  253.18254   23   54  254.69554  252.14554  1.00%  99.2  302s
  1757   956  254.69554   12   76  254.69554  252.14554  1.00%  99.1  305s
  1759   957  252.97202   32   50  254.69554  252.14554  1.00%  99.0  310s
  1761   958  254.69554   27   50  254.69554  252.14554  1.00%  98.9  315s
  1763   960  252.14554   20   55  254.69554  252.14554  1.00%  98.8  320s
  1765   961  252.14554   20   60  254.69554  252.14554  1.00%  98.6  326s
  1767   962  253.54058   23   52  254.69554  252.14554  1.00%  98.5  331s
  1769   964  254.50363   31   58  254.69554  252.14554  1.00%  98.4  337s
  1784   982  252.14554   31   90  254.69554  252.14554  1.00%   146  340s
  1883  1035  252.14554   38   75  254.69554  252.14554  1.00%   146  346s
  1895  1076  252.14554   38   80  254.69554  252.14554  1.00%   146  350s
H 1993   996                     254.6955398  252.14554  1.00%   141  354s
  2050  1029  252.14554   41   79  254.69554  252.14554  1.00%   138  357s
  2196  1021  252.14554   45  101  254.69554  252.14554  1.00%   135  360s
  2601  1013  254.31898   43   76  254.69554  252.14554  1.00%   127  368s
  2762   981  252.14554   46   81  254.69554  252.14554  1.00%   125  374s
H 2784   927                     254.6955398  252.14554  1.00%   125  374s
  2825   978     cutoff   53       254.69554  252.14554  1.00%   125  380s
  3157   959  254.19589   51   86  254.69554  252.14554  1.00%   122  388s
H 3481   807                     254.6955394  252.14554  1.00%   118  388s
  3603   939  252.14554   43   55  254.69554  252.14554  1.00%   116  395s
  4267   876  252.14554   44   74  254.69554  252.14554  1.00%   111  403s
  4896   927  254.54169   47   64  254.69554  252.14554  1.00%   108  414s
  5073  1044     cutoff   53       254.69554  252.14554  1.00%   107  422s
  5604  1240  252.14554   36   82  254.69554  252.14554  1.00%   106  434s
  5908  1240  254.31706   51   72  254.69554  252.14554  1.00%   106  435s
  6503  1302  253.55559   53  127  254.69554  252.14554  1.00%   102  443s
  6826  1488  253.50554   69   21  254.69554  252.14554  1.00%   102  454s
  7794  1818 infeasible   48       254.69554  252.14554  1.00%  99.4  466s
  8948  2014  252.14554   40   84  254.69554  252.14554  1.00%  95.6  476s
  9662  2047     cutoff   55       254.69554  252.14554  1.00%  97.5  496s
  9815  2137  253.19579   56   57  254.69554  252.14554  1.00%  97.8  504s
 10339  2292  254.16837   68   74  254.69554  252.14554  1.00%  98.4  515s
H11249  2236                     254.5255400  252.14554  0.94%  98.7  525s
 11378  2369     cutoff   43       254.52554  252.14554  0.94%  98.9  537s
 12189  2499  252.91991   43   73  254.52554  252.14554  0.94%   100  550s
 12980  2658  253.87270   57   95  254.52554  252.14554  0.94%   102  561s
 13631  2905  252.15802   50   93  254.52554  252.14554  0.94%   103  584s
 14486  2906  253.44183   46  117  254.52554  252.14554  0.94%   105  591s
 14488  2907  252.14554   38  149  254.52554  252.14554  0.94%   105  604s
 14489  2908  252.14554   40  151  254.52554  252.14554  0.94%   105  605s
 14491  2909  252.81798   45  147  254.52554  252.14554  0.94%   105  625s
 14492  2910  253.81111   56  127  254.52554  252.14554  0.94%   105  639s
 14493  2911  252.57468   48   78  254.52554  252.14554  0.94%   105  647s
 14494  2911  252.15803   47   67  254.52554  252.14554  0.94%   105  654s
 14495  2912  253.55507   55   84  254.52554  252.14554  0.94%   105  660s
 14496  2913  252.31554   59   95  254.52554  252.14554  0.94%   105  665s
 14497  2913  252.69894   36   55  254.52554  252.14554  0.94%   105  670s
 14499  2915  253.57123   67   59  254.52554  252.14554  0.94%   105  678s
 14500  2915  252.14554   61  115  254.52554  252.14554  0.94%   105  682s
 14501  2916  253.43958   45   32  254.52554  252.14554  0.94%   105  687s
 14502  2917  252.88451   47   49  254.52554  252.14554  0.94%   105  691s
 14503  2917  252.14554   56   48  254.52554  252.14554  0.94%   105  695s
 14505  2919  253.29930   42   56  254.52554  252.14554  0.94%   105  702s
 14506  2919  252.50587   57   60  254.52554  252.14554  0.94%   105  705s
 14508  2921  252.45351   56   54  254.52554  252.14554  0.94%   105  711s
 14540  2949  252.14554   44   61  254.52554  252.14554  0.94%   107  715s
 14618  2989  252.87128   48   83  254.52554  252.14554  0.94%   107  722s
 14679  3007  252.14554   51   64  254.52554  252.14554  0.94%   107  728s
 14698  3088  252.14554   53   71  254.52554  252.14554  0.94%   108  731s
 14831  3083  252.14554   59   64  254.52554  252.14554  0.94%   108  735s
 14956  3187  252.31587   67   70  254.52554  252.14554  0.94%   108  740s
 15259  3306  252.37836   59   47  254.52554  252.14554  0.94%   108  749s
 15849  3307 infeasible   77       254.52554  252.14554  0.94%   106  757s
 16488  3254  252.59134   67   49  254.52554  252.14554  0.94%   105  764s
 17023  3274 infeasible   68       254.52554  252.14554  0.94%   104  772s
 17704  3257  252.14554   50   55  254.52554  252.14554  0.94%   104  780s
 18428  3099  252.37301   64   52  254.52554  252.14554  0.94%   104  787s
 18741  3267     cutoff   68       254.52554  252.14554  0.94%   104  796s
 19440  3241  254.04582   65   65  254.52554  252.14554  0.94%   104  804s
 20253  2996  254.31821   82   62  254.52554  252.14554  0.94%   104  812s
 20338  3048  254.31821   83   64  254.52554  252.14554  0.94%   105  820s
 20601  3144     cutoff   70       254.52554  252.14554  0.94%   105  838s
 21158  3288  252.31554   94   27  254.52554  252.14554  0.94%   105  849s
 22047  3282  252.28937   88   53  254.52554  252.14554  0.94%   105  861s
 22857  3202  252.39061   71   74  254.52554  252.14554  0.94%   105  871s
 23361  3457  252.14554   63   36  254.52554  252.14554  0.94%   104  884s
 24637  3697  252.17661   73   73  254.52554  252.14554  0.94%   104  897s
 25868  3710  252.14554   60   54  254.52554  252.14554  0.94%   104  910s
 25982  3866  252.14554   61   32  254.52554  252.14554  0.94%   104  923s
 27076  4054  252.69107   69   69  254.52554  252.14554  0.94%   104  937s
 28127  4233     cutoff   76       254.52554  252.14554  0.94%   104  951s
 29057  4234  252.31554   69  117  254.52554  252.14554  0.94%   105  956s
 29059  4235  254.06391   73   47  254.52554  252.14554  0.94%   105  965s
 29062  4237  252.31554   70   74  254.52554  252.14554  0.94%   105  981s
 29063  4238  252.31554   67   86  254.52554  252.14554  0.94%   105  989s
 29064  4239  254.11921   67   88  254.52554  252.14554  0.94%   105  999s
 29065  4239  253.41572   71   99  254.52554  252.14554  0.94%   105 1004s
 29066  4240  252.19242   71   42  254.52554  252.14554  0.94%   105 1012s
 29067  4241  252.48004   77   66  254.52554  252.14554  0.94%   105 1016s
 29068  4241  252.31554   63   57  254.52554  252.14554  0.94%   105 1020s
 29070  4243  252.31554   61   63  254.52554  252.14554  0.94%   105 1029s
 29071  4243  252.31274   62   63  254.52554  252.14554  0.94%   105 1032s
 29087  4260  252.14554   53   55  254.52554  252.14554  0.94%   106 1035s
 29143  4296  252.14554   56   78  254.52554  252.14554  0.94%   106 1040s
 29175  4326  252.14554   58   60  254.52554  252.14554  0.94%   106 1045s
 29216  4409     cutoff   59       254.52554  252.14554  0.94%   106 1050s
 29483  4437     cutoff   72       254.52554  252.14554  0.94%   106 1057s
 29610  4404  252.36303   81   36  254.52554  252.14554  0.94%   106 1063s
 29640  4458  252.31554   81   28  254.52554  252.14554  0.94%   106 1068s
 29967  4400  252.15825   66   89  254.52554  252.14554  0.94%   106 1073s
 30115  4479  252.67913   75   53  254.52554  252.14554  0.94%   106 1078s
 30461  4497  252.19432   62   71  254.52554  252.14554  0.94%   106 1085s
 30863  4537  253.90448   76   69  254.52554  252.14554  0.94%   105 1090s
 31412  4441  252.31554   75   25  254.52554  252.14554  0.94%   105 1096s
 31670  4518  252.16990   73   54  254.52554  252.14554  0.94%   105 1102s
 32213  4604  252.94858   56  144  254.52554  252.14554  0.94%   105 1108s
 32918  4650  252.14554   61   81  254.52554  252.14554  0.94%   105 1116s
 33984  4531     cutoff   80       254.52554  252.14554  0.94%   105 1122s
 34650  4512  252.14554   67   81  254.52554  252.14554  0.94%   105 1127s
 35264  4493  252.14554   63   84  254.52554  252.14554  0.94%   105 1133s
 35806  4440  253.83199   68   81  254.52554  252.14554  0.94%   105 1142s
 36156  4553  253.66244   67   85  254.52554  252.14554  0.94%   105 1149s
 36794  4625  252.39942   76   92  254.52554  252.14554  0.94%   105 1158s
 37855  4347  252.65303   70   99  254.52554  252.14554  0.94%   105 1172s
 38017  4459  252.65303   71   84  254.52554  252.14554  0.94%   105 1180s
 38594  4545  252.14554   69   61  254.52554  252.14554  0.94%   105 1191s
 39575  4341  252.14554   73   31  254.52554  252.14554  0.94%   105 1209s
 40295  4219  252.98827   66   75  254.52554  252.14554  0.94%   105 1232s
 40731  4308  252.15342   65   70  254.52554  252.14554  0.94%   105 1246s
 41913  4255  252.17148   65   70  254.52554  252.14554  0.94%   105 1262s
 43261  4723  252.14554   64   57  254.52554  252.14554  0.94%   105 1277s
 44976  5318  252.62949   78   50  254.52554  252.14554  0.94%   104 1301s
 47132  5452     cutoff   80       254.52554  252.14554  0.94%   103 1314s
 47244  5452  253.65499   65   42  254.52554  252.14554  0.94%   103 1315s
 47698  5811  252.17570   83   43  254.52554  252.14554  0.94%   102 1327s
 49185  5920  252.14554   58   70  254.52554  252.14554  0.94%   102 1339s
 49527  6150  252.91242   59   75  254.52554  252.14554  0.94%   102 1351s
 50555  6561     cutoff   76       254.52554  252.14554  0.94%   103 1369s
 51864  7096  252.19992   83   57  254.52554  252.14554  0.94%   102 1384s
 53638  7458  252.14554   60   68  254.52554  252.14554  0.94%   102 1397s
 55040  7756  253.50554   85   25  254.52554  252.14554  0.94%   101 1406s
 56150  8084  252.14554   68   46  254.52554  252.14554  0.94%   102 1418s
 57424  8387  252.15838   60  109  254.52554  252.14554  0.94%   102 1429s
 58528  8730  252.16262   71   62  254.52554  252.14554  0.94%   102 1441s
 59787  8951     cutoff   75       254.52554  252.14554  0.94%   102 1459s
 59958  8951  252.15563   79   85  254.52554  252.14554  0.94%   102 1460s
 60979  9331  252.14554   84   28  254.52554  252.14554  0.94%   102 1479s
 62676  9387  252.14554   62   61  254.52554  252.14554  0.94%   103 1501s
 63012  9589  252.14554   66   66  254.52554  252.14554  0.94%   103 1515s
 63864  9982  252.14554   67   60  254.52554  252.14554  0.94%   103 1537s
 65553 10456  253.66511   64  120  254.52554  252.14554  0.94%   104 1559s
 65917 10456  252.14554   69   42  254.52554  252.14554  0.94%   104 1560s
 67338 10837  252.31554   75   50  254.52554  252.14554  0.94%   104 1580s
 68716 11152  253.42991   67  126  254.52554  252.14554  0.94%   104 1603s
 70240 11508     cutoff   65       254.52554  252.14554  0.94%   104 1620s
 71626 12017  252.93011   86   61  254.52554  252.14959  0.93%   104 1644s
 73612 12017  252.18997   60  147  254.52554  252.15529  0.93%   103 1645s
 73613 12274     cutoff   85       254.52554  252.15544  0.93%   103 1660s
 74788 12641  252.15953   69   58  254.52554  252.15622  0.93%   103 1683s
 76526 12842  252.23753   77   43  254.52554  252.16568  0.93%   103 1718s
 77673 13085  253.30597   82   58  254.52554  252.17329  0.92%   103 1739s
 79335 13266  252.19794   74   84  254.52554  252.18031  0.92%   103 1758s
 80832 13454  254.15389   70  104  254.52554  252.18549  0.92%   103 1773s
 82192 13579  252.60170   77   66  254.52554  252.19794  0.91%   103 1788s
 83377 13645  253.96909   81   53  254.52554  252.20866  0.91%   103 1801s
 84389 13764  252.46837   71   42  254.52554  252.22223  0.90%   103 1814s
 85472 13840     cutoff   72       254.52554  252.23497  0.90%   103 1826s
 86536 13836  253.61478   79   54  254.52554  252.24963  0.89%   104 1839s
 87483 13911     cutoff   73       254.52554  252.27095  0.89%   104 1854s
 88566 13860  252.30340   77   53  254.52554  252.28725  0.88%   104 1867s
 89684 13772  253.06818   76   64  254.52554  252.31027  0.87%   104 1883s
 90952 13526  254.31805   93   32  254.52554  252.31554  0.87%   104 1899s
 91307 13526     cutoff   73       254.52554  252.31554  0.87%   104 1900s
 92074 13436  252.57181   81   72  254.52554  252.31554  0.87%   104 1918s
 93477 13249 infeasible   81       254.52554  252.31554  0.87%   105 1933s
 94695 13276     cutoff   79       254.52554  252.31554  0.87%   105 1951s
 96138 13102     cutoff   78       254.52554  252.31554  0.87%   105 1971s
 97509 13126  252.31554   63   84  254.52554  252.31554  0.87%   105 1988s
 98784 13167  252.54726   76   47  254.52554  252.31554  0.87%   105 2004s
 100364 13253  253.65532   79   28  254.52554  252.31554  0.87%   105 2020s
 101618 13340  253.09112   63   86  254.52554  252.31554  0.87%   106 2035s
 102731 13385  252.31554   77   24  254.52554  252.31554  0.87%   106 2051s
 103992 13439  252.31554   73   63  254.52554  252.31554  0.87%   106 2066s
 105036 13534     cutoff   96       254.52554  252.31554  0.87%   106 2101s
 106119 13634 infeasible   87       254.52554  252.31554  0.87%   106 2117s
 107334 13592 infeasible   84       254.52554  252.31554  0.87%   106 2131s
 108311 13684  253.09305   70   66  254.52554  252.31554  0.87%   107 2147s
 109447 13750  253.85011   71  162  254.52554  252.31554  0.87%   107 2165s
 110457 13818  254.18554   68   26  254.52554  252.31554  0.87%   107 2183s
 111492 13831  253.70047   65  133  254.52554  252.31554  0.87%   108 2201s
 112426 13786  253.20318   72   70  254.52554  252.31554  0.87%   108 2217s
 113745 13773  254.11213   86   30  254.52554  252.32764  0.86%   108 2232s
 114969 13713  253.67554   83   30  254.52554  252.35753  0.85%   108 2246s
 115941 13823     cutoff   77       254.52554  252.39338  0.84%   108 2258s
 116783 13731  252.87670   67   92  254.52554  252.40595  0.83%   108 2267s
 117565 13732  252.82760   79  104  254.52554  252.40904  0.83%   108 2282s
 118562 13704     cutoff   70       254.52554  252.44900  0.82%   108 2293s
 119409 13749     cutoff   83       254.52554  252.48280  0.80%   109 2306s
 120269 13709  252.67592   72   76  254.52554  252.48554  0.80%   109 2317s
 121223 13591  252.73015   71  102  254.52554  252.51002  0.79%   109 2330s
 122139 13551 infeasible   79       254.52554  252.55838  0.77%   109 2343s
 123010 13573 infeasible   73       254.52554  252.59761  0.76%   109 2356s
 123924 13564 infeasible   73       254.52554  252.63236  0.74%   109 2369s
 124829 13702  253.26501   77  112  254.52554  252.65554  0.73%   109 2385s
 126052 13618 infeasible   72       254.52554  252.65835  0.73%   109 2397s
 126871 13475  252.90596   75   87  254.52554  252.69889  0.72%   110 2411s
 127862 13360  253.65378   70  142  254.52554  252.73729  0.70%   110 2427s
 128358 13222  254.45948   62  109  254.52554  252.74162  0.70%   110 2442s
 129362 13165  252.79874   67   68  254.52554  252.79874  0.68%   110 2457s
 130517 13070     cutoff   76       254.52554  252.82554  0.67%   110 2474s
 131087 13070  254.18554   83   22  254.52554  252.82554  0.67%   111 2475s
 131734 12925     cutoff   75       254.52554  252.82554  0.67%   111 2488s
 132719 12724  253.12718   80   88  254.52554  252.88014  0.65%   111 2501s
 133587 12562  253.79466   67   43  254.52554  252.92931  0.63%   111 2514s
 134262 12562     cutoff   67       254.52554  252.93170  0.63%   111 2515s
 134469 12388  254.47070   68   69  254.52554  252.95914  0.62%   111 2528s
 135376 12243 infeasible   76       254.52554  252.99546  0.60%   111 2542s
 136264 12043 infeasible   74       254.52554  253.00673  0.60%   112 2553s
 136926 11817     cutoff   69       254.52554  253.06862  0.57%   112 2565s
 137740 11559  253.38435   76   91  254.52554  253.11288  0.56%   112 2580s
 138759 11266 infeasible   73       254.52554  253.16584  0.53%   112 2592s
 139547 10982 infeasible   81       254.52554  253.21973  0.51%   113 2606s
 140459 10577     cutoff   64       254.52554  253.27252  0.49%   113 2616s
 141154 10275     cutoff   63       254.52554  253.29204  0.48%   113 2627s
 141907  9988  253.53744   60   97  254.52554  253.34886  0.46%   114 2641s
 142764  9593     cutoff   73       254.52554  253.41984  0.43%   114 2656s
 143708  9368  253.50554   90   18  254.52554  253.50396  0.40%   114 2691s
 146160  9094 infeasible   70       254.52554  253.50990  0.40%   113 2704s
 146869  8784     cutoff   71       254.52554  253.55748  0.38%   114 2715s
 147696  8311  253.67554   88   11  254.52554  253.61135  0.36%   114 2735s
 149211  7715     cutoff   99       254.52554  253.67554  0.33%   113 2755s
 150689  7063 infeasible   85       254.52554  253.67554  0.33%   113 2777s
 152466  6706  253.96405   80   64  254.52554  253.67554  0.33%   112 2792s
 153803  6441     cutoff   83       254.52554  253.67719  0.33%   112 2800s
 154347  6124     cutoff   89       254.52554  253.70600  0.32%   112 2807s
 154891  5993     cutoff   84       254.52554  253.80680  0.28%   112 2816s
 155467  5864  254.29562   85   47  254.52554  253.84396  0.27%   112 2827s
 156175  5539     cutoff   76       254.52554  253.84653  0.27%   112 2834s
 156752  5269  254.01155   57   76  254.52554  253.92826  0.23%   112 2843s
 157468  5052     cutoff   82       254.52554  254.01396  0.20%   112 2857s
 158703  4616     cutoff   83       254.52554  254.03458  0.19%   112 2866s
 159377  4305     cutoff   75       254.52554  254.12002  0.16%   112 2871s
 159808  4056     cutoff   80       254.52554  254.14554  0.15%   113 2881s
 160486  3864     cutoff   76       254.52554  254.14554  0.15%   113 2891s
 161196  3698  254.38913   72   80  254.52554  254.14554  0.15%   114 2901s
 161936  3492  254.49491   78   50  254.52554  254.14554  0.15%   115 2910s
 162510  3043     cutoff   92       254.52554  254.14554  0.15%   115 2926s
 163827  2532     cutoff   86       254.52554  254.18376  0.13%   115 2940s
 164873  2114  254.23440   75  100  254.52554  254.22554  0.12%   115 2948s
 165555  1698     cutoff   86       254.52554  254.26806  0.10%   115 2957s
 166252  1233     cutoff   87       254.52554  254.31554  0.08%   116 2971s
 167283   624     cutoff   93       254.52554  254.33882  0.07%   116 2981s
 168127    16 infeasible   83       254.52554  254.41920  0.04%   116 2992s

Cutting planes:
  Learned: 218
  Gomory: 71
  Lift-and-project: 46
  Cover: 7894
  Implied bound: 2768
  Projected implied bound: 126
  Clique: 35
  MIR: 428
  StrongCG: 430
  Flow cover: 1199
  GUB cover: 4
  Inf proof: 721
  Zero half: 410
  RLT: 219
  Relax-and-lift: 267

Explored 169080 nodes (19608853 simplex iterations) in 2993.37 seconds (1502.37 work units)
Thread count was 8 (of 24 available processors)

Solution count 10: 254.526 254.526 254.696 ... 263.024

Optimal solution found (tolerance 7.00e-06)
Best objective 2.545255400000e+02, best bound 2.545255400000e+02, gap 0.0000%
