
Gurobi 10.0.0 (win64) logging started Mon Jan 22 06:03:06 2024

Set parameter LogFile to value "C:/Users\Administrator\Documents\BNC_Repo\BNC_Tests\10_MIP_Results\n40m2\Instance_Class1_Parts40_Machines2_Instance5_logfileChe1021.txt"
Gurobi Optimizer version 10.0.0 build v10.0.0rc2 (win64)

CPU model: AMD EPYC 7513 32-Core Processor, instruction set [SSE2|AVX|AVX2]
Thread count: 24 physical cores, 24 logical processors, using up to 8 threads

Optimize a model with 88318 rows, 10001 columns and 460200 nonzeros
Model fingerprint: 0x6ef0b9c8
Variable types: 3441 continuous, 6560 integer (6560 binary)
Coefficient statistics:
  Matrix range     [4e-06, 4e+02]
  Objective range  [1e+00, 1e+00]
  Bounds range     [1e+00, 1e+00]
  RHS range        [1e+00, 6e+02]
Presolve removed 30849 rows and 3645 columns
Presolve time: 1.01s
Presolved: 57469 rows, 6356 columns, 333702 nonzeros
Variable types: 160 continuous, 6196 integer (6116 binary)
Found heuristic solution: objective 987.1702400
Root relaxation presolved: 6356 rows, 63825 columns, 340058 nonzeros


Use crossover to convert LP symmetric solution to basic solution...

Root simplex log...

Iteration    Objective       Primal Inf.    Dual Inf.      Time
    9660    5.8627994e+01   0.000000e+00   4.283588e+01      5s
   12491    5.8602229e+01   0.000000e+00   0.000000e+00      7s
Extra simplex iterations from dual to original model: 6370

Root relaxation: objective 5.860223e+01, 12491 iterations, 4.63 seconds (15.33 work units)

    Nodes    |    Current Node    |     Objective Bounds      |     Work
 Expl Unexpl |  Obj  Depth IntInf | Incumbent    BestBd   Gap | It/Node Time

     0     0   58.60223    0  287  987.17024   58.60223  94.1%     -    9s
H    0     0                     926.6950800   58.60223  93.7%     -    9s
H    0     0                     898.9633600   58.60223  93.5%     -   12s
     0     0   58.97632    0  692  898.96336   58.97632  93.4%     -   17s
H    0     0                     885.5953600   58.97632  93.3%     -   18s
H    0     0                     818.2965800   59.12674  92.8%     -   30s
H    0     0                     699.6474800   59.12674  91.5%     -   30s
     0     0   59.12674    0 1222  699.64748   59.12674  91.5%     -   31s
     0     0   59.24231    0  900  699.64748   59.24231  91.5%     -   48s
H    0     0                     698.3982800   59.24231  91.5%     -   49s
H    0     0                     335.3490200   59.26485  82.3%     -   53s
H    0     0                     333.1746800   59.26485  82.2%     -   53s
     0     0   59.26485    0 1012  333.17468   59.26485  82.2%     -   53s
H    0     0                     329.0407800   59.29583  82.0%     -   60s
     0     0   59.29583    0 1012  329.04078   59.29583  82.0%     -   60s
H    0     0                     254.7590800   59.31659  76.7%     -   64s
     0     0   59.31659    0  945  254.75908   59.31659  76.7%     -   65s
H    0     0                     215.1502800   59.40806  72.4%     -   69s
     0     0   59.40806    0  901  215.15028   59.40806  72.4%     -   69s
H    0     0                     208.5594400   59.41445  71.5%     -   70s
H    0     0                     121.1153000   59.41445  50.9%     -   70s
     0     0   59.41445    0  871  121.11530   59.41445  50.9%     -   70s
H    0     0                     120.7508200   59.41505  50.8%     -   72s
     0     0   59.41505    0  850  120.75082   59.41505  50.8%     -   72s
H    0     0                     112.2501800   59.41505  47.1%     -   73s
     0     0   59.41505    0  859  112.25018   59.41505  47.1%     -   73s
H    0     0                      91.5118000   59.41505  35.1%     -   78s
H    0     0                      89.6163800   59.41505  33.7%     -   78s
H    0     0                      88.7483800   59.41505  33.1%     -   78s
H    0     0                      87.5266200   59.45204  32.1%     -   88s
H    0     0                      87.4714200   59.45204  32.0%     -   88s
H    0     0                      85.5793400   59.45204  30.5%     -   88s
H    0     0                      84.2305400   59.45204  29.4%     -   88s
     0     0   59.45204    0  859   84.23054   59.45204  29.4%     -   89s
H    0     0                      84.1661800   59.45204  29.4%     -   89s
H    0     0                      82.9100800   59.47108  28.3%     -   95s
H    0     0                      81.2966600   59.47108  26.8%     -   95s
H    0     0                      81.1259800   59.47108  26.7%     -   95s
H    0     0                      81.0565800   59.47108  26.6%     -   95s
H    0     0                      80.9977200   59.47108  26.6%     -   95s
H    0     0                      80.5466200   59.47108  26.2%     -   95s
     0     0   59.47108    0  947   80.54662   59.47108  26.2%     -   95s
H    0     0                      80.4772200   59.48817  26.1%     -  100s
     0     0   59.48817    0  944   80.47722   59.48817  26.1%     -  100s
     0     0   59.48817    0  907   80.47722   59.48817  26.1%     -  101s
     0     0   59.48817    0  920   80.47722   59.48817  26.1%     -  101s
     0     0   59.54051    0  931   80.47722   59.54051  26.0%     -  113s
     0     0   59.54705    0  940   80.47722   59.54705  26.0%     -  116s
     0     0   59.55060    0  936   80.47722   59.55060  26.0%     -  117s
     0     0   59.57281    0  410   80.47722   59.57281  26.0%     -  128s
     0     0   59.57281    0  400   80.47722   59.57281  26.0%     -  128s
     0     0   59.58381    0  935   80.47722   59.58381  26.0%     -  130s
     0     0   59.58381    0  887   80.47722   59.58381  26.0%     -  131s
     0     0   59.58952    0  886   80.47722   59.58952  26.0%     -  132s
     0     0   59.58984    0  874   80.47722   59.58984  26.0%     -  133s
H    0     0                      74.2729000   59.59711  19.8%     -  141s
     0     0   59.59711    0  348   74.27290   59.59711  19.8%     -  144s
     0     0   59.59711    0  394   74.27290   59.59711  19.8%     -  146s
     0     0   59.59711    0  382   74.27290   59.59711  19.8%     -  147s
     0     0   59.59711    0  355   74.27290   59.59711  19.8%     -  148s
     0     0   59.59735    0  386   74.27290   59.59735  19.8%     -  151s
     0     0   59.59735    0  276   74.27290   59.59735  19.8%     -  152s
H    0     0                      73.7484000   59.59735  19.2%     -  153s
     0     2   59.59735    0  221   73.74840   59.59735  19.2%     -  157s
     3     8   59.76595    2  853   73.74840   59.68820  19.1%  3719  162s
     7    16   60.27707    3  814   73.74840   59.76595  19.0%  3614  166s
    15    24   60.42371    4  867   73.74840   59.89061  18.8%  3102  174s
    23    32   60.42354    4  928   73.74840   59.89061  18.8%  3495  179s
    31    40   60.45394    5  839   73.74840   60.10320  18.5%  3171  181s
H   36    40                      73.7006600   60.10320  18.4%  2971  181s
    47    58   60.49685    7  851   73.70066   60.10320  18.4%  2478  185s
H   70    79                      73.3352200   60.10320  18.0%  2020  200s
H   76    79                      66.5741800   60.10320  9.72%  1886  200s
H  110   120                      66.5351200   60.10320  9.67%  1453  203s
H  116   120                      66.2226400   60.10320  9.24%  1395  204s
   124   133     cutoff   14        66.22264   60.10320  9.24%  1359  205s
   188   198   61.60374   16  200   66.22264   60.10320  9.24%  1027  210s
H  258   253                      66.2139600   60.10320  9.23%   861  214s
   289   340   62.48264   24  160   66.21396   60.10320  9.23%   819  217s
   397   407   60.19858   29  122   66.21396   60.10320  9.23%   654  233s
H  420   407                      66.0577200   60.10320  9.01%   628  233s
   505   524   60.58722   22  144   66.05772   60.10320  9.01%   546  238s
   661   690   64.90722   45  108   66.05772   60.10320  9.01%   460  244s
   846   789   64.90722   76   85   66.05772   60.10320  9.01%   383  249s
   983   877     cutoff  103        66.05772   60.10320  9.01%   349  254s
  1116  1007   61.35283   30  164   66.05772   60.10320  9.01%   339  260s
  1328  1138   64.22123   36  167   66.05772   60.10320  9.01%   308  266s
  1521  1139   60.13612   32  276   66.05772   60.10320  9.01%   295  281s
  1523  1140   60.11074    8  320   66.05772   60.10320  9.01%   295  293s
  1524  1141   65.24244  105  192   66.05772   60.10320  9.01%   294  303s
  1527  1143   62.16763   81  247   66.05772   60.10320  9.01%   294  310s
  1528  1144   60.51782   44  304   66.05772   60.10320  9.01%   294  323s
  1529  1144   60.12168   70  351   66.05772   60.10320  9.01%   293  333s
  1530  1145   60.10320   17  327   66.05772   60.10320  9.01%   293  349s
  1531  1146   60.51782   76  286   66.05772   60.10320  9.01%   293  369s
  1532  1146   60.14306   74  286   66.05772   60.10320  9.01%   293  370s
  1539  1160   60.19584   12  211   66.05772   60.10320  9.01%   321  376s
  1579  1186   61.55027   15  174   66.05772   60.10320  9.01%   350  380s
  1642  1201   62.75440   18  215   66.05772   60.10320  9.01%   372  385s
  1740  1246   63.91033   23  109   66.05772   60.10320  9.01%   367  391s
  1903  1372   63.38737   33   85   66.05772   60.10320  9.01%   348  395s
  1963  1378   63.38737   36   78   66.05772   60.10320  9.01%   341  400s
  2201  1525   63.38737   50   59   66.05772   60.10320  9.01%   318  405s
  2429  1643   63.38737   62   67   66.05772   60.10320  9.01%   302  410s
  2810  1710   63.49894  102   56   66.05772   60.10320  9.01%   275  415s
H 3111  1088                      63.4989400   60.10320  5.35%   258  419s
  3261   912     cutoff  132        63.49894   60.10320  5.35%   250  438s
H 3262   857                      63.3879000   60.10320  5.18%   250  438s
  3280   846   60.10320   15  153   63.38790   60.10320  5.18%   253  440s
  3399   916   60.91118   23  139   63.38790   60.10320  5.18%   258  445s
  3630  1216   60.91118   37  116   63.38790   60.10320  5.18%   249  454s
  4140  1302   61.39764   60  122   63.38790   60.10320  5.18%   226  459s
  4559  1494   60.84725   52  174   63.38790   60.10320  5.18%   216  465s
  5215  1774   60.10320   36  117   63.38790   60.10320  5.18%   203  472s
  5829  2507   62.57331   51   95   63.38790   60.10320  5.18%   196  483s
  7061  3131     cutoff   74        63.38790   60.10320  5.18%   176  493s
  8125  3784   60.10320   42  142   63.38790   60.10320  5.18%   168  503s
  9404  4454     cutoff   53        63.38790   60.10320  5.18%   159  513s
 10505  5349   60.99386   99  125   63.38790   60.10320  5.18%   154  526s
 12063  5989   62.57331   52  129   63.38790   60.10320  5.18%   144  537s
 13319  6524   60.12918   64   74   63.38790   60.10320  5.18%   139  549s
 14501  6525   60.91118   14  276   63.38790   60.10320  5.18%   138  564s
 14503  6526   60.12918   63  324   63.38790   60.10320  5.18%   138  574s
 14504  6527   60.10320   44  158   63.38790   60.10320  5.18%   138  582s
 14507  6529   60.91118   18  195   63.38790   60.10320  5.18%   138  585s
 14508  6530   60.91118   62  197   63.38790   60.10320  5.18%   138  602s
 14511  6532   60.15364   60  334   63.38790   60.10320  5.18%   138  621s
 14512  6532   60.12858   60  384   63.38790   60.10320  5.18%   138  643s
 14514  6534   60.15134   41  398   63.38790   60.10320  5.18%   138  662s
 14515  6534   60.91118   68  386   63.38790   60.10320  5.18%   138  685s
 14516  6535   63.38737   46  446   63.38790   60.10320  5.18%   138  707s
 14517  6536   60.10320   59  382   63.38790   60.10320  5.18%   138  737s
 14518  6536   63.07224   55  378   63.38790   60.10320  5.18%   138  757s
 14519  6537   60.99386   73  340   63.38790   60.10320  5.18%   138  782s
 14520  6538   60.10320   46  409   63.38790   60.10320  5.18%   138  803s
 14521  6538   60.10320   36  434   63.38790   60.10320  5.18%   138  824s
 14522  6539   62.80334   73  469   63.38790   60.10320  5.18%   138  837s
 14523  6540   60.27598   71  484   63.38790   60.10320  5.18%   138  858s
 14524  6540   60.10320   25  443   63.38790   60.10320  5.18%   138  874s
 14525  6541   60.98894   82  443   63.38790   60.10320  5.18%   138  875s
 14556  6559   60.91118   25  219   63.38790   60.10320  5.18%   143  880s
 14728  6622   60.91118   31  188   63.38790   60.10320  5.18%   144  886s
 14754  6632   60.91118   32  155   63.38790   60.10320  5.18%   144  890s
 14770  6647   60.91118   33  151   63.38790   60.10320  5.18%   144  895s
 14885  6673   60.91118   35  147   63.38790   60.10320  5.18%   144  901s
 14951  6770   60.91351   37  179   63.38790   60.10320  5.18%   144  907s
 15065  6842   60.91118   41  145   63.38790   60.10320  5.18%   143  910s
 15410  7066   60.13929   46  155   63.38790   60.10320  5.18%   141  917s
 15693  7080 infeasible   80        63.38790   60.10320  5.18%   139  920s
 15874  7054     cutoff   45        63.38790   60.10320  5.18%   139  925s
 15917  7329   60.40378   49  116   63.38790   60.10320  5.18%   139  930s
 16315  7440 infeasible   64        63.38790   60.10320  5.18%   137  936s
 16760  7515   60.12168   61  116   63.38790   60.10320  5.18%   135  942s
 17145  7750   60.79576   67  104   63.38790   60.10320  5.18%   133  951s
 17741  8127   60.10320   72  109   63.38790   60.10320  5.18%   132  964s
 18995  8209   60.10320   69  120   63.38790   60.10320  5.18%   130  976s
 20259  8295   60.10320   73  112   63.38790   60.10320  5.18%   130  988s
 21503  8373 infeasible  111        63.38790   60.10320  5.18%   130  999s
 22693  8509   62.37440   76   88   63.38790   60.10320  5.18%   129 1011s
 24045  8994 infeasible   79        63.38790   60.10320  5.18%   128 1024s
 25272  8585   60.10320   69  161   63.38790   60.10320  5.18%   127 1025s
 25666  9559   60.10320   80  142   63.38790   60.10320  5.18%   126 1038s
 27553  9365 infeasible  109        63.38790   60.10320  5.18%   123 1051s
 28948  8902   60.21246  119  276   63.38790   60.10320  5.18%   122 1060s
 28950  8903   60.58028   61  529   63.38790   60.10320  5.18%   122 1075s
 28955  8907   61.98136   84  374   63.38790   60.10320  5.18%   122 1089s
 28956  8907   61.82800   39  434   63.38790   60.10320  5.18%   122 1106s
 28957  8908   60.10320   77  393   63.38790   60.10320  5.18%   122 1125s
 28958  8909   60.10320   56  322   63.38790   60.10320  5.18%   122 1149s
 28959  8909   60.10320   76  325   63.38790   60.10320  5.18%   122 1164s
 28960  8910   61.26877   86  285   63.38790   60.10320  5.18%   122 1187s
 28961  8911   60.55134   72  330   63.38790   60.10320  5.18%   122 1200s
 28962  8911   60.21246   88  427   63.38790   60.10320  5.18%   122 1224s
 28963  8912   60.49366   74  400   63.38790   60.10320  5.18%   122 1250s
 28964  8913   61.11026   69  459   63.38790   60.10320  5.18%   122 1273s
 28965  8913   60.10320   81  416   63.38790   60.10320  5.18%   122 1294s
 28966  8914   60.10320   63  282   63.38790   60.10320  5.18%   122 1315s
 28967  8915   60.10320   48  331   63.38790   60.10320  5.18%   122 1334s
 28968  8915   60.55134  100  296   63.38790   60.10320  5.18%   122 1354s
 28969  8916   61.04780   86  274   63.38790   60.10320  5.18%   122 1366s
 28985  8933   60.10320   38  243   63.38790   60.10320  5.18%   124 1370s
 29042  8955   60.25024   41  283   63.38790   60.10320  5.18%   124 1382s
 29115  8997   61.83366   43  308   63.38790   60.10320  5.18%   125 1385s
 29281  9096   62.00965   49  188   63.38790   60.10320  5.18%   125 1390s
 29473  9230   61.51408   61  176   63.38790   60.10320  5.18%   125 1395s
 29811  9359   61.51408   89  162   63.38790   60.10320  5.18%   125 1404s
 29996  9361   61.51408   96  148   63.38790   60.10320  5.18%   124 1407s
 30085  9462   61.51408  106  144   63.38790   60.10320  5.18%   124 1422s
 30279  9594   61.51408  114  171   63.38790   60.10320  5.18%   123 1426s
 30574  9717   60.16074   73  107   63.38790   60.10320  5.18%   123 1430s
 31135  9886   60.16074   74   96   63.38790   60.10320  5.18%   121 1439s
 31414 10068   60.10320   62  123   63.38790   60.10320  5.18%   121 1444s
 31795 10214   60.14442   66  226   63.38790   60.10320  5.18%   120 1450s
 32191 10314   60.15452   71  121   63.38790   60.10320  5.18%   119 1457s
 32657 10859 infeasible  108        63.38790   60.10320  5.18%   118 1466s
 33721 11000   60.10690   68  142   63.38790   60.10320  5.18%   116 1475s
 34636 11250   60.38098   83  114   63.38790   60.10320  5.18%   115 1486s
 35682 11544   62.89495   78  140   63.38790   60.10320  5.18%   114 1496s
 36917 11810   60.16074   97  154   63.38790   60.10320  5.18%   113 1508s
 38185 12190   62.95959   96  121   63.38790   60.10320  5.18%   113 1518s
 39567 12278   60.10320   81  114   63.38790   60.10320  5.18%   111 1529s
 40640 12559   61.62441   88  127   63.38790   60.10320  5.18%   111 1540s
 41912 12677   60.10690   95  125   63.38790   60.10320  5.18%   110 1551s
 43083 12610   60.10320  107  153   63.38790   60.10320  5.18%   110 1560s
 44048 12705   62.34003  111  119   63.38790   60.10320  5.18%   111 1571s
 45097 12786     cutoff  113        63.38790   60.10320  5.18%   113 1582s
 46256 12957 infeasible  111        63.38790   60.10320  5.18%   114 1596s
 47463 13068   62.95386  114   94   63.38790   60.10320  5.18%   115 1611s
 48536 13236     cutoff  104        63.38790   60.10320  5.18%   115 1628s
 49727 13440   60.10320  102  157   63.38790   60.10320  5.18%   114 1644s
 51314 13428   60.11015   93  143   63.38790   60.10320  5.18%   116 1657s
 52592 13617   63.21704  116   70   63.38790   60.10320  5.18%   117 1670s
 53936 13717 infeasible  100        63.38790   60.10320  5.18%   118 1682s
 55182 13699   60.12287   98  154   63.38790   60.10320  5.18%   119 1693s
 56145 13972     cutoff   95        63.38790   60.10320  5.18%   121 1705s
 57191 14421   60.71081   79  186   63.38790   60.10320  5.18%   122 1718s
 58334 14751   61.54838   95  170   63.38790   60.10320  5.18%   124 1730s
 59284 15185   60.15030   86  139   63.38790   60.10320  5.18%   125 1741s
 60291 15701   60.10320   97  117   63.38790   60.10320  5.18%   126 1755s
 61436 16288   60.10320   81  133   63.38790   60.10320  5.18%   128 1772s
 62746 16704   62.63372   92  138   63.38790   60.10320  5.18%   129 1785s
 63769 17165   60.15858   99  302   63.38790   60.10320  5.18%   131 1802s
 64985 17755   62.59981   89  129   63.38790   60.10320  5.18%   132 1822s
 66520 18328   60.10320   74  172   63.38790   60.10320  5.18%   134 1841s
 67839 18812   60.98619   94  209   63.38790   60.10320  5.18%   134 1860s
 69253 19269   60.22405   81  131   63.38790   60.10320  5.18%   136 1880s
 70507 19493   60.10320   85  146   63.38790   60.10320  5.18%   137 1903s
 71154 20116   60.10320   84  154   63.38790   60.10320  5.18%   138 1923s
 72720 20755   62.19313   86  185   63.38790   60.10320  5.18%   139 1944s
 74015 21236   62.17355   91  120   63.38790   60.10320  5.18%   139 1961s
 75188 21954   62.03845   99  146   63.38790   60.10320  5.18%   140 1980s
 76893 22613   60.10320   76  139   63.38790   60.10320  5.18%   140 1997s
 78377 22985     cutoff  121        63.38790   60.10320  5.18%   140 2014s
 79593 23285 infeasible   88        63.38790   60.10320  5.18%   140 2028s
 80446 23623   60.10690  104  156   63.38790   60.10320  5.18%   141 2041s
 81276 24173 infeasible   93        63.38790   60.10320  5.18%   142 2059s
 81553 24173   60.73220   84  260   63.38790   60.10320  5.18%   143 2060s
 82540 24580   62.81794  100  112   63.38790   60.10320  5.18%   143 2079s
 83620 24701   62.34985   94  127   63.38790   60.10320  5.18%   143 2104s
 84020 25218   62.59981  115   98   63.38790   60.10320  5.18%   143 2125s
 85299 25668   60.10320   79  244   63.38790   60.10320  5.18%   144 2141s
 86584 26044 infeasible   78        63.38790   60.10320  5.18%   145 2162s
 88028 26184   62.84223  133  177   63.38790   60.10320  5.18%   146 2178s
 88965 26676   63.02624   92  161   63.38790   60.10320  5.18%   148 2193s
 90147 27164     cutoff  111        63.38790   60.10320  5.18%   149 2212s
 91270 27708   60.11532   82  151   63.38790   60.10320  5.18%   150 2232s
 92645 28280   61.71604   97  100   63.38790   60.10320  5.18%   151 2253s
 93933 28856   61.70737   73  123   63.38790   60.10320  5.18%   151 2272s
 95345 29285 infeasible  106        63.38790   60.10320  5.18%   152 2290s
 96524 29731   62.84781  125   93   63.38790   60.10320  5.18%   153 2310s
 97699 30373   60.10320   86  150   63.38790   60.10320  5.18%   153 2329s
 99206 30480   60.10320   94  183   63.38790   60.10320  5.18%   154 2426s
 99574 30823   60.10320   95  161   63.38790   60.10320  5.18%   155 2446s
 100664 31361   61.78770  103  168   63.38790   60.10320  5.18%   156 2469s
 100810 31361   63.38737  113   78   63.38790   60.10320  5.18%   156 2470s
 102014 31925   60.10320   79  160   63.38790   60.10320  5.18%   157 2495s
 103324 32542   62.95959  102   92   63.38790   60.10320  5.18%   157 2523s
 104772 32910   61.38849   90  170   63.38790   60.10320  5.18%   158 2539s
 105963 33404 infeasible  114        63.38790   60.10320  5.18%   158 2555s
 107366 34275   63.38737  123   73   63.38790   60.10320  5.18%   159 2577s
 109503 34559   63.21704  138   80   63.38790   60.10320  5.18%   158 2593s
 110439 35055   61.51730   91  149   63.38790   60.10320  5.18%   159 2613s
 111674 35393   63.38737   93   86   63.38790   60.10320  5.18%   159 2630s
 112591 36040   60.11719  100  225   63.38790   60.10320  5.18%   159 2648s
 113969 36411   62.48208  105  118   63.38790   60.10320  5.18%   160 2665s
 115083 36908     cutoff   95        63.38790   60.10320  5.18%   160 2684s
 116302 37501   62.09352  161   89   63.38790   60.10320  5.18%   161 2704s
 117855 37915   63.08161   83  150   63.38790   60.10320  5.18%   161 2723s
 118961 38353 infeasible   98        63.38790   60.10320  5.18%   161 2740s
 120155 38744   60.10320   80  150   63.38790   60.10320  5.18%   162 2757s
 121212 39106   61.49079   85  188   63.38790   60.10320  5.18%   163 2778s
 122365 39726   63.38562   84  159   63.38790   60.10320  5.18%   163 2805s
 124243 40187   63.08161   89  196   63.38790   60.10320  5.18%   164 2828s
 125597 40721   60.99119   90  126   63.38790   60.10320  5.18%   164 2852s
 127004 41155     cutoff   90        63.38790   60.10320  5.18%   165 2872s
 128378 41578   60.10320   86  146   63.38790   60.10320  5.18%   165 2894s
 129656 42058   63.38737   93   90   63.38790   60.10320  5.18%   166 2917s
 131066 42353   61.54742   86  201   63.38790   60.10320  5.18%   167 2937s
 132021 42786   63.10173   85  172   63.38790   60.10320  5.18%   168 2958s
 133209 43170     cutoff   95        63.38790   60.10320  5.18%   168 2982s
 134449 43757     cutoff   81        63.38790   60.10320  5.18%   169 3007s
 135855 44230   60.25037   91  156   63.38790   60.10320  5.18%   169 3028s
 137021 44579   63.38408  114   72   63.38790   60.10320  5.18%   169 3049s
 137963 44979   63.08095   79  218   63.38790   60.10320  5.18%   169 3071s
 139176 45418   63.37280  103  156   63.38790   60.10320  5.18%   170 3098s
 140495 45859     cutoff  101        63.38790   60.10320  5.18%   170 3127s
 141836 46344   63.23678   95  161   63.38790   60.10320  5.18%   171 3151s
 143309 46748   62.61766   90  111   63.38790   60.10320  5.18%   171 3175s
 144465 47355   61.68554   85  162   63.38790   60.10320  5.18%   172 3200s
 146016 47881   60.12261   75  181   63.38790   60.10320  5.18%   172 3229s
 147535 47881     cutoff   92        63.38790   60.10320  5.18%   172 3230s
 147807 48522   61.43352   78  163   63.38790   60.10320  5.18%   172 3259s
 149203 48522     cutoff   89        63.38790   60.10320  5.18%   172 3260s
 149608 49099   60.10320   74  122   63.38790   60.10320  5.18%   172 3284s
 151000 49638   61.79666   90  166   63.38790   60.10320  5.18%   173 3306s
 152070 50184   60.10320   92  152   63.38790   60.10320  5.18%   172 3333s
 153572 50673   60.10320  108  107   63.38790   60.10320  5.18%   173 3362s
 155174 50934   60.10320  108  173   63.38790   60.10320  5.18%   173 3383s
 156206 51333   60.10320   91  174   63.38790   60.10320  5.18%   173 3408s
 157320 51765   61.89263   85  166   63.38790   60.10320  5.18%   173 3432s
 158536 52278   60.58282  116  141   63.38790   60.10320  5.18%   174 3455s
 160027 52749   61.43284   93  146   63.38790   60.10320  5.18%   174 3477s
 161293 53108   62.23628  135  143   63.38790   60.10320  5.18%   174 3500s
 162561 53557   63.08161   82  170   63.38790   60.10320  5.18%   175 3525s
 163820 54110   60.10320   84  211   63.38790   60.10320  5.18%   175 3552s
 165130 54586     cutoff   95        63.38790   60.10320  5.18%   175 3578s
 166324 54857 infeasible  102        63.38790   60.10320  5.18%   175 3598s
 167201 54852   63.09958  112  122   63.38790   60.10320  5.18%   176 3600s

Cutting planes:
  Learned: 836
  Gomory: 23
  Lift-and-project: 11
  Cover: 6037
  Implied bound: 1569
  Projected implied bound: 10
  Clique: 70
  MIR: 189
  StrongCG: 8
  Flow cover: 1224
  Inf proof: 130
  Zero half: 28
  RLT: 179
  Relax-and-lift: 82

Explored 167224 nodes (29506985 simplex iterations) in 3600.36 seconds (3216.09 work units)
Thread count was 8 (of 24 available processors)

Solution count 10: 63.3879 63.3879 63.4989 ... 73.7007

Time limit reached
Best objective 6.338790000000e+01, best bound 6.010320421986e+01, gap 5.1819%
