
Gurobi 10.0.0 (win64) logging started Sun Jan 21 22:51:27 2024

Set parameter LogFile to value "C:/Users\Administrator\Documents\BNC_Repo\BNC_Tests\10_MIP_Results\n40m2\Instance_Class1_Parts40_Machines2_Instance2_logfileChe21.txt"
Gurobi Optimizer version 10.0.0 build v10.0.0rc2 (win64)

CPU model: AMD EPYC 7513 32-Core Processor, instruction set [SSE2|AVX|AVX2]
Thread count: 24 physical cores, 24 logical processors, using up to 8 threads

Optimize a model with 88318 rows, 10001 columns and 460676 nonzeros
Model fingerprint: 0x5b5d68c6
Variable types: 3441 continuous, 6560 integer (6560 binary)
Coefficient statistics:
  Matrix range     [4e-06, 4e+02]
  Objective range  [1e+00, 1e+00]
  Bounds range     [1e+00, 1e+00]
  RHS range        [1e+00, 5e+02]
Presolve removed 19255 rows and 3334 columns
Presolve time: 1.20s
Presolved: 69063 rows, 6667 columns, 402582 nonzeros
Variable types: 160 continuous, 6507 integer (6427 binary)
Found heuristic solution: objective 867.5800000
Found heuristic solution: objective 137.9770000
Root relaxation presolved: 6667 rows, 75730 columns, 409249 nonzeros


Use crossover to convert LP symmetric solution to basic solution...

Root relaxation: objective 3.778138e+01, 3701 iterations, 1.30 seconds (1.87 work units)
Total elapsed time = 7.64s
Total elapsed time = 10.38s

    Nodes    |    Current Node    |     Objective Bounds      |     Work
 Expl Unexpl |  Obj  Depth IntInf | Incumbent    BestBd   Gap | It/Node Time

     0     0   37.78138    0   80  137.97700   37.78138  72.6%     -   11s
H    0     0                     118.0285800   37.78138  68.0%     -   11s
     0     0   37.78138    0 1039  118.02858   37.78138  68.0%     -   16s
     0     0   37.78138    0  928  118.02858   37.78138  68.0%     -   16s
H    0     0                      81.7693200   37.78138  53.8%     -   17s
     0     0   37.81506    0  810   81.76932   37.81506  53.8%     -   30s
H    0     0                      78.5049000   37.81506  51.8%     -   31s
     0     0   38.05242    0 1443   78.50490   38.05242  51.5%     -   49s
     0     0   38.06163    0 1794   78.50490   38.06163  51.5%     -   61s
     0     0   38.06189    0 1505   78.50490   38.06189  51.5%     -   64s
     0     0   38.06246    0 1584   78.50490   38.06246  51.5%     -   68s
     0     0   38.12138    0   83   78.50490   38.12138  51.4%     -   78s
H    0     0                      68.9882200   38.12138  44.7%     -   80s
     0     0   38.12138    0  376   68.98822   38.12138  44.7%     -   84s
H    0     0                      67.8077400   38.12138  43.8%     -   85s
     0     0   38.12138    0  251   67.80774   38.12138  43.8%     -   86s
     0     0   38.12138    0  146   67.80774   38.12138  43.8%     -   94s
     0     0   38.12138    0  233   67.80774   38.12138  43.8%     -   95s
     0     0   38.12138    0  151   67.80774   38.12138  43.8%     -  102s
     0     0   38.12138    0  202   67.80774   38.12138  43.8%     -  103s
H    0     0                      46.0341400   38.55513  16.2%     -  112s
     0     0   38.55513    0  217   46.03414   38.55513  16.2%     -  113s
     0     0   38.55513    0  182   46.03414   38.55513  16.2%     -  115s
H    0     0                      41.4191400   38.55513  6.91%     -  120s
     0     2   38.55513    0  147   41.41914   38.55513  6.91%     -  123s
     1     4   38.55513    1  488   41.41914   38.55513  6.91%  7370  125s
     7    12   38.55513    3  446   41.41914   38.55513  6.91%  4244  130s
    30    26   38.97120    6  455   41.41914   38.89010  6.11%  1867  136s
    46    43   39.25189    8  283   41.41914   38.89010  6.11%  1733  140s
H   68    59                      41.2498800   38.89010  5.72%  1417  142s
   114    95   40.19434   14  148   41.24988   38.89010  5.72%   961  145s
H  165   110                      41.2472200   38.89010  5.71%   775  148s
   200   130     cutoff   19        41.24722   38.89010  5.71%   703  152s
H  201   130                      41.1618000   38.89010  5.52%   700  152s
H  249   155                      40.9527400   38.96728  4.85%   670  157s
H  249   155                      40.9092400   38.96728  4.75%   670  157s
H  258   155                      40.9078600   38.96728  4.74%   703  157s
   298   185   40.54680   37  275   40.90786   38.96728  4.74%   694  162s
   337   225   40.54680   40  231   40.90786   38.96728  4.74%   657  166s
   439   301   40.54680   47  324   40.90786   38.96728  4.74%   579  171s
   580   429   40.54680   56  267   40.90786   38.96728  4.74%   493  175s
   794   581   40.60322   67  255   40.90786   38.96728  4.74%   372  182s
   994   658   40.60322   80  218   40.90786   38.96728  4.74%   336  186s
  1219   836 infeasible   99        40.90786   38.96728  4.74%   294  190s
  1447   871   40.54680   57 1584   40.90786   38.96728  4.74%   272  208s
  1449   872   40.54680   58  138   40.90786   38.96728  4.74%   271  218s
  1450   873   40.54680   48  214   40.90786   38.96728  4.74%   271  220s
  1451   874   40.54680   73  358   40.90786   38.96728  4.74%   271  231s
  1452   874   40.54680   80  504   40.90786   38.96728  4.74%   271  254s
  1453   875   40.54680   96  237   40.90786   38.96728  4.74%   271  263s
  1455   876   40.60322  123  190   40.90786   38.96728  4.74%   270  273s
  1456   877   40.54680   92  190   40.90786   38.96728  4.74%   270  275s
  1469   879     cutoff   13        40.90786   38.96728  4.74%   347  281s
  1509   890   39.32782   18  194   40.90786   38.96728  4.74%   356  285s
  1673   930   40.54680   29  114   40.90786   38.96728  4.74%   348  290s
  1817  1010   40.54680   40   93   40.90786   38.96728  4.74%   333  295s
  2006  1078   40.54680   50   85   40.90786   38.96728  4.74%   315  301s
  2218  1188   40.54680   58  134   40.90786   38.96728  4.74%   298  305s
  2517  1378   40.54680  117  152   40.90786   38.96728  4.74%   275  310s
  2941  1595   40.89834  162   64   40.90786   38.96728  4.74%   244  315s
  3480  1771   40.54680   66  109   40.90786   38.98406  4.70%   223  321s
  3956  2126   40.60322  124  114   40.90786   38.98406  4.70%   213  325s
  4701  2513     cutoff  228        40.90786   40.13716  1.88%   196  330s
  4996  2989   40.90073   82  102   40.90786   40.54680  0.88%   198  338s
  5512  3250   40.54680   94   95   40.90786   40.54680  0.88%   203  344s
  5806  4037   40.56362  107  103   40.90786   40.54680  0.88%   201  354s
  6918  4844   40.54680  112  189   40.90786   40.54680  0.88%   192  365s
  8036  5558   40.54680   48  210   40.90786   40.54680  0.88%   183  374s
  9161  6642   40.54680  170  243   40.90786   40.54680  0.88%   175  387s
 10739  7354   40.54680  151  130   40.90786   40.54680  0.88%   160  396s
 11589  8730   40.54680   63  205   40.90786   40.54680  0.88%   158  408s
 13381 10239   40.54680   76  201   40.90786   40.54680  0.88%   151  422s
 15362 10615   40.54680   85  215   40.90786   40.54680  0.88%   141  432s
 15811 14534   40.54680   96  204   40.90786   40.54680  0.88%   139  464s
 16485 14534   40.54680   92  190   40.90786   40.54680  0.88%   136  465s
 20872 15661   40.54680  135  166   40.90786   40.54680  0.88%   124  475s
 22249 17007   40.54680  243  223   40.90786   40.54680  0.88%   120  483s
 23876 18210   40.54680  231  144   40.90786   40.54680  0.88%   116  492s
 25452 19344   40.54680  371   80   40.90786   40.54680  0.88%   114  500s
 26857 20423   40.89834   99  143   40.90786   40.54680  0.88%   112  509s
 28313 21742   40.79418  160  196   40.90786   40.54680  0.88%   108  518s
 29987 21743   40.79418  387 1584   40.90786   40.54680  0.88%   105  537s
 29989 21744   40.54680   59  119   40.90786   40.54680  0.88%   105  547s
 29991 21746   40.54680  135  236   40.90786   40.54680  0.88%   105  555s
 29993 21747   40.54680  171  247   40.90786   40.54680  0.88%   105  569s
 29994 21748   40.54680   84  610   40.90786   40.54680  0.88%   105  570s
 29995 21748   40.54680   47  288   40.90786   40.54680  0.88%   105  582s
 29997 21750   40.54680  248  310   40.90786   40.54680  0.88%   105  590s
 29999 21751   40.90257  196  314   40.90786   40.54680  0.88%   105  603s
 30001 21752   40.55848  266  285   40.90786   40.54680  0.88%   105  628s
H30002 20665                      40.9070200   40.54680  0.88%   105  656s
H30002 19631                      40.8268800   40.54680  0.69%   105  656s
H30002 18649                      40.6032200   40.54680  0.14%   105  656s
 30005 18651   40.54680   93  188   40.60322   40.54680  0.14%   105  667s
 30007 18655   40.54680   24  174   40.60322   40.54680  0.14%   106  670s
 30075 18650     cutoff   33        40.60322   40.54680  0.14%   107  675s
H30115 17696                      40.5728400   40.54680  0.06%   107  677s
 30152 17699   40.54680   39  184   40.57284   40.54680  0.06%   107  681s
 30307 17787   40.54680   56   84   40.57284   40.54680  0.06%   107  685s
 30573 17931   40.54680   89  183   40.57284   40.54680  0.06%   106  690s
 30929 18152   40.54680  139  161   40.57284   40.54680  0.06%   105  695s
 31261 18269     cutoff   34        40.57284   40.54680  0.06%   105  700s
 31745 18450   40.54680   47   86   40.57284   40.54680  0.06%   104  705s
 32237 18550   40.54680   77   68   40.57284   40.54680  0.06%   103  715s
 32679 19148   40.54680   78   77   40.57284   40.54680  0.06%   103  726s
 33358 19446   40.54680   98   67   40.57284   40.54680  0.06%   102  735s
 34346 19757   40.54680  102   95   40.57284   40.54680  0.06%   100  746s
 35648 19413 infeasible  122        40.57284   40.54680  0.06%  97.1  756s
 36530 19634   40.54680  170   68   40.57284   40.54680  0.06%  95.9  767s
 37800 19533 infeasible  142        40.57284   40.54680  0.06%  93.8  777s
 38998 19460   40.54680  117   76   40.57284   40.54680  0.06%  92.1  789s
 40093 19095   40.54680  126   72   40.57284   40.54680  0.06%  90.5  790s
 40249 19042   40.54680   99   86   40.57284   40.54680  0.06%  90.2  804s
 40636 18913     cutoff  119        40.57284   40.54680  0.06%  89.9  805s
 41394 18733 infeasible  119        40.57284   40.54680  0.06%  89.2  817s
 42404 18640 infeasible  115        40.57284   40.54680  0.06%  88.2  830s
 43524 18389   40.54680  101   75   40.57284   40.54680  0.06%  87.2  842s
 44533 18210   40.54680  105  110   40.57284   40.54680  0.06%  86.7  854s
 45199 18219   40.54680  102  100   40.57284   40.54680  0.06%  86.1  885s
 47455 17610   40.54680  142   50   40.57284   40.54680  0.06%  83.8  904s
 48660 17209 infeasible  140        40.57284   40.54680  0.06%  83.0  905s
 48860 17688 infeasible  130        40.57284   40.54680  0.06%  82.8  921s
 50466 17530   40.54680  134   68   40.57284   40.54680  0.06%  81.5  939s
 52095 17436   40.54680  103   92   40.57284   40.54680  0.06%  80.2  959s
 53332 17023 infeasible   99        40.57284   40.54680  0.06%  79.1  960s
 54187 17153   40.54680   93   74   40.57284   40.54680  0.06%  78.3  978s
 56241 16826     cutoff   96        40.57284   40.54680  0.06%  76.4  994s
 58058 16399     cutoff   98        40.57284   40.54680  0.06%  74.9 1008s
 59410 16162   40.54680   94   75   40.57284   40.54680  0.06%  74.1 1029s
 61181 15772   40.54680  136   59   40.57284   40.54680  0.06%  73.2 1043s
 62526 15516 infeasible  142        40.57284   40.54680  0.06%  72.4 1053s
 63455 15457   40.54680  106   98   40.57284   40.54680  0.06%  72.1 1068s
 64738 15118   40.54680  138   72   40.57284   40.54680  0.06%  71.6 1087s
 65977 14781     cutoff  117        40.57284   40.54680  0.06%  71.0 1105s
 67226 14473   40.54680   91   68   40.57284   40.54680  0.06%  70.4 1123s
 68620 14096   40.54680  108   84   40.57284   40.54680  0.06%  69.7 1141s
 70047 13974 infeasible  106        40.57284   40.54680  0.06%  68.9 1155s
 71365 14018   40.54680  124  112   40.57284   40.54680  0.06%  68.4 1168s
 72815 13918   40.54680  100  110   40.57284   40.54680  0.06%  67.8 1181s
 74073 14075   40.54680   92   70   40.57284   40.54680  0.06%  67.2 1196s
 75718 13797   40.54680  132   60   40.57284   40.54680  0.06%  66.4 1210s
 77119 13337   40.54680  164   88   40.57284   40.54680  0.06%  65.7 1226s
 78476 13304   40.54680  143   65   40.57284   40.54680  0.06%  65.1 1239s
 78989 13133 infeasible  127        40.57284   40.54680  0.06%  64.8 1240s
 79866 13074 infeasible  112        40.57284   40.54680  0.06%  64.4 1254s
 81111 12809   40.54680  109   84   40.57284   40.54680  0.06%  64.0 1268s
 82411 12739 infeasible  120        40.57284   40.54680  0.06%  63.5 1281s
 83739 12897   40.54680  147   67   40.57284   40.54680  0.06%  63.0 1295s
 85225 13016     cutoff  173        40.57284   40.54680  0.06%  62.3 1310s
 86654 13012 infeasible  148        40.57284   40.54680  0.06%  61.8 1321s
 87516 13173   40.54680  107   75   40.57284   40.54680  0.06%  61.6 1335s
 88765 13440   40.54680  128   84   40.57284   40.54680  0.06%  61.2 1352s
 90404 13654   40.54680  114   65   40.57284   40.54680  0.06%  60.7 1368s
 91991 13656     cutoff  195        40.57284   40.54680  0.06%  60.0 1385s
 93344 13581   40.54680  105   76   40.57284   40.54680  0.06%  59.5 1395s
 94090 13699 infeasible  106        40.57284   40.54680  0.06%  59.5 1408s
 95329 13808   40.54680  125   76   40.57284   40.54680  0.06%  59.1 1423s
 96712 14064     cutoff  122        40.57284   40.54680  0.06%  58.7 1437s
 98069 14232   40.54680  122   77   40.57284   40.54680  0.06%  58.2 1451s
 99346 14303 infeasible  108        40.57284   40.54680  0.06%  57.8 1468s
 100719 14394   40.54680  144   73   40.57284   40.54680  0.06%  57.4 1482s
 101799 14349   40.54680  105   72   40.57284   40.54680  0.06%  57.1 1494s
 102694 14550 infeasible  112        40.57284   40.54680  0.06%  57.0 1509s
 103975 14808 infeasible  117        40.57284   40.54680  0.06%  56.8 1527s
 105507 14881 infeasible  125        40.57284   40.54680  0.06%  56.5 1541s
 106655 15115     cutoff  125        40.57284   40.54680  0.06%  56.3 1557s
 108172 15209     cutoff  134        40.57284   40.54680  0.06%  56.0 1572s
 109433 15399     cutoff  129        40.57284   40.54680  0.06%  55.8 1585s
 110593 15607 infeasible  125        40.57284   40.54680  0.06%  55.7 1600s
 111830 15753     cutoff  164        40.57284   40.54680  0.06%  55.6 1616s
 113170 15807 infeasible  125        40.57284   40.54680  0.06%  55.4 1630s
 114442 15771 infeasible  168        40.57284   40.54680  0.06%  55.1 1643s
 115370 15865 infeasible  123        40.57284   40.54680  0.06%  55.1 1658s
 116609 16002 infeasible  119        40.57284   40.54680  0.06%  54.9 1675s
 117939 16159   40.54680  125   56   40.57284   40.54680  0.06%  54.8 1691s
 119279 16278 infeasible  120        40.57284   40.54680  0.06%  54.6 1708s
 120761 16386     cutoff  166        40.57284   40.54680  0.06%  54.4 1722s
 121922 16559   40.54680  172   47   40.57284   40.54680  0.06%  54.2 1737s
 123238 16314   40.54680  120   70   40.57284   40.54680  0.06%  54.0 1748s
 124169 16147 infeasible  129        40.57284   40.54680  0.06%  53.9 1763s
 125116 16242 infeasible  109        40.57284   40.54680  0.06%  53.9 1781s
 126627 16048   40.54680  120   68   40.57284   40.54680  0.06%  53.7 1796s
 127627 16123 infeasible  123        40.57284   40.54680  0.06%  53.7 1814s
 129079 16299   40.54680  124   70   40.57284   40.54680  0.06%  53.5 1830s
 130487 16390 infeasible  197        40.57284   40.54680  0.06%  53.3 1847s
 131899 16359   40.54680  202   74   40.57284   40.54680  0.06%  53.0 1859s
 132391 16359 infeasible  204        40.57284   40.54680  0.06%  52.9 1860s
 132676 16310   40.54680  182   71   40.57284   40.54680  0.06%  52.9 1876s
 133926 16429   40.54680  170   79   40.57284   40.54680  0.06%  52.7 1894s
 135382 16293   40.54680  220   46   40.57284   40.54680  0.06%  52.4 1913s
 136541 16174   40.54680  128   83   40.57284   40.54680  0.06%  52.4 1931s
 137664 16300   40.54680  122   82   40.57284   40.54680  0.06%  52.4 1949s
 138981 16344   40.54680  147   66   40.57284   40.54680  0.06%  52.2 1971s
 140740 16308   40.54680  149   75   40.57284   40.54680  0.06%  52.0 1993s
 142258 16325   40.54680  128   80   40.57284   40.54680  0.06%  51.9 2015s
 143805 16435 infeasible  125        40.57284   40.54680  0.06%  51.8 2037s
 145411 16541   40.54680  126   84   40.57284   40.54680  0.06%  51.6 2057s
 146927 16590   40.54680  118   81   40.57284   40.54680  0.06%  51.5 2079s
 148279 16590   40.54680  149   80   40.57284   40.54680  0.06%  51.3 2080s
 148499 16603   40.54680  124   56   40.57284   40.54680  0.06%  51.3 2099s
 149905 16724   40.54680  109   70   40.57284   40.54680  0.06%  51.2 2118s
 151379 16727   40.54680  128   74   40.57284   40.54680  0.06%  51.1 2134s
 152596 16622 infeasible  114        40.57284   40.54680  0.06%  51.0 2148s
 153613 16640 infeasible  118        40.57284   40.54680  0.06%  51.0 2162s
 154578 16736   40.54680  125   79   40.57284   40.54680  0.06%  51.0 2181s
 155968 17010   40.54680  118   76   40.57284   40.54680  0.06%  50.9 2200s
 157881 17428   40.54680  112   66   40.57284   40.54680  0.06%  50.6 2219s
 159827 17622   40.54680  121   66   40.57284   40.54680  0.06%  50.3 2238s
 161691 17868   40.54680  131   64   40.57284   40.54680  0.06%  49.9 2256s
 163624 18102     cutoff  133        40.57284   40.54680  0.06%  49.5 2273s
 165269 18231   40.54680  129   70   40.57284   40.54680  0.06%  49.2 2293s
 167007 18198 infeasible  126        40.57284   40.54680  0.06%  48.9 2309s
 168307 18342   40.54680  153   80   40.57284   40.54680  0.06%  48.8 2325s
 169791 18630   40.54680  134   76   40.57284   40.54680  0.06%  48.6 2340s
 171396 18836   40.54680  120   70   40.57284   40.54680  0.06%  48.3 2353s
 172823 18906 infeasible  132        40.57284   40.54680  0.06%  48.1 2369s
 174296 18906   40.54680  131   68   40.57284   40.54680  0.06%  47.9 2370s
 174321 18539     cutoff  130        40.57284   40.54680  0.06%  47.9 2381s
 175183 18583   40.54680  113  102   40.57284   40.54680  0.06%  47.8 2389s
 175681 18583   40.54680  111   77   40.57284   40.54680  0.06%  47.8 2390s
 175849 18717   40.54680  113   92   40.57284   40.54680  0.06%  47.8 2401s
 176902 18845   40.54680  117   70   40.57284   40.54680  0.06%  47.8 2414s
 177826 18845     cutoff  108        40.57284   40.54680  0.06%  47.8 2415s
 178158 19134   40.54680  101   83   40.57284   40.54680  0.06%  47.7 2427s
 179433 19274 infeasible  112        40.57284   40.54680  0.06%  47.6 2438s
 180478 19362     cutoff  101        40.57284   40.54680  0.06%  47.6 2455s
 181947 19218   40.54680  105   94   40.57284   40.54680  0.06%  47.5 2469s
 182879 19220 infeasible   95        40.57284   40.54680  0.06%  47.5 2484s
 183484 19220   40.54680  104   61   40.57284   40.54680  0.06%  47.5 2485s
 184027 19345     cutoff  168        40.57284   40.54680  0.06%  47.5 2504s
 185545 19534   40.54680  111   79   40.57284   40.54680  0.06%  47.5 2521s
 186804 19742 infeasible  137        40.57284   40.54680  0.06%  47.4 2539s
 188213 19964   40.54680  106  124   40.57284   40.54680  0.06%  47.4 2558s
 189811 20252 infeasible   99        40.57284   40.54680  0.06%  47.4 2575s
 191371 20692   40.54680   97   88   40.57284   40.54680  0.06%  47.3 2592s
 192967 20812 infeasible  163        40.57284   40.54680  0.06%  47.2 2605s
 193863 21044   40.54680  105   72   40.57284   40.54680  0.06%  47.3 2621s
 195148 21261     cutoff  110        40.57284   40.54680  0.06%  47.3 2636s
 196337 21381   40.54680  114   58   40.57284   40.54680  0.06%  47.2 2656s
 198000 21567   40.54680  117   59   40.57284   40.54680  0.06%  47.0 2677s
 199810 21633     cutoff  122        40.57284   40.54680  0.06%  46.9 2690s
 200726 21753   40.54680   91   78   40.57284   40.54680  0.06%  46.8 2709s
 202465 21811     cutoff  128        40.57284   40.54680  0.06%  46.6 2727s
 204027 21939     cutoff  124        40.57284   40.54680  0.06%  46.5 2745s
 205569 22069   40.54680  109   78   40.57284   40.54680  0.06%  46.4 2763s
 207229 22169 infeasible  136        40.57284   40.54680  0.06%  46.2 2781s
 208804 22403 infeasible  108        40.57284   40.54680  0.06%  46.0 2796s
 210223 22591     cutoff  113        40.57284   40.54680  0.06%  45.9 2816s
 211826 22851     cutoff  179        40.57284   40.54680  0.06%  45.8 2832s
 213417 22978 infeasible  103        40.57284   40.54680  0.06%  45.6 2847s
 214744 23001 infeasible  136        40.57284   40.54680  0.06%  45.5 2860s
 215691 23133 infeasible  113        40.57284   40.54680  0.06%  45.4 2875s
 217100 23247   40.54680  128   64   40.57284   40.54680  0.06%  45.3 2890s
 218398 23264   40.54680  139   70   40.57284   40.54680  0.06%  45.3 2907s
 219711 23181   40.54680  113   97   40.57284   40.54680  0.06%  45.3 2919s
 220601 23265   40.54680  130   84   40.57284   40.54680  0.06%  45.3 2935s
 221902 23398 infeasible  104        40.57284   40.54680  0.06%  45.2 2948s
 223050 23501 infeasible  102        40.57284   40.54680  0.06%  45.2 2964s
 224325 23584   40.54680  124   64   40.57284   40.54680  0.06%  45.2 2980s
 225574 23690   40.54680  102  112   40.57284   40.54680  0.06%  45.2 2997s
 226942 23763   40.54680  139   62   40.57284   40.54680  0.06%  45.2 3009s
 227812 23770   40.54680  104   87   40.57284   40.54680  0.06%  45.2 3016s
 227913 23969   40.54680  106   94   40.57284   40.54680  0.06%  45.2 3038s
 229675 24164 infeasible  111        40.57284   40.54680  0.06%  45.2 3057s
 231247 24303   40.54680  112   55   40.57284   40.54680  0.06%  45.1 3076s
 232711 24389   40.54680  103   97   40.57284   40.54680  0.06%  45.0 3096s
 234245 24609   40.54680  108   69   40.57284   40.54680  0.06%  44.9 3110s
 235317 24791     cutoff  126        40.57284   40.54680  0.06%  45.0 3125s
 236409 24858   40.54680  123   88   40.57284   40.54680  0.06%  45.0 3139s
 236873 24858   40.54680  107  115   40.57284   40.54680  0.06%  45.0 3140s
 237347 25013   40.54680  106   72   40.57284   40.54680  0.06%  45.0 3156s
 238651 25020 infeasible  111        40.57284   40.54680  0.06%  45.0 3170s
 239572 25104   40.54680  105   74   40.57284   40.54680  0.06%  45.0 3190s
 241138 25175     cutoff  112        40.57284   40.54680  0.06%  44.9 3208s
 242229 25296   40.54680  106   80   40.57284   40.54680  0.06%  44.9 3228s
 243815 25366 infeasible  115        40.57284   40.54680  0.06%  44.9 3243s
 244723 25941   40.54680  106   90   40.57284   40.54680  0.06%  44.9 3264s
 246709 26448   40.54680  110   60   40.57284   40.54680  0.06%  44.7 3283s
 248577 26895   40.54680  124   66   40.57284   40.54680  0.06%  44.6 3301s
 250444 27232   40.54680  130   50   40.57284   40.54680  0.06%  44.5 3318s
 252143 27472   40.54680  119   66   40.57284   40.54680  0.06%  44.3 3334s
 253561 27472   40.54680  128   44   40.57284   40.54680  0.06%  44.2 3335s
 253774 27792   40.54680  117   62   40.57284   40.54680  0.06%  44.2 3351s
 255492 28199 infeasible  143        40.57284   40.54680  0.06%  44.1 3366s
 257037 28511 infeasible  154        40.57284   40.54680  0.06%  44.0 3388s
 259072 28575   40.54680  142   50   40.57284   40.54680  0.06%  43.8 3403s
 260289 28199 infeasible  125        40.57284   40.54680  0.06%  43.8 3428s
 261580 27834   40.54680  139   46   40.57284   40.54680  0.06%  43.6 3453s
 262815 27357 infeasible  127        40.57284   40.54680  0.06%  43.5 3475s
 264012 27292   40.54680  108   62   40.57284   40.54680  0.06%  43.4 3484s
 264312 27068   40.54680  112   54   40.57284   40.54680  0.06%  43.4 3503s
 265374 26840   40.54680  120   80   40.57284   40.54680  0.06%  43.4 3523s
 266465 26507   40.54680  118   61   40.57284   40.54680  0.06%  43.4 3545s
 267658 26442   40.54680  136   70   40.57284   40.54680  0.06%  43.4 3563s
 268697 26549 infeasible  104        40.57284   40.54680  0.06%  43.4 3578s
 269721 26755 infeasible  103        40.57284   40.54680  0.06%  43.5 3598s
 271221 26750   40.54680  135   72   40.57284   40.54680  0.06%  43.4 3600s

Cutting planes:
  Learned: 105
  Gomory: 6
  Lift-and-project: 6
  Cover: 231
  Implied bound: 224
  Projected implied bound: 1
  Clique: 70
  MIR: 54
  StrongCG: 4
  Flow cover: 322
  Inf proof: 13
  Zero half: 2
  Mod-K: 1
  RLT: 33
  Relax-and-lift: 34

Explored 271262 nodes (11868031 simplex iterations) in 3600.34 seconds (1739.16 work units)
Thread count was 8 (of 24 available processors)

Solution count 10: 40.5728 40.6032 40.8269 ... 41.2499

Time limit reached
Best objective 4.057284000000e+01, best bound 4.054680000000e+01, gap 0.0642%
