
Gurobi 10.0.0 (win64) logging started Sun Jan 21 19:51:14 2024

Set parameter LogFile to value "C:/Users\Administrator\Documents\BNC_Repo\BNC_Tests\10_MIP_Results\n40m2\Instance_Class1_Parts40_Machines2_Instance1_logfileChe21.txt"
Gurobi Optimizer version 10.0.0 build v10.0.0rc2 (win64)

CPU model: AMD EPYC 7513 32-Core Processor, instruction set [SSE2|AVX|AVX2]
Thread count: 24 physical cores, 24 logical processors, using up to 8 threads

Optimize a model with 88318 rows, 10001 columns and 467314 nonzeros
Model fingerprint: 0x1d891cfe
Variable types: 3441 continuous, 6560 integer (6560 binary)
Coefficient statistics:
  Matrix range     [4e-06, 5e+02]
  Objective range  [1e+00, 1e+00]
  Bounds range     [1e+00, 1e+00]
  RHS range        [1e+00, 7e+02]
Presolve removed 16041 rows and 3321 columns
Presolve time: 0.99s
Presolved: 72277 rows, 6680 columns, 413192 nonzeros
Variable types: 160 continuous, 6520 integer (6440 binary)
Found heuristic solution: objective 592.6576000
Root relaxation presolved: 6680 rows, 78957 columns, 419872 nonzeros


Use crossover to convert LP symmetric solution to basic solution...

Root relaxation: objective 2.781879e+01, 10457 iterations, 2.11 seconds (3.98 work units)

    Nodes    |    Current Node    |     Objective Bounds      |     Work
 Expl Unexpl |  Obj  Depth IntInf | Incumbent    BestBd   Gap | It/Node Time

     0     0   27.81879    0  216  592.65760   27.81879  95.3%     -    5s
H    0     0                     581.7183600   27.81879  95.2%     -    5s
     0     0   27.88385    0 2398  581.71836   27.88385  95.2%     -   24s
     0     0   27.97909    0 1519  581.71836   27.97909  95.2%     -   29s
     0     0   28.01977    0  591  581.71836   28.01977  95.2%     -   34s
H    0     0                     325.8529200   28.01977  91.4%     -   34s
     0     0   28.01977    0  544  325.85292   28.01977  91.4%     -   35s
     0     0   28.01977    0  575  325.85292   28.01977  91.4%     -   38s
H    0     0                     324.9040800   28.01977  91.4%     -   39s
     0     0   28.01977    0  471  324.90408   28.01977  91.4%     -   39s
     0     0   28.01977    0  229  324.90408   28.01977  91.4%     -   44s
H    0     0                     297.7169000   28.01977  90.6%     -   44s
     0     0   28.01977    0  310  297.71690   28.01977  90.6%     -   44s
     0     0   28.01977    0  234  297.71690   28.01977  90.6%     -   48s
H    0     0                     294.8204400   28.01977  90.5%     -   49s
     0     0   28.01977    0  260  294.82044   28.01977  90.5%     -   49s
     0     0   28.01977    0  251  294.82044   28.01977  90.5%     -   52s
     0     0   28.01977    0  250  294.82044   28.01977  90.5%     -   53s
H    0     0                     293.7782400   28.01977  90.5%     -   56s
H    0     0                     185.3061200   28.01977  84.9%     -   61s
H    0     0                     179.8403600   28.01977  84.4%     -   61s
H    0     2                     177.8396400   28.01977  84.2%     -   62s
     0     2   28.01977    0  250  177.83964   28.01977  84.2%     -   62s
     3     8   28.09813    2  468  177.83964   28.09813  84.2%  2556   66s
H    6     8                     162.1335600   28.10267  82.7%  2084   66s
     7    16   28.19198    3  625  162.13356   28.10267  82.7%  3294   70s
    15    24   28.44999    4 1185  162.13356   28.19198  82.6%  3408   79s
    23    32   30.39240    4  253  162.13356   28.44999  82.5%  3403   85s
H   31    39                     156.1115200   28.44999  81.8%  3208   91s
H   31    39                     152.0450200   28.44999  81.3%  3208   91s
H   32    39                     148.2106400   28.44999  80.8%  3312   91s
H   32    39                     111.5791800   28.44999  74.5%  3312   91s
H   35    39                      91.9852400   28.44999  69.1%  3059   91s
    47    47   28.84919    6 1045   91.98524   28.84044  68.6%  2697   98s
    59    56   29.85120    6  441   91.98524   28.85461  68.6%  2353  103s
H   68    67                      91.5282600   28.85990  68.5%  2221  106s
H   68    67                      75.3049400   28.85990  61.7%  2221  106s
H   69    67                      74.2789800   29.04103  60.9%  2273  106s
H   70    67                      65.5957800   29.04103  55.7%  2280  106s
    81    78   29.08577    8  815   65.59578   29.04103  55.7%  2111  112s
    94    94   29.08750    9  742   65.59578   29.04103  55.7%  1917  115s
H  112   104                      56.8310400   29.04103  48.9%  1735  118s
H  112   104                      51.6359200   29.04103  43.8%  1735  118s
H  113   104                      44.4436600   29.04103  34.7%  1729  118s
H  117   104                      42.8765000   29.04103  32.3%  1699  118s
H  118   104                      39.9782000   29.04103  27.4%  1707  118s
H  124    99                      38.9157200   29.04103  25.4%  1673  122s
   125   100   30.35690   14  250   38.91572   29.04103  25.4%  1660  126s
H  126    95                      38.8780800   29.04103  25.3%  1647  138s
H  127    91                      38.7708600   29.04103  25.1%  1634  150s
   128    92   29.43462   11  294   38.77086   29.04103  25.1%  1621  156s
   130    93   29.36881   12 1460   38.77086   29.04103  25.1%  1596  161s
H  130    88                      38.7265800   29.04103  25.0%  1596  165s
   132    90   29.32265    8 1426   38.72658   29.04103  25.0%  1572  172s
   133    90   30.37130   15 1355   38.72658   29.04103  25.0%  1560  175s
H  133    85                      38.6654200   29.04103  24.9%  1560  186s
   134    86   33.05336   11  287   38.66542   29.04103  24.9%  1548  193s
H  134    82                      38.6280200   29.04103  24.8%  1548  193s
   136    83   29.69436   12  317   38.62802   29.04103  24.8%  1526  202s
   137    84   29.16638    5  354   38.62802   29.04103  24.8%  1514  212s
   139    85   29.09208   11  389   38.62802   29.04103  24.8%  1493  225s
H  139    80                      33.1582400   29.04103  12.4%  1493  232s
H  139    76                      33.0690800   29.04103  12.2%  1493  232s
   140    77   29.54213    5  332   33.06908   29.04103  12.2%  1482  241s
H  140    73                      32.8347200   29.06429  11.5%  1482  243s
H  140    69                      31.7974600   29.06429  8.60%  1482  243s
   141    70   29.85120    7  368   31.79746   29.12324  8.41%  1471  253s
   142    70   29.41101   13  306   31.79746   29.15469  8.31%  1461  265s
   143    71   29.68543   12  363   31.79746   29.18127  8.23%  1451  275s
   144    72   29.24156    9  317   31.79746   29.24156  8.04%  1441  286s
   145    72   29.44910    5  309   31.79746   29.24156  8.04%  1431  297s
   146    73   29.41101    9  309   31.79746   29.24156  8.04%  1421  301s
   149    76   29.41101   12  306   31.79746   29.24156  8.04%  1947  313s
   150    77   29.44864   13 1201   31.79746   29.24156  8.04%  1935  318s
   151    78   30.42549   15  427   31.79746   29.24156  8.04%  1922  322s
   152    78   29.41101   11  416   31.79746   29.24156  8.04%  1909  325s
   153    79   29.41205   14  400   31.79746   29.24156  8.04%  1897  333s
   154    80   29.41101    8 1075   31.79746   29.24156  8.04%  1884  349s
   156    81   29.41101    8 1202   31.79746   29.24156  8.04%  1860  355s
   157    82   29.24156    9 1162   31.79746   29.24156  8.04%  1848  362s
   158    82   29.53576   11 1201   31.79746   29.24156  8.04%  1837  368s
   159    83   29.24442    6 1167   31.79746   29.24156  8.04%  1825  375s
   160    84   29.45514   10 1153   31.79746   29.24156  8.04%  1814  387s
   161    84   29.42446   11 1153   31.79746   29.24156  8.04%  1802  390s
   168    97   29.24156   27  202   31.79746   29.24156  8.04%  2095  402s
   184   107   31.79124   28  170   31.79746   29.24156  8.04%  2095  405s
   229   138   29.65036   31  323   31.79746   29.34012  7.73%  1899  410s
   306   185   29.95856   34  244   31.79746   29.34012  7.73%  1579  415s
   326   187   30.42496   34  682   31.79746   29.34012  7.73%  1520  425s
H  330   181                      31.7888600   29.34012  7.70%  1504  425s
   395   239   30.75390   37  190   31.78886   29.34012  7.70%  1341  430s
H  429   268                      31.7446400   29.34012  7.57%  1254  431s
H  436   268                      31.7386800   29.34012  7.56%  1235  431s
H  512   299                      31.7193800   29.34012  7.50%  1067  435s
H  522   299                      31.6421800   29.34012  7.28%  1057  435s
H  523   299                      31.4028600   29.34012  6.57%  1055  435s
   660   426   30.58667   50  139   31.40286   29.38909  6.41%   881  440s
   816   460   31.35690   69   95   31.40286   29.38909  6.41%   750  445s
   944   572   29.46563   35  213   31.40286   29.38909  6.41%   702  450s
  1215   783   30.47842   44  212   31.40286   29.38909  6.41%   577  456s
  1492  1004   30.51928   83  147   31.40286   29.40869  6.35%   498  461s
H 1591  1091                      31.3988200   29.40869  6.34%   478  463s
H 1594  1091                      31.3951400   29.40869  6.33%   480  463s
H 1634  1091                      31.3944800   29.40869  6.33%   473  464s
  1748  1236   30.47842   40  118   31.39448   29.41101  6.32%   451  466s
  2227  1574   30.45132   32  192   31.39448   29.41101  6.32%   389  473s
  2450  1836   30.45132   39  140   31.39448   29.41101  6.32%   369  475s
H 2931  2008                      31.3372400   29.41101  6.15%   331  479s
  3102  2180   30.45132   48  131   31.33724   29.41101  6.15%   316  483s
H 3194  1939                      31.0135200   29.41101  5.17%   310  483s
  3399  2140   30.45537   55  308   31.01352   29.41101  5.17%   298  486s
  3946  2640   30.46212   79  132   31.01352   29.41101  5.17%   274  490s
H 4610  2976                      31.0081200   29.41101  5.15%   244  494s
H 4661  2667                      30.8771800   29.41101  4.75%   242  494s
H 4903  2582                      30.8282400   29.41101  4.60%   235  494s
  5098  2331   29.97880   97  250   30.82824   29.41101  4.60%   229  503s
  5100  2332   30.49612   76  706   30.82824   29.41101  4.60%   229  516s
  5101  2333   30.21125   73  543   30.82824   29.41101  4.60%   229  520s
  5104  2335   30.48158   64  577   30.82824   29.41101  4.60%   229  533s
  5105  2336   30.47842   43  548   30.82824   29.41101  4.60%   229  539s
  5106  2336   30.47842   44  591   30.82824   29.41101  4.60%   229  545s
  5107  2337   30.37130   69  550   30.82824   29.41101  4.60%   229  550s
  5108  2338   29.57105   58  576   30.82824   29.41101  4.60%   229  566s
H 5108  2220                      30.6391000   29.41101  4.01%   229  572s
  5109  2220   30.53592   52  670   30.63910   29.41101  4.01%   229  578s
  5110  2221   30.51928   67  670   30.63910   29.41101  4.01%   229  591s
  5114  2228   29.41101   40  617   30.63910   29.41101  4.01%   240  595s
  5252  2281   29.41101   47  252   30.63910   29.41101  4.01%   243  600s
H 5322  2165                      30.6313800   29.41101  3.98%   241  602s
  5357  2180   30.04028   58  161   30.63138   29.41101  3.98%   240  605s
  5461  2250   30.04028   70  140   30.63138   29.41101  3.98%   237  610s
  5871  2372   29.57105   63  177   30.63138   29.41101  3.98%   225  617s
  6088  2436   30.03256   86  159   30.63138   29.41101  3.98%   220  620s
  6602  2668   29.41101   50  152   30.63138   29.41101  3.98%   208  625s
  7713  3033   29.49249   56  162   30.63138   29.41101  3.98%   188  630s
  9040  3757 infeasible  110        30.63138   29.41101  3.98%   170  636s
  9873  3745   30.61678  107  130   30.63138   29.41101  3.98%   160  641s
 11503  4387   29.41107  107  165   30.63138   29.41101  3.98%   147  647s
 12773  4825   29.41101   98  116   30.63138   29.41101  3.98%   140  651s
 13942  5042   30.42213  107  223   30.63138   29.41101  3.98%   137  655s
 14784  5361   29.57105   92  242   30.63138   29.41101  3.98%   135  660s
 15952  5792   29.42183  104  195   30.63138   29.41101  3.98%   134  665s
 17882  6418   29.96287  103  184   30.63138   29.41101  3.98%   133  673s
 18884  6412     cutoff  113        30.63138   29.41101  3.98%   133  680s
 18921  6931   29.41101  103  124   30.63138   29.41101  3.98%   134  685s
 20088  7421     cutoff  114        30.63138   29.41101  3.98%   133  691s
 21420  7606   29.48204  104  172   30.63138   29.41101  3.98%   132  696s
 22317  7831   29.41101   67  175   30.63138   29.41101  3.98%   134  702s
 23131  8429   30.56576  104  130   30.63138   29.41101  3.98%   136  708s
 24398  9425 infeasible  129        30.63138   29.41101  3.98%   136  716s
 26132 10549     cutoff  108        30.63138   29.41101  3.98%   133  725s
 28180 11870   29.50112  109  213   30.63138   29.41101  3.98%   129  734s
 30176 13329   30.46954   78   97   30.63138   29.41101  3.98%   126  744s
 32562 13960     cutoff  100        30.63138   29.41101  3.98%   122  750s
 33681 14710   30.48856  109  124   30.63138   29.41101  3.98%   120  755s
 34927 15564 infeasible   72        30.63138   29.41101  3.98%   119  760s
 36301 16032   30.16651   76  139   30.63138   29.41101  3.98%   117  765s
 37177 16798   30.09905   79  125   30.63138   29.41101  3.98%   116  770s
 38383 17574   29.41101   82  130   30.63138   29.41101  3.98%   115  776s
 39560 18430   30.15198  105  129   30.63138   29.41101  3.98%   114  782s
 40956 18932   30.49590  171   81   30.63138   29.41101  3.98%   113  789s
 42083 19060   29.58584  100  205   30.63138   29.41101  3.98%   112  793s
 42815 19427   30.62959  120  112   30.63138   29.41101  3.98%   114  798s
 43636 20197   29.41101   68  149   30.63138   29.41101  3.98%   115  804s
H43753 18334                      30.6275200   29.41101  3.97%   115  804s
 44913 19276   30.49156  111  127   30.62752   29.41101  3.97%   113  813s
*46225 17243             226      30.5580400   29.41101  3.75%   112  813s
 46673 17615   30.17908   90  112   30.55804   29.41101  3.75%   112  819s
 47839 18020   30.09905  105  145   30.55804   29.41101  3.75%   112  824s
 48664 18857   30.54957  128  104   30.55804   29.41101  3.75%   112  831s
 50056 19365   30.09905   72  196   30.55804   29.41101  3.75%   111  837s
 50960 20283   30.12721   88  189   30.55804   29.41101  3.75%   111  845s
*51547 19752             175      30.5503200   29.41101  3.73%   111  845s
 52537 20393   29.44540   83  209   30.55032   29.41101  3.73%   110  852s
 53942 20900   30.26596   87  188   30.55032   29.41101  3.73%   110  858s
 54877 21696     cutoff   78        30.55032   29.41101  3.73%   110  865s
 56145 22353   30.47312  155  108   30.55032   29.41101  3.73%   109  872s
 57420 23160 infeasible  126        30.55032   29.41101  3.73%   109  880s
 58835 23839   30.46954   98  112   30.55032   29.41101  3.73%   108  887s
 60126 24778 infeasible  103        30.55032   29.41101  3.73%   108  895s
 61888 25325   30.38359   69  129   30.55032   29.41101  3.73%   107  901s
 63005 25827 infeasible  107        30.55032   29.41101  3.73%   107  908s
 64168 26167     cutoff   99        30.55032   29.41101  3.73%   107  913s
 64953 26613   30.26345   77  193   30.55032   29.41101  3.73%   107  919s
 65490 26613   29.62449   98  222   30.55032   29.41101  3.73%   108  920s
 65908 27105   30.25784   92  140   30.55032   29.41101  3.73%   108  926s
 66846 27996   30.09905   88  115   30.55032   29.41101  3.73%   108  935s
 68400 28749   30.46954   91   93   30.55032   29.41101  3.73%   107  943s
 69739 29743     cutoff   80        30.55032   29.41101  3.73%   107  952s
 71330 30754   30.09905   77  138   30.55032   29.41101  3.73%   106  961s
 73042 31308   30.48084  111   77   30.55032   29.41101  3.73%   105  970s
 74193 32029 infeasible   96        30.55032   29.41101  3.73%   105  978s
 75464 32420     cutoff   83        30.55032   29.41101  3.73%   105  987s
 76513 32929   30.09905  118  155   30.55032   29.41101  3.73%   106  998s
 77828 33553   30.46954   78  140   30.55032   29.41101  3.73%   107 1010s
 79358 34068     cutoff  102        30.55032   29.41101  3.73%   107 1022s
 80814 34327   29.41101   77  131   30.55032   29.41101  3.73%   108 1034s
 81135 34327   29.48157  126  155   30.55032   29.41101  3.73%   108 1035s
 82025 34587     cutoff  130        30.55032   29.41101  3.73%   109 1045s
 83082 34866 infeasible  135        30.55032   29.41101  3.73%   110 1056s
 84204 35227   30.09905   78  129   30.55032   29.41101  3.73%   111 1068s
 85420 35489   29.41101  116  157   30.55032   29.41101  3.73%   112 1079s
 85891 35489   30.20348   81  166   30.55032   29.41101  3.73%   112 1080s
 86605 36047   29.41101   81  193   30.55032   29.41101  3.73%   112 1091s
 87986 36118   30.51666  118  121   30.55032   29.41101  3.73%   113 1117s
 88204 36239 infeasible  119        30.55032   29.41101  3.73%   113 1125s
 88965 36513   30.38095  105  127   30.55032   29.41101  3.73%   114 1138s
 90327 36754     cutoff  105        30.55032   29.41101  3.73%   115 1148s
 91299 37102   29.41101  102  150   30.55032   29.41101  3.73%   115 1161s
 92692 37347 infeasible  106        30.55032   29.41101  3.73%   116 1172s
 93855 37602     cutoff  108        30.55032   29.41101  3.73%   117 1184s
 94026 37602   29.47848   96  206   30.55032   29.41101  3.73%   117 1185s
 95099 37644   29.51743  114  233   30.55032   29.41101  3.73%   118 1196s
 96136 37794     cutoff  120        30.55032   29.41101  3.73%   120 1207s
 97151 38045   29.41101   82  271   30.55032   29.41101  3.73%   121 1219s
 98413 38349   29.41101   83  173   30.55032   29.41101  3.73%   122 1234s
 99819 38743   29.41101   86  120   30.55032   29.41101  3.73%   123 1250s
 101371 38978   29.49103  139  136   30.55032   29.41101  3.73%   123 1267s
 103094 39234   29.49103  124  158   30.55032   29.41101  3.73%   124 1284s
 104597 39631   30.07259  129  148   30.55032   29.41101  3.73%   125 1300s
 106367 39755   29.49103  147  126   30.55032   29.41101  3.73%   125 1312s
 107604 39771   29.49922   93  142   30.55032   29.41101  3.73%   125 1323s
 108616 39675   29.41101  129  122   30.55032   29.41101  3.73%   126 1335s
 109655 39602     cutoff  129        30.55032   29.41101  3.73%   128 1349s
 110223 39602   29.41101   95  124   30.55032   29.41101  3.73%   128 1350s
 110793 39532   30.15251   93  143   30.55032   29.41101  3.73%   129 1363s
 111886 39591 infeasible  102        30.55032   29.41101  3.73%   130 1381s
 112735 39558     cutoff  103        30.55032   29.41101  3.73%   131 1396s
 113957 39570   29.41101   89  269   30.55032   29.41101  3.73%   132 1413s
 115106 39631   29.43736  111  206   30.55032   29.41101  3.73%   134 1430s
 116364 40564     cutoff  118        30.55032   29.41101  3.73%   135 1451s
 118631 41505   30.16596  105  159   30.55032   29.41101  3.73%   134 1470s
 120871 42138   30.09905   95  136   30.55032   29.41101  3.73%   133 1484s
 122483 42401   30.14436  102  135   30.55032   29.41101  3.73%   132 1494s
 123626 42776   29.44417  104  237   30.55032   29.41101  3.73%   132 1504s
 124813 43181 infeasible  101        30.55032   29.41101  3.73%   132 1516s
 126056 43534   30.09905   80  134   30.55032   29.41101  3.73%   131 1527s
 127307 43953   29.51940   85  165   30.55032   29.41101  3.73%   131 1538s
 128546 44454 infeasible  104        30.55032   29.41101  3.73%   131 1547s
 129631 45117   29.41101   76  161   30.55032   29.41101  3.73%   131 1557s
*130518 37446             251      30.4785400   29.41101  3.50%   130 1557s
 130878 38238 infeasible   90        30.47854   29.41101  3.50%   130 1568s
 132469 38946 infeasible   93        30.47854   29.41101  3.50%   129 1578s
 133603 39754   30.46954  127   90   30.47854   29.41101  3.50%   129 1589s
*134242 39471             221      30.4742000   29.41101  3.49%   129 1589s
 135216 39868   30.10699   91  171   30.47420   29.41101  3.49%   128 1599s
 136437 40397   29.41101   78  228   30.47420   29.41101  3.49%   128 1610s
 137712 40859   29.41101   73  143   30.47420   29.41101  3.49%   128 1621s
 138941 41747   29.41101   88  161   30.47420   29.41101  3.49%   128 1633s
 140525 42527   30.19359  103  203   30.47420   29.41101  3.49%   128 1645s
 141937 43534   30.47312  161   66   30.47420   29.41101  3.49%   127 1658s
 143671 44274   30.46954  117   93   30.47420   29.41101  3.49%   127 1670s
 145186 44684 infeasible  150        30.47420   29.41101  3.49%   126 1680s
 146151 45304 infeasible   82        30.47420   29.41101  3.49%   126 1691s
 147471 45676 infeasible  101        30.47420   29.41101  3.49%   126 1704s
 148596 46416   29.51940   87  119   30.47420   29.41101  3.49%   126 1718s
 150284 47019   30.25784  109  244   30.47420   29.41101  3.49%   126 1731s
 151894 47346 infeasible   89        30.47420   29.41101  3.49%   125 1743s
 153006 48091 infeasible   94        30.47420   29.41101  3.49%   125 1758s
 154698 48623   30.09905   94  159   30.47420   29.41101  3.49%   125 1772s
 156107 49183   30.09905  117   97   30.47420   29.41101  3.49%   125 1784s
 157432 49376     cutoff   86        30.47420   29.41101  3.49%   125 1796s
 158321 49543   29.41101  108  139   30.47420   29.41101  3.49%   126 1809s
 159315 49586   29.41101   88  182   30.47420   29.41101  3.49%   126 1820s
 160135 49827 infeasible  126        30.47420   29.41101  3.49%   127 1835s
 161266 50236     cutoff   86        30.47420   29.41101  3.49%   127 1851s
 162713 50664     cutoff  104        30.47420   29.41101  3.49%   127 1866s
 164159 51275   30.42499  105  230   30.47420   29.41101  3.49%   128 1881s
 165697 51695   29.41229   82  175   30.47420   29.41101  3.49%   127 1896s
 166983 52047   29.41101  102  168   30.47420   29.41101  3.49%   128 1910s
 168121 52622   29.41101   84  184   30.47420   29.41101  3.49%   128 1926s
 169595 53280     cutoff   73        30.47420   29.41101  3.49%   128 1940s
 171022 54222   29.41101   78  165   30.47420   29.41101  3.49%   128 1955s
 172849 54722 infeasible  154        30.47420   29.41101  3.49%   127 1969s
 174207 55250     cutoff  127        30.47420   29.41101  3.49%   127 1981s
 175405 55731   29.41101   75  128   30.47420   29.41101  3.49%   127 1995s
 176603 56485   30.09905   92  160   30.47420   29.41101  3.49%   127 2009s
 178123 57041   29.41101   79  128   30.47420   29.41101  3.49%   127 2022s
 179467 57697   30.10038  139  132   30.47420   29.41101  3.49%   127 2036s
 180924 58204   30.41352   89  132   30.47420   29.41101  3.49%   127 2048s
 182170 59130   30.11260   83  105   30.47420   29.41101  3.49%   127 2062s
 183751 59576   30.12424   84  296   30.47420   29.41101  3.49%   127 2072s
 184707 60331 infeasible   93        30.47420   29.41101  3.49%   127 2085s
 186219 60815 infeasible  187        30.47420   29.41101  3.49%   126 2098s
 187389 61419   30.15198   95  144   30.47420   29.41101  3.49%   126 2110s
 188638 61976   30.09905   84  105   30.47420   29.41101  3.49%   126 2122s
 189972 62548   30.27784   98  152   30.47420   29.41101  3.49%   126 2134s
 191259 63143   30.09905   81   99   30.47420   29.41101  3.49%   126 2148s
 192598 64208   30.09905  113  165   30.47420   29.41101  3.49%   126 2164s
 194433 64811 infeasible  100        30.47420   29.41101  3.49%   125 2176s
 195797 65556 infeasible  126        30.47420   29.41101  3.49%   125 2189s
 197012 65556   30.12287   92  194   30.47420   29.41101  3.49%   125 2190s
 197233 66246   29.41101   73  138   30.47420   29.41101  3.49%   125 2203s
 198498 66756   30.09905   77  154   30.47420   29.41101  3.49%   125 2216s
 199697 67291   29.43548   84  304   30.47420   29.41101  3.49%   125 2231s
 200975 68132   29.41101   89  159   30.47420   29.41101  3.49%   125 2246s
 202513 68666   30.11260   88  145   30.47420   29.41101  3.49%   125 2261s
 203747 69252 infeasible   97        30.47420   29.41101  3.49%   125 2275s
 205064 69416   29.51940   83  138   30.47420   29.41101  3.49%   125 2288s
 205339 70069   29.51940   83  144   30.47420   29.41101  3.49%   125 2304s
 206449 70069   29.41101   85  128   30.47420   29.41101  3.49%   125 2305s
 206746 70831     cutoff   84        30.47420   29.41101  3.49%   125 2322s
 208353 71696 infeasible   78        30.47420   29.41101  3.49%   124 2338s
 209850 72399   29.41101   81  212   30.47420   29.41101  3.49%   124 2354s
 211423 73139 infeasible  132        30.47420   29.41101  3.49%   124 2369s
 212026 73139   30.28430  120  120   30.47420   29.41101  3.49%   124 2370s
 212977 73888   30.09905   88  131   30.47420   29.41101  3.49%   124 2383s
 214457 74866   29.41101   72  173   30.47420   29.41101  3.49%   124 2395s
 215741 75583   29.41408  105  170   30.47420   29.41101  3.49%   124 2406s
 216905 76200   29.41101   71   98   30.47420   29.41101  3.49%   123 2418s
 217968 76968   29.41101   86  225   30.47420   29.41101  3.49%   124 2432s
 219408 77545 infeasible   92        30.47420   29.41101  3.49%   123 2447s
 220801 78222   29.43040  132  131   30.47420   29.41101  3.49%   123 2460s
 222089 78821   30.17908  110  116   30.47420   29.41101  3.49%   123 2473s
 223380 79738   29.44970  145   89   30.47420   29.41101  3.49%   123 2486s
 224947 80293   30.14221  115  119   30.47420   29.41101  3.49%   122 2499s
 226125 80895   29.42513  101  149   30.47420   29.41101  3.49%   122 2511s
 227312 81211   29.41410  116  146   30.47420   29.41101  3.49%   122 2523s
 228185 81597 infeasible  137        30.47420   29.41101  3.49%   123 2539s
 229387 81917   30.05262  143  122   30.47420   29.41101  3.49%   123 2554s
 230643 82224   29.49284  125  131   30.47420   29.41101  3.49%   123 2569s
 231885 82484   29.49103  119   86   30.47420   29.41101  3.49%   123 2586s
 233112 82806   29.41101  100  218   30.47420   29.41101  3.49%   123 2600s
 234205 83099   30.45663  133  128   30.47420   29.41101  3.49%   123 2614s
 235254 83352   29.41101  119  102   30.47420   29.41101  3.49%   124 2629s
 235939 83352   30.17739  125  163   30.47420   29.41101  3.49%   124 2630s
 236283 83750   29.44350  104  154   30.47420   29.41101  3.49%   124 2646s
 237524 84172   29.41466  108  162   30.47420   29.41101  3.49%   124 2665s
 238966 84768   30.46954  104   78   30.47420   29.41101  3.49%   124 2683s
 240411 85157   30.40591  134  125   30.47420   29.41101  3.49%   124 2702s
 241758 85537   29.41101  113   97   30.47420   29.41101  3.49%   124 2720s
 243013 85903   30.28772  143   96   30.47420   29.41101  3.49%   125 2736s
 244140 86266 infeasible  112        30.47420   29.41101  3.49%   125 2752s
 245263 86712   30.13409  119  217   30.47420   29.41101  3.49%   125 2771s
 246602 87135   29.41101  100   94   30.47420   29.41101  3.49%   125 2790s
 247941 87732   29.41101   82   89   30.47420   29.41101  3.49%   125 2809s
 249430 88124   30.17908  122  118   30.47420   29.41101  3.49%   125 2827s
 250785 88757   30.09905  100   94   30.47420   29.41101  3.49%   125 2844s
 252327 89300   29.64670  131  151   30.47420   29.41101  3.49%   125 2859s
 253648 89860   29.41454  118  119   30.47420   29.41101  3.49%   125 2876s
 254957 90356   29.41101  114   87   30.47420   29.41101  3.49%   126 2890s
 256119 90911   30.34477  120  209   30.47420   29.41101  3.49%   126 2905s
 257319 91405 infeasible  142        30.47420   29.41101  3.49%   126 2921s
 258667 91708   30.29440  120  202   30.47420   29.41101  3.49%   126 2935s
 259854 92041   30.45663  110  109   30.47420   29.41101  3.49%   126 2949s
 260582 92041 infeasible  100        30.47420   29.41101  3.49%   126 2950s
 260971 92367   30.45663  120  117   30.47420   29.41101  3.49%   126 2964s
 262091 92428   29.51683  142  124   30.47420   29.41101  3.49%   127 2979s
 263038 92677   30.17236  131   99   30.47420   29.41101  3.49%   127 2996s
 264269 92730   29.57105  107  187   30.47420   29.41101  3.49%   127 3012s
 265316 92723   30.16414  119  143   30.47420   29.41101  3.49%   128 3026s
 266262 92850 infeasible  117        30.47420   29.41101  3.49%   128 3042s
 267283 93115   30.36416  100  167   30.47420   29.41101  3.49%   128 3062s
 268557 93248   29.87367  129  122   30.47420   29.41101  3.49%   129 3082s
 269833 93848     cutoff  104        30.47420   29.41101  3.49%   129 3103s
 271427 94419   29.98620  132  119   30.47420   29.41101  3.49%   129 3125s
 273063 94879   30.45663  114  172   30.47420   29.41101  3.49%   129 3144s
 274282 94879     cutoff  142        30.47420   29.41101  3.49%   130 3145s
 274466 95273   29.41101  129  105   30.47420   29.41101  3.49%   130 3158s
 275427 95751   29.41101  134  109   30.47420   29.41101  3.49%   130 3176s
 276686 96236   29.41101  130   83   30.47420   29.41101  3.49%   130 3195s
 278072 96764     cutoff  135        30.47420   29.41101  3.49%   131 3212s
 279297 96965   30.20839  149   92   30.47420   29.41101  3.49%   131 3230s
 280383 97081 infeasible  159        30.47420   29.41101  3.49%   132 3249s
 281392 97081   29.43055  142  167   30.47420   29.41101  3.49%   132 3250s
 281492 97245 infeasible  154        30.47420   29.41101  3.49%   132 3271s
 282738 97131     cutoff  139        30.47420   29.41101  3.49%   133 3288s
 283627 97007 infeasible  118        30.47420   29.41101  3.49%   133 3303s
 284478 96869   30.21825  135  117   30.47420   29.41101  3.49%   134 3318s
 285319 96737     cutoff  130        30.47420   29.41101  3.49%   134 3332s
 286127 96548     cutoff  122        30.47420   29.41101  3.49%   135 3348s
 286741 96334     cutoff  140        30.47420   29.41101  3.49%   136 3364s
 287401 96128   30.22773  124  136   30.47420   29.41101  3.49%   136 3380s
 288110 95965     cutoff  141        30.47420   29.41101  3.49%   137 3400s
 289014 95786   30.45663  142  126   30.47420   29.41101  3.49%   138 3420s
 289875 95629     cutoff  136        30.47420   29.41101  3.49%   139 3440s
 290763 95486     cutoff  120        30.47420   29.41101  3.49%   139 3461s
 291786 95362 infeasible  123        30.47420   29.41101  3.49%   140 3484s
 292917 95312   30.30933  112  133   30.47420   29.41101  3.49%   141 3508s
 294126 95352   30.17355  100  126   30.47420   29.41101  3.49%   141 3535s
 295519 95384 infeasible  156        30.47420   29.41101  3.49%   142 3549s
 296260 95384   30.25464  159  126   30.47420   29.41101  3.49%   142 3550s
 296361 95534 infeasible  153        30.47420   29.41101  3.49%   142 3572s
 297723 95763   29.41101  122  110   30.47420   29.41101  3.49%   143 3593s
 298972 95786   30.37562  110  160   30.47420   29.41101  3.49%   143 3600s

Cutting planes:
  Learned: 757
  Gomory: 21
  Cover: 3391
  Implied bound: 1539
  Projected implied bound: 4
  Clique: 11
  MIR: 91
  StrongCG: 31
  Flow cover: 1342
  Inf proof: 297
  Zero half: 155
  RLT: 190
  Relax-and-lift: 89

Explored 299144 nodes (42800653 simplex iterations) in 3600.42 seconds (2979.83 work units)
Thread count was 8 (of 24 available processors)

Solution count 10: 30.4742 30.4742 30.4785 ... 30.8772

Time limit reached
Best objective 3.047420000000e+01, best bound 2.941100585366e+01, gap 3.4888%
