
Gurobi 10.0.0 (win64) logging started Sun Jan 21 21:51:23 2024

Set parameter LogFile to value "C:/Users\Administrator\Documents\BNC_Repo\BNC_Tests\10_MIP_Results\n40m2\Instance_Class1_Parts40_Machines2_Instance1_logfileChe2021.txt"
Gurobi Optimizer version 10.0.0 build v10.0.0rc2 (win64)

CPU model: AMD EPYC 7513 32-Core Processor, instruction set [SSE2|AVX|AVX2]
Thread count: 24 physical cores, 24 logical processors, using up to 8 threads

Optimize a model with 88318 rows, 10001 columns and 467314 nonzeros
Model fingerprint: 0x1d891cfe
Variable types: 3441 continuous, 6560 integer (6560 binary)
Coefficient statistics:
  Matrix range     [4e-06, 5e+02]
  Objective range  [1e+00, 1e+00]
  Bounds range     [1e+00, 1e+00]
  RHS range        [1e+00, 7e+02]
Presolve removed 16041 rows and 3321 columns
Presolve time: 0.96s
Presolved: 72277 rows, 6680 columns, 413192 nonzeros
Variable types: 160 continuous, 6520 integer (6440 binary)
Found heuristic solution: objective 592.6576000
Root relaxation presolved: 6680 rows, 78957 columns, 419872 nonzeros


Use crossover to convert LP symmetric solution to basic solution...

Root relaxation: objective 2.781879e+01, 9991 iterations, 2.00 seconds (3.71 work units)
Total elapsed time = 6.39s

    Nodes    |    Current Node    |     Objective Bounds      |     Work
 Expl Unexpl |  Obj  Depth IntInf | Incumbent    BestBd   Gap | It/Node Time

     0     0   27.81879    0  696  592.65760   27.81879  95.3%     -    7s
H    0     0                     556.6901200   27.81879  95.0%     -    7s
     0     0   27.83466    0  848  556.69012   27.83466  95.0%     -   33s
H    0     0                     326.1668800   27.83466  91.5%     -   35s
     0     0   27.89667    0 1710  326.16688   27.89667  91.4%     -   47s
     0     0   27.89802    0 1646  326.16688   27.89802  91.4%     -   48s
     0     0   27.95912    0  905  326.16688   27.95912  91.4%     -   63s
H    0     0                     246.9675600   27.95912  88.7%     -   63s
     0     0   28.01977    0  542  246.96756   28.01977  88.7%     -   66s
     0     0   28.01977    0  503  246.96756   28.01977  88.7%     -   73s
H    0     0                     244.7675600   28.01977  88.6%     -   74s
     0     0   28.01977    0  432  244.76756   28.01977  88.6%     -   75s
     0     0   28.13061    0  958  244.76756   28.13061  88.5%     -   87s
H    0     0                     221.9663800   28.13061  87.3%     -   88s
     0     0   28.15498    0  897  221.96638   28.15498  87.3%     -   95s
     0     0   28.16752    0 1175  221.96638   28.16752  87.3%     -  113s
     0     0   28.17571    0 1238  221.96638   28.17571  87.3%     -  123s
     0     0   28.18088    0  574  221.96638   28.18088  87.3%     -  141s
H    0     0                     208.7192200   28.18088  86.5%     -  141s
     0     0   28.18719    0  421  208.71922   28.18719  86.5%     -  144s
     0     0   28.18854    0  404  208.71922   28.18854  86.5%     -  154s
     0     0   28.18860    0  369  208.71922   28.18860  86.5%     -  156s
     0     0   28.18886    0  375  208.71922   28.18886  86.5%     -  160s
H    0     0                     185.6665200   28.18886  84.8%     -  161s
     0     0   28.18887    0  378  185.66652   28.18887  84.8%     -  163s
     0     0   28.18896    0  418  185.66652   28.18896  84.8%     -  169s
     0     0   28.18896    0  364  185.66652   28.18896  84.8%     -  171s
     0     0   28.18906    0  357  185.66652   28.18906  84.8%     -  179s
H    0     0                     166.0143600   28.18906  83.0%     -  180s
     0     0   28.18906    0  360  166.01436   28.18906  83.0%     -  180s
     0     0   28.18906    0  361  166.01436   28.18906  83.0%     -  186s
     0     0   28.18906    0  208  166.01436   28.18906  83.0%     -  187s
H    0     0                     145.7625000   28.18906  80.7%     -  190s
H    0     0                     143.6513800   28.18906  80.4%     -  192s
H    0     0                      67.1161400   28.18906  58.0%     -  194s
     0     0   28.18906    0  615   67.11614   28.18906  58.0%     -  201s
H    0     0                      65.2092000   28.18906  56.8%     -  205s
     0     0   28.66547    0 1705   65.20920   28.66547  56.0%     -  222s
H    0     0                      62.3739000   28.66547  54.0%     -  241s
H    0     0                      56.4476800   28.66547  49.2%     -  241s
     0     0   28.82357    0 1618   56.44768   28.82357  48.9%     -  241s
     0     0   28.82881    0  721   56.44768   28.82881  48.9%     -  254s
H    0     0                      53.1449400   28.82881  45.8%     -  255s
H    0     0                      51.6296400   28.82881  44.2%     -  261s
H    0     0                      51.5833200   28.82881  44.1%     -  261s
H    0     0                      46.4504400   28.82881  37.9%     -  261s
H    0     0                      44.9246400   28.82881  35.8%     -  261s
H    0     0                      39.8891800   28.82881  27.7%     -  261s
     0     0   28.82881    0 1522   39.88918   28.82881  27.7%     -  261s
     0     0   28.82881    0 1611   39.88918   28.82881  27.7%     -  277s
     0     0   28.82881    0 1576   39.88918   28.82881  27.7%     -  282s
H    0     0                      39.8498400   28.82881  27.7%     -  291s
H    0     0                      39.2335400   28.82881  26.5%     -  298s
H    0     0                      38.5013200   28.82881  25.1%     -  298s
H    0     0                      36.5671000   28.82881  21.2%     -  298s
     0     0   28.82881    0 1536   36.56710   28.82881  21.2%     -  298s
     0     0   28.82881    0 1514   36.56710   28.82881  21.2%     -  304s
     0     0   28.82881    0 1563   36.56710   28.82881  21.2%     -  314s
     0     0   28.82881    0 1502   36.56710   28.82881  21.2%     -  315s
H    0     0                      35.0969000   28.82881  17.9%     -  328s
     0     2   28.82881    0 1502   35.09690   28.82881  17.9%     -  328s
     1     4   28.82881    1  394   35.09690   28.82881  17.9%  4636  331s
     3     8   28.86963    2  933   35.09690   28.82881  17.9%  5733  335s
     7    16   28.89308    3 1244   35.09690   28.83252  17.8%  5081  341s
    23    30   30.03423    4  961   35.09690   28.94112  17.5%  6821  354s
H   31    38                      35.0708600   28.98244  17.4%  5919  357s
H   32    38                      34.9278200   28.99053  17.0%  5753  357s
H   33    38                      34.9059400   28.99053  16.9%  5838  357s
    39    46   29.26901    6  963   34.90594   28.99347  16.9%  5359  361s
    56    66   29.63810    7  537   34.90594   28.99347  16.9%  5177  367s
H   67    78                      34.8969400   28.99347  16.9%  4579  370s
H   76    78                      34.7193800   28.99347  16.5%  4275  370s
    93   111   29.73931   11 1374   34.71938   28.99347  16.5%  4098  376s
H  115   125                      34.2726000   28.99347  15.4%  3493  379s
H  116   125                      34.2484600   28.99347  15.3%  3475  379s
   128   146   29.74713   13 1345   34.24846   28.99347  15.3%  3275  384s
H  151   166                      34.0722400   28.99347  14.9%  2980  391s
H  159   166                      33.9946800   28.99347  14.7%  2854  391s
H  161   166                      33.8503600   28.99347  14.3%  2831  391s
H  166   166                      33.7324600   28.99347  14.0%  2783  391s
H  206   208                      33.7281200   28.99347  14.0%  2366  398s
H  206   208                      33.2123000   28.99347  12.7%  2366  398s
   220   223   30.23272   21  213   33.21230   28.99347  12.7%  2272  401s
H  261   227                      33.1211600   28.99347  12.5%  1995  407s
H  262   227                      32.9845400   28.99347  12.1%  1987  407s
H  269   227                      32.0260800   28.99347  9.47%  2029  408s
   270   268   30.38747   26  234   32.02608   28.99347  9.47%  2023  410s
H  331   308                      31.4271600   28.99347  7.74%  1727  412s
   359   326 infeasible   37        31.42716   29.09091  7.43%  1659  416s
   485   446   29.99124   51  136   31.42716   29.09091  7.43%  1318  420s
H  567   479                      31.2201600   29.09091  6.82%  1157  424s
   647   459   29.97852   60  116   31.22016   29.09091  6.82%  1036  427s
H  679   459                      31.2008600   29.09091  6.76%   988  427s
   694   469   29.97852   69  142   31.20086   29.09091  6.76%   992  430s
H  772   493                      31.1545400   29.09091  6.62%   929  433s
H  780   493                      30.9010000   29.09091  5.86%   923  433s
   811   478 infeasible   81        30.90100   29.17529  5.58%   911  443s
   878   551   29.30998    5  275   30.90100   29.19060  5.54%   906  445s
   981   612   29.41703   12  214   30.90100   29.32655  5.10%   836  453s
H 1029   612                      30.8997800   29.33098  5.08%   812  453s
H 1088   694                      30.8727600   29.33098  4.99%   803  456s
  1205   802   30.31964    8  208   30.87276   29.33098  4.99%   747  460s
H 1215   791                      30.7953600   29.33098  4.76%   741  460s
H 1403   819                      30.7376600   29.33098  4.58%   668  463s
  1502   800   30.47842   23  208   30.73766   29.33098  4.58%   637  500s
  1504   801   30.54966   31  273   30.73766   29.33098  4.58%   636  515s
  1506   803   29.49103   16  977   30.73766   29.33098  4.58%   635  526s
  1507   803   29.97852   55 1024   30.73766   29.33098  4.58%   635  531s
  1509   805   29.49103   15 1054   30.73766   29.33098  4.58%   634  573s
  1510   805   30.21125   14  632   30.73766   29.33098  4.58%   633  578s
  1511   806   30.53135   21 1367   30.73766   29.33098  4.58%   633  584s
  1512   807   29.41107   38 1517   30.73766   29.33098  4.58%   632  591s
  1513   807   30.03256   55 1665   30.73766   29.33098  4.58%   632  599s
  1514   808   30.66904   32 1658   30.73766   29.33098  4.58%   632  603s
  1515   809   30.45132   23 1686   30.73766   29.33098  4.58%   631  622s
  1516   809   29.78111   28  667   30.73766   29.33098  4.58%   631  630s
  1517   810   30.42549   20  458   30.73766   29.33098  4.58%   630  643s
  1518   811   30.56318   33  458   30.73766   29.33098  4.58%   630  645s
  1519   814   29.33098   16  531   30.73766   29.33098  4.58%   703  650s
  1521   817   29.33098   17  259   30.73766   29.33098  4.58%   712  657s
  1525   820   29.50446   18  219   30.73766   29.33098  4.58%   724  660s
  1532   821   29.53305   19  214   30.73766   29.33098  4.58%   731  665s
  1556   829   30.20075   21  302   30.73766   29.33098  4.58%   748  670s
  1619   874   29.79037   23  135   30.73766   29.33098  4.58%   752  675s
  1716   918   29.79037   26  132   30.73766   29.33098  4.58%   727  680s
  1771   951   30.10793   28  128   30.73766   29.33098  4.58%   711  685s
H 1854   931                      30.7376600   29.33098  4.58%   687  689s
  1862   952   29.79037   30  144   30.73766   29.33098  4.58%   686  690s
  1910   955   30.05501   32  149   30.73766   29.33098  4.58%   672  695s
  1937   952   29.79037   33  142   30.73766   29.33098  4.58%   669  701s
H 1987   919                      30.5574000   29.33098  4.01%   658  707s
  2049   954   29.79037   36  131   30.55740   29.33098  4.01%   646  710s
  2217  1018   29.84330   39  124   30.55740   29.33098  4.01%   608  715s
  2435  1098   29.84755   45  152   30.55740   29.33098  4.01%   562  721s
  2596  1104   29.84830   49  186   30.55740   29.33098  4.01%   534  726s
  2736  1170   29.84923   54  165   30.55740   29.33098  4.01%   512  731s
  2969  1280   29.90950   69   92   30.55740   29.41101  3.75%   479  738s
  3140  1452   29.41101   35  123   30.55740   29.41101  3.75%   456  743s
  3495  1403   29.41524   97  119   30.55740   29.41101  3.75%   416  750s
  3722  1769   29.46732   44  239   30.55740   29.41101  3.75%   399  758s
  4321  1944   30.25910   49  107   30.55740   29.41101  3.75%   355  766s
H 4367  1944                      30.5503200   29.41101  3.73%   352  766s
  4723  2225   29.41524   64  130   30.55032   29.41101  3.73%   334  777s
  5305  2807   30.27456   49   80   30.55032   29.41101  3.73%   310  790s
  6315  3425   29.49103   35  126   30.55032   29.41101  3.73%   277  808s
  7481  4336   30.50172   55  116   30.55032   29.41101  3.73%   248  827s
  9011  5115   29.41524   59  115   30.55032   29.41101  3.73%   219  843s
 10256  6088   30.15757   68  193   30.55032   29.41101  3.73%   203  860s
 11772  7620   29.41101   50   88   30.55032   29.41101  3.73%   189  882s
 14001  8624     cutoff  113        30.55032   29.41101  3.73%   168  899s
 15311  8624   29.76236  109  124   30.55032   29.41101  3.73%   160  900s
 15668  9540   29.41101   72   92   30.55032   29.41101  3.73%   159  923s
 17430 10118   29.49103   69  103   30.55032   29.41101  3.73%   156  937s
 18480 10153   30.31979   70  123   30.55032   29.41101  3.73%   154  947s
 18580 10815   29.41101   60   83   30.55032   29.41101  3.73%   154  963s
 19867 11537   29.41101   70  123   30.55032   29.41101  3.73%   153  979s
 20705 11537   30.44260   73  137   30.55032   29.41101  3.73%   153  980s
 21195 12129   29.41101   43  110   30.55032   29.41101  3.73%   152  998s
 22499 12626   29.41101   63   87   30.55032   29.41101  3.73%   152 1016s
 23786 13203   29.41101   70   94   30.55032   29.41101  3.73%   153 1033s
 25110 13717   29.41101   79  104   30.55032   29.41101  3.73%   153 1054s
 26064 13717   29.47787   79  207   30.55032   29.41101  3.73%   152 1055s
 26671 14257   29.41660   88  197   30.55032   29.41101  3.73%   152 1074s
 26883 14257 infeasible   81        30.55032   29.41101  3.73%   152 1075s
 28241 14598   29.44913   84   77   30.55032   29.41101  3.73%   151 1089s
 29161 15094   29.46265   85  265   30.55032   29.41101  3.73%   151 1108s
 30606 15095   29.41101   36  208   30.55032   29.41101  3.73%   150 1132s
 30608 15096   29.41101   64  608   30.55032   29.41101  3.73%   150 1161s
 30610 15098   29.42538   79  607   30.55032   29.41101  3.73%   150 1189s
 30611 15098   29.41101   73  401   30.55032   29.41101  3.73%   150 1223s
 30612 15099   29.41524   83 1173   30.55032   29.41101  3.73%   150 1241s
 30613 15100   29.41524  101  390   30.55032   29.41101  3.73%   150 1248s
 30614 15100   29.43694   71  302   30.55032   29.41101  3.73%   150 1270s
 30615 15101   29.41524   93  404   30.55032   29.41101  3.73%   150 1277s
 30616 15102   29.41193   50  560   30.55032   29.41101  3.73%   150 1311s
 30617 15102   29.41101   68 1391   30.55032   29.41101  3.73%   150 1319s
 30618 15103   30.47826   76  382   30.55032   29.41101  3.73%   150 1344s
 30619 15104   30.09905   35  458   30.55032   29.41101  3.73%   150 1347s
 30620 15104   29.41101   64  393   30.55032   29.41101  3.73%   150 1366s
 30622 15106   29.41524   72  404   30.55032   29.41101  3.73%   150 1391s
 30623 15106   29.49103   54  455   30.55032   29.41101  3.73%   150 1395s
 30624 15107   30.49918   86  345   30.55032   29.41101  3.73%   150 1409s
 30625 15108   29.43694   81  437   30.55032   29.41101  3.73%   150 1416s
 30626 15108   29.57105   60  376   30.55032   29.41101  3.73%   150 1444s
 30627 15109   29.49103   70  431   30.55032   29.41101  3.73%   150 1446s
 30628 15110   29.76236   81  341   30.55032   29.41101  3.73%   150 1477s
 30629 15110   29.49103   81  394   30.55032   29.41101  3.73%   150 1483s
 30630 15111   29.41101   48  420   30.55032   29.41101  3.73%   150 1511s
 30631 15112   29.41101   54  435   30.55032   29.41101  3.73%   150 1519s
 30632 15112   29.44970  163  431   30.55032   29.41101  3.73%   150 1557s
 30633 15113   29.41524   83  456   30.55032   29.41101  3.73%   150 1572s
 30634 15114   29.41524   78  427   30.55032   29.41101  3.73%   150 1598s
 30635 15114   29.41101   62  435   30.55032   29.41101  3.73%   150 1605s
 30636 15115   29.49103   54  381   30.55032   29.41101  3.73%   150 1621s
 30637 15116   29.49103   48  381   30.55032   29.41101  3.73%   150 1630s
 30638 15119   29.41101   25 1184   30.55032   29.41101  3.73%   156 1636s
 30640 15123   29.41101   26  435   30.55032   29.41101  3.73%   157 1641s
 30652 15127   29.41101   28  599   30.55032   29.41101  3.73%   159 1651s
 30660 15128   29.49904   29  511   30.55032   29.41101  3.73%   160 1655s
 30668 15129     cutoff   29        30.55032   29.41101  3.73%   161 1661s
 30676 15135   29.82738   30  630   30.55032   29.41101  3.73%   162 1665s
 30698 15154   30.46551   31  313   30.55032   29.41101  3.73%   163 1670s
 30713 15156     cutoff   31        30.55032   29.41101  3.73%   164 1676s
 30801 15209   30.05501   33  189   30.55032   29.41101  3.73%   164 1681s
 30891 15253   30.10793   40  210   30.55032   29.41101  3.73%   165 1685s
 31023 15266   30.47842   49  334   30.55032   29.41101  3.73%   165 1708s
 31093 15321   30.47842   51  357   30.55032   29.41101  3.73%   165 1710s
 31257 15320 infeasible   59        30.55032   29.41101  3.73%   164 1718s
 31298 15327   29.52142   31  228   30.55032   29.41101  3.73%   165 1721s
 31422 15347   29.89115   51  139   30.55032   29.41101  3.73%   166 1726s
 31518 15375 infeasible   73        30.55032   29.41101  3.73%   166 1734s
 31558 15394     cutoff   31        30.55032   29.41101  3.73%   167 1736s
 31684 15485   30.29933   31  272   30.55032   29.41101  3.73%   168 1741s
 31812 15558 infeasible   40        30.55032   29.41101  3.73%   168 1747s
 32023 15569   30.17908   49  139   30.55032   29.41101  3.73%   167 1753s
 32156 15665   29.42351   39  251   30.55032   29.41101  3.73%   167 1760s
 32354 15726   29.42351   40  240   30.55032   29.41101  3.73%   168 1766s
 32534 15716   29.49103   43  150   30.55032   29.41101  3.73%   168 1770s
 32657 15859   29.49103   45  150   30.55032   29.41101  3.73%   169 1776s
 32896 15964   29.49103   51  120   30.55032   29.41101  3.73%   169 1782s
 33181 16069   29.58094   64  117   30.55032   29.41101  3.73%   169 1791s
 33565 16098   29.69734   93  242   30.55032   29.41101  3.73%   169 1799s
 33817 16238   29.49989   73  188   30.55032   29.41101  3.73%   170 1808s
 34155 16178   30.19603   55  525   30.55032   29.41101  3.73%   170 1815s
 34306 16202   29.41225   63  206   30.55032   29.41101  3.73%   172 1824s
 34501 16167     cutoff   65        30.55032   29.41101  3.73%   174 1832s
 34590 16148   29.87976   64  422   30.55032   29.41101  3.73%   177 1842s
 34701 16098   30.27902   62  212   30.55032   29.41101  3.73%   181 1854s
 34774 16061   30.19041   56  436   30.55032   29.41101  3.73%   184 1867s
 34840 16032   30.35109   53  200   30.55032   29.41101  3.73%   188 1875s
 34903 16016   30.44649   52  854   30.55032   29.41101  3.73%   192 1884s
 35012 16180   30.32996   60  199   30.55032   29.41101  3.73%   195 1897s
 35348 16217   29.41561   64  186   30.55032   29.41101  3.73%   197 1909s
 35637 16121     cutoff   53        30.55032   29.41101  3.73%   197 1910s
 35665 16401   30.20307   64  244   30.55032   29.41101  3.73%   199 1927s
 36230 16449   29.52445   62  177   30.55032   29.41101  3.73%   200 1953s
 36684 16574   30.42575   55  261   30.55032   29.41101  3.73%   202 1970s
 37189 16761   30.11898   59  226   30.55032   29.41101  3.73%   203 1994s
 37994 16806   29.41101   53  118   30.55032   29.41101  3.73%   205 2011s
 38605 16963   29.41101   49   98   30.55032   29.41101  3.73%   207 2032s
 39208 17090   30.11577   61  194   30.55032   29.41101  3.73%   207 2053s
 39888 17226   29.41101   61  104   30.55032   29.41101  3.73%   210 2077s
 40628 17475   30.13902   65  600   30.55032   29.41101  3.73%   214 2106s
 41648 17576   29.49103   75  139   30.55032   29.41101  3.73%   216 2137s
 42562 17590   30.17908   80  112   30.55032   29.41101  3.73%   219 2164s
 42787 17515   29.49988   81  125   30.55032   29.41101  3.73%   223 2165s
 43474 17607   30.04352   69  160   30.55032   29.41101  3.73%   226 2193s
 44343 17486   29.87545   58  289   30.55032   29.41101  3.73%   232 2220s
 45045 17473   30.10671   70  155   30.55032   29.41101  3.73%   238 2254s
 45830 17826   29.60186   67  139   30.55032   29.41101  3.73%   244 2320s
 47844 17567 infeasible   82        30.55032   29.41101  3.73%   249 2370s
 49280 17534 infeasible   74        30.55032   29.41101  3.73%   252 2412s
 50570 17660   30.51965   66  138   30.55032   29.41101  3.73%   256 2456s
 52010 17575     cutoff   92        30.55032   29.41101  3.73%   260 2501s
 53237 17396   29.45428   76  246   30.55032   29.41101  3.73%   265 2541s
 54248 17439   29.41713   71  190   30.55032   29.41101  3.73%   270 2602s
 55969 17085 infeasible   98        30.55032   29.41101  3.73%   273 2646s
 57207 16779 infeasible   89        30.55032   29.41101  3.73%   278 2699s
 57455 16696 infeasible   77        30.55032   29.41101  3.73%   279 2700s
 57726 16900 infeasible   90        30.55032   29.41101  3.73%   282 2746s
 58983 16663   29.41101   63  122   30.55032   29.41101  3.73%   286 2790s
 59975 16334   30.25784   61  208   30.55032   29.41101  3.73%   289 2837s
 59977 16335   29.41937   76  701   30.55032   29.41101  3.73%   289 2904s
 59978 16336   29.49103   77  721   30.55032   29.41101  3.73%   289 2906s
 59979 16337   29.41101   83  613   30.55032   29.41101  3.73%   289 2914s
 59980 16337   29.41101   89  333   30.55032   29.41101  3.73%   289 2951s
 59981 16338   29.51911   87 1051   30.55032   29.41101  3.73%   289 3005s
 59983 16339   30.25784   72  303   30.55032   29.41101  3.73%   289 3051s
 59985 16341   29.49103   64 1393   30.55032   29.41101  3.73%   289 3080s
 59987 16342   29.41101   81 1303   30.55032   29.41101  3.73%   289 3102s
 59988 16343   29.41101   80  617   30.55032   29.41101  3.73%   289 3106s
 59989 16343   29.42541   78  615   30.55032   29.41101  3.73%   289 3124s
 59990 16344   29.49103   76  617   30.55032   29.41101  3.73%   289 3127s
 59991 16345   30.27878  100  622   30.55032   29.41101  3.73%   289 3154s
 59992 16345   29.41714   74  617   30.55032   29.41101  3.73%   289 3158s
 59993 16346   29.41101   72  750   30.55032   29.41101  3.73%   289 3178s
 59994 16347   29.49988   72  590   30.55032   29.41101  3.73%   289 3181s
 59995 16347   29.41101   72  598   30.55032   29.41101  3.73%   289 3199s
 59996 16348   29.41317   64  624   30.55032   29.41101  3.73%   289 3209s
 59997 16349   29.41101   73  696   30.55032   29.41101  3.73%   289 3242s
 59998 16349   29.89115   35  770   30.55032   29.41101  3.73%   289 3249s
 59999 16350   29.41101   72  700   30.55032   29.41101  3.73%   289 3282s
 60000 16351   30.17908   66 1448   30.55032   29.41101  3.73%   289 3292s
 60001 16351   29.41101   67  641   30.55032   29.41101  3.73%   289 3326s
 60002 16352   29.41101   88  587   30.55032   29.41101  3.73%   289 3337s
 60003 16353   29.43086   67  619   30.55032   29.41101  3.73%   289 3365s
 60004 16353   29.41101   54  612   30.55032   29.41101  3.73%   289 3373s
 60005 16354   30.38595   73  587   30.55032   29.41101  3.73%   289 3406s
 60006 16355   29.41101   61  597   30.55032   29.41101  3.73%   289 3416s
 60007 16355   29.49103   67  586   30.55032   29.41101  3.73%   289 3449s
 60008 16356   30.28732   65  545   30.55032   29.41101  3.73%   289 3464s
 60009 16357   30.52702   93  566   30.55032   29.41101  3.73%   289 3495s
 60011 16358   29.45356  146  574   30.55032   29.41101  3.73%   289 3518s
 60012 16359   29.41101   85  594   30.55032   29.41101  3.73%   289 3521s
 60013 16359   29.41101   70  598   30.55032   29.41101  3.73%   289 3545s
 60015 16361   30.27878  100  490   30.55032   29.41101  3.73%   289 3574s
 60016 16361   29.41101   69  490   30.55032   29.41101  3.73%   289 3585s
 60019 16368   29.41101   41  388   30.55032   29.41101  3.73%   293 3592s
 60023 16371   29.41101   42  335   30.55032   29.41101  3.73%   293 3598s
 60031 16375   29.41101   43  314   30.55032   29.41101  3.73%   293 3600s

Cutting planes:
  Learned: 15
  Gomory: 7
  Lift-and-project: 10
  Cover: 16
  Implied bound: 169
  Clique: 5
  MIR: 58
  StrongCG: 32
  Flow cover: 288
  Inf proof: 1
  Zero half: 17
  Mod-K: 1
  RLT: 20
  Relax-and-lift: 88

Explored 60038 nodes (17840188 simplex iterations) in 3600.23 seconds (5854.82 work units)
Thread count was 8 (of 24 available processors)

Solution count 10: 30.5503 30.5574 30.7377 ... 31.2009

Time limit reached
Best objective 3.055032000000e+01, best bound 2.941100585366e+01, gap 3.7293%
