
Gurobi 10.0.0 (win64) logging started Mon Jan 22 09:03:31 2024

Set parameter LogFile to value "C:/Users\Administrator\Documents\BNC_Repo\BNC_Tests\10_MIP_Results\n40m2\Instance_Class2_Parts40_Machines2_Instance1_logfileChe1021.txt"
Gurobi Optimizer version 10.0.0 build v10.0.0rc2 (win64)

CPU model: AMD EPYC 7513 32-Core Processor, instruction set [SSE2|AVX|AVX2]
Thread count: 24 physical cores, 24 logical processors, using up to 8 threads

Optimize a model with 88318 rows, 10001 columns and 460438 nonzeros
Model fingerprint: 0x3e2c2e62
Variable types: 3441 continuous, 6560 integer (6560 binary)
Coefficient statistics:
  Matrix range     [4e-06, 4e+02]
  Objective range  [1e+00, 1e+00]
  Bounds range     [1e+00, 1e+00]
  RHS range        [1e+00, 7e+02]
Presolve removed 20245 rows and 3363 columns
Presolve time: 1.34s
Presolved: 68073 rows, 6638 columns, 398404 nonzeros
Variable types: 160 continuous, 6478 integer (6398 binary)
Found heuristic solution: objective 1621.3808000
Root relaxation presolved: 6638 rows, 74711 columns, 405042 nonzeros


Use crossover to convert LP symmetric solution to basic solution...

Root relaxation: objective 8.755847e+01, 2442 iterations, 1.04 seconds (1.49 work units)
Total elapsed time = 5.15s

    Nodes    |    Current Node    |     Objective Bounds      |     Work
 Expl Unexpl |  Obj  Depth IntInf | Incumbent    BestBd   Gap | It/Node Time

     0     0   87.55847    0  101 1621.38080   87.55847  94.6%     -    5s
     0     0   87.55847    0  560 1621.38080   87.55847  94.6%     -    9s
H    0     0                     896.6856000   87.55847  90.2%     -   10s
     0     0   87.55847    0  532  896.68560   87.55847  90.2%     -   10s
     0     0   87.55847    0  148  896.68560   87.55847  90.2%     -   25s
H    0     0                     687.5703200   87.55847  87.3%     -   26s
     0     0   87.55847    0  160  687.57032   87.55847  87.3%     -   26s
     0     0   87.55847    0  107  687.57032   87.55847  87.3%     -   35s
H    0     0                     544.7718000   87.55847  83.9%     -   36s
     0     0   87.55847    0  342  544.77180   87.55847  83.9%     -   37s
     0     0   87.55847    0  139  544.77180   87.55847  83.9%     -   50s
     0     0   87.55847    0  125  544.77180   87.55847  83.9%     -   55s
H    0     0                     357.8350400   87.55847  75.5%     -   60s
H    0     0                     344.9699400   87.55847  74.6%     -   60s
H    0     2                     331.8930200   87.55847  73.6%     -   68s
     0     2   87.55847    0  125  331.89302   87.55847  73.6%     -   68s
     1     4   87.55847    1  570  331.89302   87.55847  73.6%  9345   70s
     3     8   87.55847    2  940  331.89302   87.55847  73.6%  4180   78s
     5     8   87.55847    2  699  331.89302   87.55847  73.6%  3622   86s
     7    16   87.55847    3  969  331.89302   87.55847  73.6%  3377   94s
    11    16   87.55847    3 1306  331.89302   87.55847  73.6%  3689  109s
    12    16   87.55847    3 1434  331.89302   87.55847  73.6%  3822  128s
    15    24   87.55847    4 1363  331.89302   87.55847  73.6%  3845  155s
    23    32   87.55847    4 1305  331.89302   87.55847  73.6%  4645  175s
H   31    40                     322.2965800   87.55847  72.8%  5091  183s
H   31    40                     276.5498200   87.55847  68.3%  5091  183s
    39    48   87.55847    6 1332  276.54982   87.55847  68.3%  5085  189s
    47    57   87.55847    7 1318  276.54982   87.55847  68.3%  4900  208s
H   56    65                     111.1474200   87.55847  21.2%  5098  233s
H   64    74                      98.7159800   87.55847  11.3%  5568  244s
    73    82     cutoff    8        98.71598   87.55847  11.3%  5591  261s
    83    97   87.55847   10  145   98.71598   87.55847  11.3%  5810  270s
H   98   109                      98.1387600   87.55847  10.8%  5342  287s
H   99   109                      97.1080600   87.55847  9.83%  5328  287s
   110   123   87.55847   11 1045   97.10806   87.55847  9.83%  5382  301s
   124   144   87.55847   12  917   97.10806   87.55847  9.83%  5235  314s
H  145   159                      96.8039600   87.55847  9.55%  4889  342s
H  148   159                      96.7128200   87.55847  9.47%  4894  342s
H  150   159                      94.2752200   87.55847  7.12%  4896  342s
   165   192   88.77255   14 1666   94.27522   87.55847  7.12%  4682  364s
   197   192   87.57924    5  954   94.27522   87.55847  7.12%  4466  368s
   208   238   87.55847   14  857   94.27522   87.55847  7.12%  4265  384s
H  210   238                      94.1840800   87.55847  7.03%  4304  384s
H  266   297                      94.1130600   87.55847  6.96%  3832  438s
H  267   297                      93.2572400   87.55847  6.11%  3822  438s
H  303   297                      93.0793000   87.55847  5.93%  3492  438s
   335   363   88.49347   16  200   93.07930   87.55847  5.93%  3221  457s
H  393   363                      93.0662800   87.55847  5.92%  2956  457s
   442   363   87.86097    7 1895   93.06628   87.55847  5.92%  2737  465s
   443   473   90.48758   20  232   93.06628   87.55847  5.92%  2739  488s
H  458   473                      93.0650000   87.55847  5.92%  2661  488s
   565   591   90.82999   34  185   93.06500   87.55847  5.92%  2325  506s
   584   591   87.55847    5 1284   93.06500   87.55847  5.92%  2278  517s
H  660   583                      92.3573800   87.55847  5.20%  2083  527s
   723   710   87.55847    6 1009   92.35738   87.55847  5.20%  1980  538s
H  877   818                      92.1186800   87.55847  4.95%  1718  559s
   889   818   87.55847    5 1369   92.11868   87.55847  4.95%  1711  569s
H  953   808                      91.9624400   87.55847  4.79%  1610  569s
  1024   889   88.55847    8  133   91.96244   87.55847  4.79%  1520  603s
  1030   889   87.55847    5 1877   91.96244   87.55847  4.79%  1529  614s
  1151   929   88.55847    9  154   91.96244   87.55847  4.79%  1397  697s
H 1167   856                      91.6999200   87.55847  4.52%  1392  699s
  1180   856   87.66944    5 1090   91.69992   87.55847  4.52%  1424  702s
H 1225   786                      91.4893800   87.55847  4.30%  1381  740s
H 1228   720                      91.0966600   87.55847  3.88%  1390  740s
H 1240   631                      90.6220200   87.55847  3.38%  1395  740s
  1287   715   90.16118   11  264   90.62202   87.55847  3.38%  1381  845s
  1424   811     cutoff   15        90.62202   87.55847  3.38%  1369  930s
H 1479   740                      90.5302400   87.55847  3.28%  1417  932s
  1555   727   89.34347   44  125   90.53024   87.55847  3.28%  1376 1020s
  1557   728   89.51347   21  168   90.53024   87.55847  3.28%  1374 1031s
  1558   729   89.72847   22  150   90.53024   87.55847  3.28%  1373 1042s
  1559   730   87.86538    8  228   90.53024   87.55847  3.28%  1372 1051s
  1560   730   90.04652   30  164   90.53024   87.55847  3.28%  1371 1072s
  1561   731   90.27318   40  623   90.53024   87.55847  3.28%  1370 1090s
  1562   732   89.60425   27  156   90.53024   87.55847  3.28%  1370 1107s
  1563   732   88.57847    8  356   90.53024   87.56034  3.28%  1369 1125s
  1564   733   88.61274    8  740   90.53024   87.61616  3.22%  1368 1162s
  1565   734   89.73194   45  864   90.53024   87.71555  3.11%  1367 1179s
  1566   734   88.83083   16  638   90.53024   87.84389  2.97%  1366 1197s
  1567   735   90.44847   77  808   90.53024   87.87955  2.93%  1365 1216s
  1568   736   88.66347   23  668   90.53024   87.95057  2.85%  1364 1236s
H 1568   699                      90.4825000   87.95057  2.80%  1364 1238s
  1569   699   88.19461   12  788   90.48250   87.95645  2.79%  1363 1247s
  1570   700   89.93847   39  623   90.48250   87.96006  2.79%  1363 1263s
  1571   701   88.56857   12  754   90.48250   87.96257  2.78%  1362 1274s
  1572   701   87.98685   18  807   90.48250   87.98685  2.76%  1361 1291s
  1573   702   89.59847   55  972   90.48250   87.99087  2.75%  1360 1309s
  1574   703   90.17314    9  587   90.48250   88.02055  2.72%  1359 1327s
  1575   703   89.21597   16  868   90.48250   88.03320  2.71%  1358 1351s
  1576   704   89.25847   44  614   90.48250   88.04029  2.70%  1357 1373s
  1577   705   90.44847   46  845   90.48250   88.04243  2.70%  1357 1388s
H 1577   669                      90.4621800   88.04243  2.67%  1357 1407s
  1578   669   90.09693   64  623   90.46218   88.04943  2.67%  1356 1420s
  1579   670   88.66347   10  764   90.46218   88.05030  2.67%  1355 1432s
  1580   671   89.91847   23  784   90.46218   88.06576  2.65%  1354 1455s
  1581   671   88.57847   23  879   90.46218   88.06894  2.65%  1353 1471s
  1582   672   88.09278   19 1095   90.46218   88.09278  2.62%  1352 1508s
  1583   673   90.27847   56 1122   90.46218   88.09758  2.61%  1351 1535s
  1584   673   88.12039   23  980   90.46218   88.12039  2.59%  1351 1560s
  1585   674   88.85653   17 1128   90.46218   88.12402  2.58%  1350 1592s
  1586   675   88.15347   24 1029   90.46218   88.12524  2.58%  1349 1635s
  1587   675   89.62472   16 1127   90.46218   88.12543  2.58%  1348 1661s
H 1587   641                      90.3716800   88.12543  2.49%  1348 1678s
  1588   642   88.82966   15  867   90.37168   88.12817  2.48%  1347 1694s
  1589   643   88.83347   34 1130   90.37168   88.13223  2.48%  1346 1728s
  1590   643   89.59847   39  854   90.37168   88.13462  2.48%  1345 1758s
  1591   644   88.66347   27  912   90.37168   88.13622  2.47%  1345 1768s
  1592   645   89.40847   18  825   90.37168   88.14061  2.47%  1344 1778s
  1593   645   90.27318   40  999   90.37168   88.14236  2.47%  1343 1786s
  1594   646   88.83347    8  837   90.37168   88.14243  2.47%  1342 1797s
  1595   647   89.65116   26 1043   90.37168   88.14283  2.47%  1341 1807s
  1596   647   88.51865   31  868   90.37168   88.14300  2.47%  1340 1820s
  1597   648   89.08847   12  999   90.37168   88.14307  2.47%  1340 1830s
  1598   649   88.14309    7  999   90.37168   88.14309  2.47%  1339 1845s
  1599   649   88.32390   22  982   90.37168   88.14309  2.47%  1338 1856s
  1600   650   88.22997   23  954   90.37168   88.14311  2.47%  1337 1870s
  1601   651   89.25019   34  987   90.37168   88.14312  2.47%  1336 1885s
  1602   651   89.55847   14  920   90.37168   88.14313  2.47%  1335 1895s
  1603   652   89.64461   11 1019   90.37168   88.14313  2.47%  1335 1912s
H 1603   618                      90.3154600   88.14313  2.41%  1335 1925s
  1609   623   88.14315    7  131   90.31546   88.14315  2.41%  1598 1939s
  1610   624   88.91847   26  146   90.31546   88.14315  2.41%  1597 1945s
  1612   625   88.14315    9  567   90.31546   88.14315  2.41%  1595 1981s
  1613   626   90.27847   48  326   90.31546   88.14315  2.41%  1594 1991s
  1614   627   88.57847    5  352   90.31546   88.14315  2.41%  1593 2014s
H 1614   595                      90.2805400   88.14315  2.37%  1593 2029s
  1616   596   88.14315    6  767   90.28054   88.14315  2.37%  1591 2049s
  1617   597   89.39996   47  984   90.28054   88.14315  2.37%  1590 2064s
  1618   597   89.25847   16  988   90.28054   88.14384  2.37%  1589 2099s
  1619   598   90.28054   42 1038   90.28054   88.14399  2.37%  1588 2115s
  1620   599   89.43488   49  990   90.28054   88.14445  2.37%  1587 2139s
  1621   599   89.42847   35 1003   90.28054   88.14446  2.37%  1586 2156s
  1622   600   88.81121   12  916   90.28054   88.14447  2.37%  1585 2188s
  1623   601   89.76847   32  932   90.28054   88.14447  2.37%  1584 2203s
  1624   601   90.02270   29  938   90.28054   88.14458  2.37%  1583 2210s
  1625   602   90.19347   20  971   90.28054   88.14458  2.37%  1582 2219s
  1626   603   88.91847   23 1055   90.28054   88.14471  2.37%  1581 2227s
  1627   603   88.91847   30 1118   90.28054   88.14474  2.37%  1580 2234s
  1628   604   89.59847   52 1025   90.28054   88.14476  2.37%  1579 2244s
  1629   605   90.28054   64 1101   90.28054   88.14476  2.37%  1578 2256s
  1630   605   89.85347   45 1056   90.28054   88.14478  2.37%  1577 2266s
  1631   606   89.31497   18 1019   90.28054   88.14478  2.37%  1576 2270s
  1632   607   89.54744   21 1019   90.28054   88.14478  2.37%  1575 2282s
  1633   610   88.14502   26  904   90.28054   88.14478  2.37%  1698 2295s
  1635   614   88.14551   27  800   90.28054   88.14502  2.37%  1702 2313s
  1639   620   88.14575   28  796   90.28054   88.14551  2.36%  1714 2328s
  1647   626   88.14675   29  874   90.28054   88.14575  2.36%  1747 2333s
  1655   631   88.46025   29  932   90.28054   88.14675  2.36%  1782 2344s
  1663   636   88.14692   30  896   90.28054   88.14675  2.36%  1793 2349s
  1671   642   88.15331   30  966   90.28054   88.14692  2.36%  1800 2355s
  1689   657   88.15339   31  818   90.28054   88.14692  2.36%  1831 2363s
  1700   664   88.15342   32  735   90.28054   88.14692  2.36%  1839 2370s
  1711   670   88.49052   32  330   90.28054   88.14692  2.36%  1850 2375s
  1721   676   88.15343   33  750   90.28054   88.14692  2.36%  1864 2380s
  1746   688   88.15345   34  744   90.28054   88.14692  2.36%  1891 2392s
  1757   696   88.15346   34  613   90.28054   88.14692  2.36%  1894 2397s
  1775   708   88.60944   35  403   90.28054   88.14692  2.36%  1909 2401s
  1798   715   88.21048   36  244   90.28054   88.14692  2.36%  1912 2411s
  1818   730   88.21063   37  262   90.28054   88.14692  2.36%  1921 2416s
H 1847   705                      90.2192400   88.14692  2.30%  1925 2426s
  1867   727   88.21352   39  240   90.21924   88.14692  2.30%  1923 2430s
  1902   749   88.22527   42  224   90.21924   88.14692  2.30%  1912 2435s
H 1914   716                      90.2154400   88.14692  2.29%  1913 2435s
H 1923   685                      90.1975400   88.14692  2.27%  1911 2435s
  1937   721   88.23042   44  205   90.19754   88.14692  2.27%  1899 2441s
  1984   739   88.26587   46  238   90.19754   88.14692  2.27%  1879 2448s
H 2006   706                      90.1937400   88.14692  2.27%  1872 2448s
  2024   755   88.36946   47  198   90.19374   88.14692  2.27%  1856 2452s
  2085   755   88.87065   51  331   90.19374   88.14692  2.27%  1821 2463s
H 2087   729                      90.0765600   88.14692  2.14%  1819 2463s
H 2095   702                      90.0461800   88.14692  2.11%  1820 2463s
  2109   721   88.33232   52  193   90.04618   88.14692  2.11%  1808 2476s
  2171   734   88.34515   56  204   90.04618   88.14692  2.11%  1798 2487s
  2236   707   88.83649   63  203   90.04618   88.14692  2.11%  1769 2496s
  2302   728   89.57428   71  198   90.04618   88.14692  2.11%  1757 2502s
  2353   753   89.22914   80  170   90.04618   88.14692  2.11%  1740 2514s
  2428   756   89.76847   89  167   90.04618   88.14692  2.11%  1713 2529s
H 2518   712                      90.0311400   88.14734  2.09%  1683 2550s
  2564   733   89.85246   33  283   90.03114   88.14734  2.09%  1670 2558s
  2633   790   89.87379   40  210   90.03114   88.14734  2.09%  1651 2566s
  2727   852   89.38704  106  138   90.03114   88.14832  2.09%  1613 2586s
H 2745   804                      89.9414800   88.14832  1.99%  1602 2586s
  2847   794   89.90293   33  219   89.94148   88.14887  1.99%  1566 2604s
  2924   862   88.72187   34  681   89.94148   88.14887  1.99%  1550 2613s
  3020   930   88.95442   37  635   89.94148   88.14887  1.99%  1527 2629s
H 3047   795                      89.8052600   88.14887  1.84%  1520 2629s
  3127   762   89.69070   44  260   89.80526   88.14887  1.84%  1495 2639s
  3181   861   89.58598   49  245   89.80526   88.15329  1.84%  1494 2654s
H 3214   857                      89.7794200   88.15329  1.81%  1491 2654s
  3336   944   88.99500   35  756   89.77942   88.15329  1.81%  1456 2663s
  3467   991   89.68347   43  249   89.77942   88.15343  1.81%  1435 2675s
  3573  1031   88.70740   34  294   89.77942   88.15343  1.81%  1424 2687s
H 3670  1062                      89.7794198   88.15343  1.81%  1419 2702s
  3725  1104   89.18754   40  444   89.77942   88.15346  1.81%  1417 2734s
H 3845  1173                      89.7794197   88.20055  1.76%  1418 2745s
  3941  1385   89.68347   47  178   89.77942   88.20055  1.76%  1422 2765s
H 3955  1385                      89.7794194   88.20055  1.76%  1418 2765s
  4275  1492     cutoff   39        89.77942   88.20429  1.75%  1358 2779s
  4460  1644   88.60495   37  200   89.77942   88.20429  1.75%  1328 2792s
  4717  1730     cutoff   49        89.77942   88.21159  1.75%  1290 2806s
  4952  1975   89.30225   44  237   89.77942   88.26712  1.68%  1268 2824s
  5219  1975   88.70564   41  260   89.77942   88.26856  1.68%  1231 2825s
  5370  2087   88.83347   55  230   89.77942   88.28763  1.66%  1216 2842s
  5621  2282   88.69612   38  336   89.77942   88.30133  1.65%  1203 2858s
  5976  2403 infeasible  126        89.77942   88.32355  1.62%  1171 2880s
  6259  2679   88.73401   41  268   89.77942   88.32879  1.62%  1157 2907s
  6763  2933     cutoff   55        89.77942   88.33516  1.61%  1115 2927s
  7216  3147   88.65501   42  221   89.77942   88.36979  1.57%  1077 2959s
  7754  3518   88.57847   36  252   89.77942   88.38940  1.55%  1052 2981s
  8345  3730   89.58086  131  148   89.77942   88.42427  1.51%  1012 3005s
  8803  4133   88.91847   34  210   89.77942   88.45641  1.47%   994 3037s
  9458  4372   89.59847   59  139   89.77942   88.48504  1.44%   957 3071s
  9902  4757   89.34347   45  177   89.77942   88.49341  1.43%   948 3102s
 10550  5296     cutoff   55        89.77942   88.50764  1.42%   926 3146s
 11439  5836   89.36466   78  198   89.77942   88.52057  1.40%   892 3185s
 12509  6133   89.74726  102  138   89.77942   88.54805  1.37%   851 3212s
 13262  6685     cutoff   48        89.77942   88.56046  1.36%   844 3244s
 14038  6685   89.72727   45  306   89.77942   88.56337  1.35%   818 3245s
 14276  7140   89.05578   36  234   89.77942   88.57045  1.35%   814 3281s
 15097  8100   89.15802   44  292   89.77942   88.57836  1.34%   794 3331s
 16689  8770   89.20108   42  239   89.77942   88.57847  1.34%   752 3361s
 17743  8810   88.83160   39  760   89.77942   88.57847  1.34%   727 3397s
 17804  9251   88.57847   41  198   89.77942   88.57847  1.34%   727 3422s
 18617  9762   88.59009   44  271   89.77942   88.57847  1.34%   714 3471s
 19416 10709   89.25847   55  291   89.77942   88.59096  1.32%   702 3518s
 20877 11366   89.18357   89  132   89.77942   88.59972  1.31%   672 3556s
 21872 12356   88.82630   56  175   89.77942   88.60458  1.31%   659 3600s

Cutting planes:
  Learned: 256
  Gomory: 3
  Cover: 1338
  Implied bound: 1504
  Projected implied bound: 2
  Clique: 90
  MIR: 266
  StrongCG: 39
  Flow cover: 2752
  Inf proof: 1
  Zero half: 97
  Network: 2
  RLT: 252
  Relax-and-lift: 386

Explored 23552 nodes (14908329 simplex iterations) in 3601.27 seconds (8265.94 work units)
Thread count was 8 (of 24 available processors)

Solution count 10: 89.7794 89.7794 89.7794 ... 90.0766

Time limit reached
Best objective 8.977941940309e+01, best bound 8.860847000000e+01, gap 1.3043%
