
Gurobi 10.0.0 (win64) logging started Mon Jan 22 00:51:37 2024

Set parameter LogFile to value "C:/Users\Administrator\Documents\BNC_Repo\BNC_Tests\10_MIP_Results\n40m2\Instance_Class1_Parts40_Machines2_Instance2_logfileChe2021.txt"
Gurobi Optimizer version 10.0.0 build v10.0.0rc2 (win64)

CPU model: AMD EPYC 7513 32-Core Processor, instruction set [SSE2|AVX|AVX2]
Thread count: 24 physical cores, 24 logical processors, using up to 8 threads

Optimize a model with 88318 rows, 10001 columns and 460676 nonzeros
Model fingerprint: 0x5b5d68c6
Variable types: 3441 continuous, 6560 integer (6560 binary)
Coefficient statistics:
  Matrix range     [4e-06, 4e+02]
  Objective range  [1e+00, 1e+00]
  Bounds range     [1e+00, 1e+00]
  RHS range        [1e+00, 5e+02]
Presolve removed 19255 rows and 3334 columns
Presolve time: 1.06s
Presolved: 69063 rows, 6667 columns, 402582 nonzeros
Variable types: 160 continuous, 6507 integer (6427 binary)
Found heuristic solution: objective 867.5800000
Found heuristic solution: objective 137.9770000
Root relaxation presolved: 6667 rows, 75730 columns, 409249 nonzeros


Use crossover to convert LP symmetric solution to basic solution...

Root relaxation: objective 3.778138e+01, 3535 iterations, 1.22 seconds (1.80 work units)
Total elapsed time = 5.80s

    Nodes    |    Current Node    |     Objective Bounds      |     Work
 Expl Unexpl |  Obj  Depth IntInf | Incumbent    BestBd   Gap | It/Node Time

     0     0   37.78138    0  117  137.97700   37.78138  72.6%     -    7s
H    0     0                     113.4345000   37.78138  66.7%     -    7s
     0     0   37.78138    0  737  113.43450   37.78138  66.7%     -   12s
     0     0   37.78138    0  306  113.43450   37.78138  66.7%     -   13s
H    0     0                      73.4345000   37.78138  48.6%     -   13s
     0     0   37.85677    0  894   73.43450   37.85677  48.4%     -   15s
     0     0   38.12138    0  117   73.43450   38.12138  48.1%     -   23s
H    0     0                      72.7921800   38.12138  47.6%     -   23s
H    0     0                      71.0222000   38.12138  46.3%     -   25s
H    0     0                      70.6822000   38.12138  46.1%     -   26s
     0     0   38.12138    0  479   70.68220   38.12138  46.1%     -   27s
H    0     0                      70.2525400   38.12138  45.7%     -   27s
     0     0   38.12138    0  362   70.25254   38.12138  45.7%     -   28s
H    0     0                      66.3471800   38.12138  42.5%     -   34s
     0     0   38.12138    0   95   66.34718   38.12138  42.5%     -   36s
     0     0   38.33855    0  217   66.34718   38.33855  42.2%     -   37s
H    0     0                      51.1018400   38.34948  25.0%     -   46s
     0     0   38.95388    0   90   51.10184   38.95388  23.8%     -   47s
H    0     0                      44.9863800   38.95388  13.4%     -   47s
H    0     0                      41.6817600   39.18334  5.99%     -   49s
     0     0   39.18334    0 1124   41.68176   39.18334  5.99%     -   49s
     0     0   39.18334    0  683   41.68176   39.18334  5.99%     -   50s
H    0     0                      41.4200800   39.22921  5.29%     -   55s
     0     0   39.30483    0  106   41.42008   39.30483  5.11%     -   59s
H    0     0                      41.3193200   39.30800  4.87%     -   64s
H    0     0                      41.0786000   39.30800  4.31%     -   64s
H    0     0                      41.0328800   39.30800  4.20%     -   64s
H    0     0                      40.7594600   39.30800  3.56%     -   64s
     0     0   39.30800    0  408   40.75946   39.30800  3.56%     -   64s
     0     0   39.51112    0  149   40.75946   39.51112  3.06%     -   71s
H    0     0                      40.6518000   39.51112  2.81%     -   73s
     0     0   39.51112    0  180   40.65180   39.51112  2.81%     -   73s
H    0     0                      40.5728400   39.65201  2.27%     -   75s
     0     0   39.65548    0  127   40.57284   39.65548  2.26%     -   83s
     0     0   39.65548    0  102   40.57284   39.65548  2.26%     -   85s
     0     0   39.65548    0   79   40.57284   39.65548  2.26%     -   93s
     0     0   39.65548    0  229   40.57284   39.65548  2.26%     -   95s
     0     0   39.65548    0  279   40.57284   39.65548  2.26%     -   96s
     0     0   39.65548    0  157   40.57284   39.65548  2.26%     -  104s
     0     0   39.65548    0  631   40.57284   39.65548  2.26%     -  106s
     0     0   39.65548    0  533   40.57284   39.65548  2.26%     -  106s
     0     0   40.54680    0  136   40.57284   40.54680  0.06%     -  116s
     0     0   40.54680    0  553   40.57284   40.54680  0.06%     -  120s
     0     0   40.54680    0  191   40.57284   40.54680  0.06%     -  139s
     0     0   40.54680    0  143   40.57284   40.54680  0.06%     -  140s
     0     2   40.54680    0  134   40.57284   40.54680  0.06%     -  143s
     7     7   40.54680    3  156   40.57284   40.54680  0.06%  1403  145s
   129    72   40.54680   16  199   40.57284   40.54680  0.06%   387  150s
   185   113   40.54680   25  247   40.57284   40.54680  0.06%   301  156s
   293   205   40.54680   41  174   40.57284   40.54680  0.06%   217  160s
   531   472   40.54680   60  128   40.57284   40.54680  0.06%   132  165s
  1020   797   40.54680   44  152   40.57284   40.54680  0.06%  84.6  170s
  1704  1336     cutoff    9        40.57284   40.54680  0.06%  61.6  176s
  2217  1641   40.54680   25  209   40.57284   40.54680  0.06%  53.7  180s
  2967  1929   40.54680   51  172   40.57284   40.54680  0.06%  45.6  186s
  3472  1955   40.54680   74  205   40.57284   40.54680  0.06%  44.6  190s
  3824  1941 infeasible   94        40.57284   40.54680  0.06%  46.8  195s
  4450  2343   40.54680   55  226   40.57284   40.54680  0.06%  47.9  204s
  5232  2489   40.54680  106  205   40.57284   40.54680  0.06%  45.4  213s
  6261  2445 infeasible  107        40.57284   40.54680  0.06%  41.2  223s
  7179  2428   40.54680   73   57   40.57284   40.54680  0.06%  39.7  230s
  7329  2566   40.54680   78   73   40.57284   40.54680  0.06%  39.8  237s
  8185  2834   40.54680   84   47   40.57284   40.54680  0.06%  39.8  247s
  9375  2835   40.54680  121  894   40.57284   40.54680  0.06%  37.9  259s
  9377  2836   40.54680   63  127   40.57284   40.54680  0.06%  37.9  282s
  9379  2838   40.54680   46  388   40.57284   40.54680  0.06%  37.9  308s
  9380  2838   40.54680   97  182   40.57284   40.54680  0.06%  37.9  323s
  9383  2840   40.54680  108  293   40.57284   40.54680  0.06%  37.9  340s
  9385  2842   40.54680   83  142   40.57284   40.54680  0.06%  37.9  354s
  9386  2842   40.54680   99  142   40.57284   40.54680  0.06%  37.9  355s
  9389  2845   40.54680   93   83   40.57284   40.54680  0.06%  40.3  368s
  9391  2847   40.54680   74  834   40.57284   40.54680  0.06%  40.3  371s
  9392  2847   40.54680  111  444   40.57284   40.54680  0.06%  40.3  377s
  9393  2848   40.54680  108  499   40.57284   40.54680  0.06%  40.3  381s
  9394  2849   40.54680   99  418   40.57284   40.54680  0.06%  40.3  397s
  9396  2850   40.54680   99  203   40.57284   40.54680  0.06%  40.3  407s
  9404  2852   40.54680   25  161   40.57284   40.54680  0.06%  45.0  410s
  9513  2828   40.54680   42  110   40.57284   40.54680  0.06%  47.3  415s
  9716  2948   40.54680   65  118   40.57284   40.54680  0.06%  47.4  421s
  9856  3028   40.54680   65  291   40.57284   40.54680  0.06%  47.2  426s
 10128  3215   40.54680   92  199   40.57284   40.54680  0.06%  46.6  430s
 10704  3530   40.54680   48  119   40.57284   40.54680  0.06%  45.5  435s
 10809  3911   40.54680   67   94   40.57284   40.54680  0.06%  45.4  442s
 11391  4417   40.54680  111   96   40.57284   40.54680  0.06%  44.6  450s
 12355  4779   40.54680  108  161   40.57284   40.54680  0.06%  43.1  458s
 13348  5110   40.54680   84  220   40.57284   40.54680  0.06%  42.0  465s
 14376  5437   40.54680  141  123   40.57284   40.54680  0.06%  41.4  475s
 15342  5644   40.54680  154   96   40.57284   40.54680  0.06%  40.8  486s
 16427  5437   40.54680  185   64   40.57284   40.54680  0.06%  40.5  492s
 17058  5301 infeasible  169        40.57284   40.54680  0.06%  40.7  499s
 17636  5254 infeasible  172        40.57284   40.54680  0.06%  40.9  506s
 18008  5836   40.54680  116  149   40.57284   40.54680  0.06%  41.0  513s
 19028  6493   40.54680  127  143   40.57284   40.54680  0.06%  40.7  520s
 20061  6727   40.54680  150   56   40.57284   40.54680  0.06%  40.6  528s
 20931  7224 infeasible  153        40.57284   40.54680  0.06%  41.0  537s
 21980  7578   40.54680  168   54   40.57284   40.54680  0.06%  40.9  548s
 23044  7926   40.54680  139   60   40.57284   40.54680  0.06%  41.2  557s
 24048  8399   40.54680  147  120   40.57284   40.54680  0.06%  41.6  567s
 25209  8812   40.54680  149   64   40.57284   40.54680  0.06%  41.5  578s
 26378  9238 infeasible  187        40.57284   40.54680  0.06%  41.5  590s
 27656  9652 infeasible  162        40.57284   40.54680  0.06%  41.6  601s
 28850  9994   40.54680  205  114   40.57284   40.54680  0.06%  41.5  615s
 30187  9996   40.54680  164   84   40.57284   40.54680  0.06%  41.7  626s
 30189  9998   40.54680  131  339   40.57284   40.54680  0.06%  41.7  638s
 30190  9998   40.54680  104  367   40.57284   40.54680  0.06%  41.7  640s
 30191  9999   40.54680  130  524   40.57284   40.54680  0.06%  41.7  652s
 30193 10000   40.54680  132  411   40.57284   40.54680  0.06%  41.7  673s
 30195 10002   40.54680   76  394   40.57284   40.54680  0.06%  41.7  692s
 30197 10003   40.54680   49  335   40.57284   40.54680  0.06%  41.7  717s
 30199 10004   40.54680  139  316   40.57284   40.54680  0.06%  41.7  743s
 30200 10005   40.54680  103  384   40.57284   40.54680  0.06%  41.7  745s
 30201 10006   40.54680  136  571   40.57284   40.54680  0.06%  41.7  761s
 30203 10007   40.54680  160  411   40.57284   40.54680  0.06%  41.7  781s
 30205 10008   40.54680  162  256   40.57284   40.54680  0.06%  41.7  799s
 30206 10009   40.54680  136  256   40.57284   40.54680  0.06%  41.7  800s
 30209 10012   40.54680  157   81   40.57284   40.54680  0.06%  48.4  808s
 30211 10014   40.54680  179  433   40.57284   40.54680  0.06%  48.4  812s
 30213 10015   40.54680  127  337   40.57284   40.54680  0.06%  48.4  825s
 30215 10016   40.54680  162  558   40.57284   40.54680  0.06%  48.4  832s
 30217 10018   40.54680  157  414   40.57284   40.54680  0.06%  48.3  849s
 30218 10018   40.54680  146  497   40.57284   40.54680  0.06%  48.3  851s
 30219 10019   40.54680  124  512   40.57284   40.54680  0.06%  48.3  863s
 30220 10020   40.54680  146  493   40.57284   40.54680  0.06%  48.3  865s
 30221 10020   40.54680  121  480   40.57284   40.54680  0.06%  48.3  914s
 30222 10021   40.54680  107  472   40.57284   40.54680  0.06%  48.3  916s
 30223 10022   40.54680  155  469   40.57284   40.54680  0.06%  48.3  935s
 30225 10023   40.54680  106  377   40.57284   40.54680  0.06%  48.3  944s
 30226 10024   40.54680  127  377   40.57284   40.54680  0.06%  48.3  945s
 30274 10026   40.54680   55  198   40.57284   40.54680  0.06%  50.7  950s
 30478 10087   40.54680   69  173   40.57284   40.54680  0.06%  51.4  955s
 30783 10225   40.54680   95  291   40.57284   40.54680  0.06%  51.4  960s
 31428 10518   40.54680   62  135   40.57284   40.54680  0.06%  50.9  965s
 32211 10741   40.54680   92  243   40.57284   40.54680  0.06%  50.3  970s
 32705 10703   40.54680  106  234   40.57284   40.54680  0.06%  49.9  975s
 33305 10865   40.54680  131  253   40.57284   40.54680  0.06%  49.5  980s
 34285 11128   40.54680  182  171   40.57284   40.54680  0.06%  48.6  986s
 34897 11266   40.54680   57  171   40.57284   40.54680  0.06%  48.3  992s
 35197 11847   40.56752  219  118   40.57284   40.54680  0.06%  48.1  998s
 36334 11995   40.54680  246   86   40.57284   40.54680  0.06%  47.3 1005s
 37469 12021     cutoff  355        40.57284   40.54680  0.06%  46.6 1014s
 38913 11827   40.55071  263   78   40.57284   40.54680  0.06%  46.0 1025s
 40330 11624   40.54680  324   94   40.57284   40.54680  0.06%  45.5 1033s
 41436 11367   40.57154  271   97   40.57284   40.54680  0.06%  45.3 1044s
 42684 10923   40.55060  252   97   40.57284   40.54680  0.06%  45.2 1056s
 43874 10580   40.55251  275   85   40.57284   40.54680  0.06%  45.2 1067s
 45125 10306   40.55521  265  103   40.57284   40.54680  0.06%  45.4 1078s
 46550  9833   40.54680  148  894   40.57284   40.54680  0.06%  45.5 1082s
 46552  9834   40.55136  220   81   40.57284   40.54680  0.06%  45.5 1088s
 46553  9835   40.54680  192  670   40.57284   40.54680  0.06%  45.5 1090s
 46556  9837   40.54680  244  737   40.57284   40.54680  0.06%  45.5 1099s
 46557  9838   40.54680  310  802   40.57284   40.54680  0.06%  45.5 1101s
 46558  9838   40.55521  229  838   40.57284   40.54680  0.06%  45.5 1109s
 46559  9839   40.54680  274  858   40.57284   40.54680  0.06%  45.5 1113s
 46560  9840   40.54680  207  692   40.57284   40.54680  0.06%  45.5 1128s
 46561  9840   40.54680  240  585   40.57284   40.54680  0.06%  45.5 1131s
 46562  9841   40.54680  130  482   40.57284   40.54680  0.06%  45.5 1142s
 46563  9842   40.57219  253  490   40.57284   40.54680  0.06%  45.5 1146s
 46564  9842   40.56080  255  480   40.57284   40.54680  0.06%  45.5 1163s
 46565  9843   40.54828  271  484   40.57284   40.54680  0.06%  45.5 1167s
 46566  9844   40.54680  179  172   40.57284   40.54680  0.06%  45.5 1177s
 46580  9853   40.54680   60  193   40.57284   40.54680  0.06%  47.4 1180s
 46696  9849     cutoff   65        40.57284   40.54680  0.06%  48.5 1185s
 47075  9912   40.54680   92  112   40.57284   40.54680  0.06%  49.1 1190s
 47516 10134   40.54680  125  131   40.57284   40.54680  0.06%  49.0 1195s
 48033 10278   40.54680   68  193   40.57284   40.54680  0.06%  49.1 1200s
 48810 10608   40.54680   69  130   40.57284   40.54680  0.06%  48.9 1205s
 49046 11112     cutoff   63        40.57284   40.54680  0.06%  48.9 1213s
 50241 11008   40.54680  167  118   40.57284   40.54680  0.06%  48.4 1220s
 51253 10894   40.54680  204  114   40.57284   40.54680  0.06%  48.0 1228s
 52282 10839 infeasible  185        40.57284   40.54680  0.06%  47.7 1234s
 53292 10546   40.54680  229   86   40.57284   40.54680  0.06%  47.3 1242s
 54270 10204     cutoff  199        40.57284   40.54680  0.06%  47.1 1251s
 55334  9801   40.54680  203   73   40.57284   40.54680  0.06%  46.9 1261s
 56464  9583     cutoff  189        40.57284   40.54680  0.06%  46.8 1270s
 57491  9402   40.54680  207   88   40.57284   40.54680  0.06%  46.9 1276s
 58268  9276 infeasible  187        40.57284   40.54680  0.06%  46.8 1286s
 59468  8898   40.54680  172  100   40.57284   40.54680  0.06%  46.8 1297s
 60667  8591 infeasible  187        40.57284   40.54680  0.06%  46.9 1307s
 61793  8316   40.54680  174   84   40.57284   40.54680  0.06%  47.0 1320s
 63230  7841   40.54680  186   61   40.57284   40.54680  0.06%  47.1 1330s
 64273  7580   40.54680  191   70   40.57284   40.54680  0.06%  47.3 1341s
 65342  7092 infeasible  219        40.57284   40.54680  0.06%  47.6 1354s
 66530  6770   40.54680  179   90   40.57284   40.54680  0.06%  47.9 1366s
 67882  6469 infeasible  205        40.57284   40.54680  0.06%  48.1 1378s
 69219  5934   40.54680  200   90   40.57284   40.54680  0.06%  48.2 1392s
 70414  5617 infeasible  193        40.57284   40.54680  0.06%  48.5 1401s
 71509  5456 infeasible  184        40.57284   40.54680  0.06%  48.5 1418s
 73284  5026   40.54680  228   44   40.57284   40.54680  0.06%  48.2 1431s
 74980  4745   40.54680  181   80   40.57284   40.54680  0.06%  48.0 1443s
 76474  4492     cutoff  197        40.57284   40.54680  0.06%  47.9 1457s
 78144  4584   40.54680  190   84   40.57284   40.54680  0.06%  47.8 1466s
 79262  4629     cutoff  182        40.57284   40.54680  0.06%  47.8 1477s
 80529  4625 infeasible  205        40.57284   40.54680  0.06%  47.5 1489s
 81877  4593 infeasible  202        40.57284   40.54680  0.06%  47.4 1500s
 83070  4600   40.54680  214   74   40.57284   40.54680  0.06%  47.4 1513s
 84311  4627 infeasible  214        40.57284   40.54680  0.06%  47.5 1524s
 85497  4592 infeasible  203        40.57284   40.54680  0.06%  47.5 1537s
 86723  4602 infeasible  185        40.57284   40.54680  0.06%  47.7 1549s
 87841  4558 infeasible  191        40.57284   40.54680  0.06%  47.8 1560s
 88980  4619   40.54680  182   93   40.57284   40.54680  0.06%  48.0 1573s
 90396  4746     cutoff  223        40.57284   40.54680  0.06%  48.0 1584s
 91479  4853 infeasible  180        40.57284   40.54680  0.06%  48.0 1596s
 92975  4838   40.54680  178   88   40.57284   40.54680  0.06%  48.0 1606s
 94137  4867   40.54680  176   76   40.57284   40.54680  0.06%  48.1 1618s
 95429  4861 infeasible  177        40.57284   40.54680  0.06%  48.1 1630s
 96665  4889   40.54680  184   79   40.57284   40.54680  0.06%  48.2 1642s
 97949  4941     cutoff  191        40.57284   40.54680  0.06%  48.2 1654s
 99373  5121 infeasible  181        40.57284   40.54680  0.06%  48.2 1666s
 100800  5202   40.54680  177   82   40.57284   40.54680  0.06%  48.1 1674s
 101680  5342   40.54680  200   66   40.57284   40.54680  0.06%  48.0 1687s
 103303  5267   40.54680  196   85   40.57284   40.54680  0.06%  47.7 1705s
 105099  5288   40.54680  184   98   40.57284   40.54680  0.06%  47.5 1720s
 106856  5323     cutoff  183        40.57284   40.54680  0.06%  47.3 1736s
 108561  5318   40.54680  197   69   40.57284   40.54680  0.06%  47.2 1746s
 109764  5519   40.54680  198   88   40.57284   40.54680  0.06%  47.2 1758s
 111173  5768 infeasible  175        40.57284   40.54680  0.06%  47.0 1774s
 113097  5962   40.54680  228   54   40.57284   40.54680  0.06%  46.6 1788s
 114824  5916   40.54680  228   54   40.57284   40.54680  0.06%  46.3 1802s
 116470  5675     cutoff  232        40.57284   40.54680  0.06%  46.0 1814s
 116759  5675     cutoff  210        40.57284   40.54680  0.06%  46.0 1815s
 117711  5546   40.54680  211   74   40.57284   40.54680  0.06%  46.0 1822s
 118569  5517   40.54680  192   79   40.57284   40.54680  0.06%  46.0 1828s
 118769  5493     cutoff  186        40.57284   40.54680  0.06%  46.0 1838s
 119998  5636   40.54680  181   88   40.57284   40.54680  0.06%  45.9 1847s
 121269  5739   40.54680  194   96   40.57284   40.54680  0.06%  45.8 1858s
 122643  5820   40.54810  196   89   40.57284   40.54680  0.06%  45.6 1873s
 124339  5814   40.55127  201  102   40.57284   40.54680  0.06%  45.4 1884s
 125608  5819   40.54680  197   93   40.57284   40.54680  0.06%  45.4 1894s
 126774  5760     cutoff  198        40.57284   40.54680  0.06%  45.3 1904s
 127893  6443   40.54680  194  119   40.57284   40.54680  0.06%  45.4 1929s
 131461  6353 infeasible  203        40.57284   40.54680  0.06%  44.6 1937s
 132369  6200     cutoff  209        40.57284   40.54680  0.06%  44.6 1945s
 133244  6071   40.54680  234   96   40.57284   40.54680  0.06%  44.6 1953s
 134007  6000 infeasible  203        40.57284   40.54680  0.06%  44.7 1961s
 134838  6294 infeasible  203        40.57284   40.54680  0.06%  44.8 1983s
 137890  6215 infeasible  180        40.57284   40.54680  0.06%  44.2 1995s
 139126  6179   40.54680  179   95   40.57284   40.54680  0.06%  44.3 2007s
 140284  6171   40.54680  195   82   40.57284   40.54680  0.06%  44.4 2019s
 141589  6461   40.54680  190  105   40.57284   40.54680  0.06%  44.4 2050s
 145575  6361   40.54680  184   90   40.57284   40.54680  0.06%  43.8 2058s
 146437  6254 infeasible  207        40.57284   40.54680  0.06%  43.8 2066s
 147286  6223   40.54680  189   84   40.57284   40.54680  0.06%  43.8 2074s
 148084  6145   40.54680  194  130   40.57284   40.54680  0.06%  43.9 2081s
 148994  6108     cutoff  192        40.57284   40.54680  0.06%  44.0 2089s
 149898  6140   40.54680  185   72   40.57284   40.54680  0.06%  44.1 2097s
 150830  6980   40.54680  187  110   40.57284   40.54680  0.06%  44.1 2119s
 152935  6980   40.54680  190   99   40.57284   40.54680  0.06%  43.7 2120s
 154194  6795 infeasible  217        40.57284   40.54680  0.06%  43.5 2130s
 155461  6839   40.54680  190   71   40.57284   40.54680  0.06%  43.5 2141s
 156675  6833   40.54680  197  116   40.57284   40.54680  0.06%  43.6 2153s
 157969  6900   40.54680  190   92   40.57284   40.54680  0.06%  43.6 2163s
 159220  7132   40.54680  183   99   40.57284   40.54680  0.06%  43.7 2180s
 161507  7171 infeasible  224        40.57284   40.54680  0.06%  43.5 2190s
 162497  7229   40.54680  177   84   40.57284   40.54680  0.06%  43.6 2199s
 163540  7152   40.54680  186   87   40.57284   40.54680  0.06%  43.7 2210s
 164683  7141   40.54680  185  109   40.57284   40.54680  0.06%  43.8 2223s
 166268  7177   40.54680  187   71   40.57284   40.54680  0.06%  43.8 2233s
 167435  7261 infeasible  195        40.57284   40.54680  0.06%  43.9 2244s
 168703  7424 infeasible  180        40.57284   40.54680  0.06%  43.9 2257s
 170227  7910   40.54680  182   68   40.57284   40.54680  0.06%  43.8 2282s
 173635  7699 infeasible  192        40.57284   40.54680  0.06%  43.3 2288s
 174284  7667 infeasible  201        40.57284   40.54680  0.06%  43.3 2293s
 174946  7655 infeasible  193        40.57284   40.54680  0.06%  43.4 2299s
 175614  7611 infeasible  199        40.57284   40.54680  0.06%  43.4 2306s
 176384  7585   40.54680  193   70   40.57284   40.54680  0.06%  43.5 2313s
 177121  7589   40.54680  180   58   40.57284   40.54680  0.06%  43.5 2320s
 177924  7561   40.54680  185   83   40.57284   40.54680  0.06%  43.6 2328s
 178765  7618   40.54680  187   84   40.57284   40.54680  0.06%  43.6 2345s
 181245  7611   40.54680  178   99   40.57284   40.54680  0.06%  43.3 2356s
 182328  7596 infeasible  188        40.57284   40.54680  0.06%  43.3 2364s
 183207  7601     cutoff  196        40.57284   40.54680  0.06%  43.3 2373s
 184330  7793   40.54680  193   69   40.57284   40.54680  0.06%  43.3 2399s
 187686  7658 infeasible  202        40.57284   40.54680  0.06%  42.8 2411s
 188792  7521   40.54680  187   70   40.57284   40.54680  0.06%  42.9 2426s
 190283  7516   40.54680  184   78   40.57284   40.54680  0.06%  42.9 2440s
 191742  7527 infeasible  187        40.57284   40.54680  0.06%  42.9 2454s
 193217  7688   40.54680  215   74   40.57284   40.54680  0.06%  42.9 2475s
 195894  7661 infeasible  187        40.57284   40.54680  0.06%  42.7 2488s
 197131  7635 infeasible  182        40.57284   40.54680  0.06%  42.7 2499s
 198320  7707   40.54680  177  130   40.57284   40.54680  0.06%  42.7 2511s
 199724  8045   40.54680  221   77   40.57284   40.54680  0.06%  42.6 2540s
 203564  7717 infeasible  190        40.57284   40.54680  0.06%  42.1 2552s
 204920  7617     cutoff  208        40.57284   40.54680  0.06%  42.0 2564s
 206286  7536 infeasible  181        40.57284   40.54680  0.06%  42.0 2575s
 207604  7555     cutoff  194        40.57284   40.54680  0.06%  41.9 2587s
 208981  8084   40.54680  181   82   40.57284   40.54680  0.06%  41.9 2616s
 212717  7739     cutoff  209        40.57284   40.54680  0.06%  41.4 2625s
 213778  7572 infeasible  207        40.57284   40.54680  0.06%  41.3 2635s
 214970  7549   40.54680  197   87   40.57284   40.54680  0.06%  41.3 2645s
 216132  7543 infeasible  197        40.57284   40.54680  0.06%  41.2 2653s
 217225  7516     cutoff  188        40.57284   40.54680  0.06%  41.2 2663s
 218339  7649   40.54680  193   88   40.57284   40.54680  0.06%  41.2 2682s
 220664  7577 infeasible  206        40.57284   40.54680  0.06%  41.0 2694s
 221992  7552     cutoff  195        40.57284   40.54680  0.06%  41.0 2708s
 223562  7711 infeasible  185        40.57284   40.54680  0.06%  41.0 2730s
 226289  7610     cutoff  209        40.57284   40.54680  0.06%  40.7 2740s
 227439  7594   40.54680  188  113   40.57284   40.54680  0.06%  40.7 2749s
 228621  7589   40.54680  194   68   40.57284   40.54680  0.06%  40.7 2760s
 229931  7578   40.54680  190   80   40.57284   40.54680  0.06%  40.7 2769s
 230072  7578 infeasible  207        40.57284   40.54680  0.06%  40.7 2770s
 231021  7538 infeasible  178        40.57284   40.54680  0.06%  40.7 2781s
 232220  7624   40.54680  192   86   40.57284   40.54680  0.06%  40.7 2812s
 235729  7595 infeasible  188        40.57284   40.54680  0.06%  40.4 2824s
 236905  7579   40.54680  189   83   40.57284   40.54680  0.06%  40.4 2840s
 238644  7673   40.54680  188   92   40.57284   40.54680  0.06%  40.4 2855s
 240262  7962   40.54680  194   87   40.57284   40.54680  0.06%  40.3 2892s
 243928  7839   40.54680  205   76   40.57284   40.54680  0.06%  40.0 2903s
 245108  7835   40.54680  202   91   40.57284   40.54680  0.06%  40.0 2913s
 246292  7831   40.54680  178   95   40.57284   40.54680  0.06%  40.0 2923s
 247406  7837     cutoff  197        40.57284   40.54680  0.06%  39.9 2935s
 248704  8110   40.54680  207   97   40.57284   40.54680  0.06%  39.9 2957s
 251657  7945   40.54680  217   70   40.57284   40.54680  0.06%  39.7 2972s
 253128  7926     cutoff  203        40.57284   40.54680  0.06%  39.6 2984s
 254260  7926   40.54680  200   82   40.57284   40.54680  0.06%  39.6 2985s
 254615  7974   40.54680  195   97   40.57284   40.54680  0.06%  39.6 2998s
 256179  7925   40.54680  201   87   40.57284   40.54680  0.06%  39.6 3019s
 258444  7873 infeasible  179        40.57284   40.54680  0.06%  39.5 3026s
 259059  7880 infeasible  190        40.57284   40.54680  0.06%  39.5 3037s
 260287  7977   40.54680  212   85   40.57284   40.54680  0.06%  39.5 3048s
 261681  8058   40.54680  192   84   40.57284   40.54680  0.06%  39.5 3062s
 263366  8050     cutoff  199        40.57284   40.54680  0.06%  39.5 3076s
 265050  8237   40.54680  187  105   40.57284   40.54680  0.06%  39.5 3104s
 268224  8138     cutoff  196        40.57284   40.54680  0.06%  39.2 3116s
 269418  8050   40.54680  201   84   40.57284   40.54680  0.06%  39.3 3129s
 270856  8209 infeasible  194        40.57284   40.54680  0.06%  39.3 3145s
 272443  8369   40.54680  176   58   40.57284   40.54680  0.06%  39.3 3161s
 274126  8521 infeasible  206        40.57284   40.54680  0.06%  39.3 3173s
 275454  9081   40.54680  183   68   40.57284   40.54680  0.06%  39.3 3194s
 277372  9081   40.54680  186   98   40.57284   40.54680  0.06%  39.2 3195s
 278562  9068 infeasible  196        40.57284   40.54680  0.06%  39.2 3205s
 279548  9115   40.54680  178   80   40.57284   40.54680  0.06%  39.2 3216s
 280711  9202   40.54680  191  129   40.57284   40.54680  0.06%  39.2 3227s
 282061  9354   40.54680  178   77   40.57284   40.54680  0.06%  39.2 3237s
 283162  9377     cutoff  193        40.57284   40.54680  0.06%  39.3 3250s
 284361  9269   40.54680  189   72   40.57284   40.54680  0.06%  39.3 3266s
 285778  9359   40.54680  177   80   40.57284   40.54680  0.06%  39.3 3281s
 287393  9484   40.54680  189   66   40.57284   40.54680  0.06%  39.3 3298s
 289286  9649     cutoff  186        40.57284   40.54680  0.06%  39.3 3309s
 290431  9752 infeasible  190        40.57284   40.54680  0.06%  39.3 3322s
 291702  9793   40.54680  211   62   40.57284   40.54680  0.06%  39.4 3332s
 293005  9722 infeasible  203        40.57284   40.54680  0.06%  39.3 3347s
 294362  9716     cutoff  183        40.57284   40.54680  0.06%  39.4 3359s
 295572  9718   40.54680  184   76   40.57284   40.54680  0.06%  39.4 3373s
 296881  9751   40.54680  186   52   40.57284   40.54680  0.06%  39.5 3384s
 297147  9776 infeasible  187        40.57284   40.54680  0.06%  39.5 3397s
 298484  9815 infeasible  191        40.57284   40.54680  0.06%  39.5 3408s
 299682  9759 infeasible  193        40.57284   40.54680  0.06%  39.5 3422s
 300905  9668   40.54680  177   74   40.57284   40.54680  0.06%  39.6 3436s
 302250  9610   40.54680  187   73   40.57284   40.54680  0.06%  39.7 3452s
 303787  9523   40.54680  179   90   40.57284   40.54680  0.06%  39.7 3468s
 305364  9423 infeasible  200        40.57284   40.54680  0.06%  39.7 3484s
 306986  9587   40.54680  175   88   40.57284   40.54680  0.06%  39.8 3500s
 308661  9692   40.54680  195   58   40.57284   40.54680  0.06%  39.8 3513s
 310219  9686   40.54680  182   82   40.57284   40.54680  0.06%  39.8 3529s
 310858  9686 infeasible  168        40.57284   40.54680  0.06%  39.7 3530s
 311829  9658     cutoff  197        40.57284   40.54680  0.06%  39.7 3545s
 313290  9636   40.54680  187   76   40.57284   40.54680  0.06%  39.8 3557s
 314419  9537   40.54680  187   91   40.57284   40.54680  0.06%  39.8 3569s
 315644  9540   40.54680  186   83   40.57284   40.54680  0.06%  39.8 3583s
 317079  9559 infeasible  204        40.57284   40.54680  0.06%  39.9 3597s
 318639  9574     cutoff  188        40.57284   40.54680  0.06%  39.9 3600s

Cutting planes:
  Learned: 167
  Gomory: 22
  Cover: 381
  Implied bound: 309
  Clique: 24
  MIR: 36
  StrongCG: 7
  Flow cover: 324
  Inf proof: 53
  Zero half: 16
  Network: 1
  RLT: 41
  Relax-and-lift: 21

Explored 318907 nodes (12745134 simplex iterations) in 3600.26 seconds (1343.20 work units)
Thread count was 8 (of 24 available processors)

Solution count 10: 40.5728 40.5728 40.6518 ... 44.9864

Time limit reached
Best objective 4.057284000000e+01, best bound 4.054680000000e+01, gap 0.0642%
