
Gurobi 10.0.0 (win64) logging started Sat Jan 20 01:52:17 2024

Set parameter LogFile to value "C:/Users\Administrator\Documents\BNC_Repo\BNC_Tests\10_MIP_Results\n20m2\Instance_Class2_Parts20_Machines2_Instance3_logfileChe21.txt"
Gurobi Optimizer version 10.0.0 build v10.0.0rc2 (win64)

CPU model: AMD EPYC 7513 32-Core Processor, instruction set [SSE2|AVX|AVX2]
Thread count: 24 physical cores, 24 logical processors, using up to 8 threads

Optimize a model with 14158 rows, 2601 columns and 68854 nonzeros
Model fingerprint: 0xa24723de
Variable types: 921 continuous, 1680 integer (1680 binary)
Coefficient statistics:
  Matrix range     [4e-06, 5e+02]
  Objective range  [1e+00, 1e+00]
  Bounds range     [1e+00, 1e+00]
  RHS range        [1e+00, 8e+02]
Presolve removed 4097 rows and 861 columns
Presolve time: 0.19s
Presolved: 10061 rows, 1740 columns, 70160 nonzeros
Variable types: 80 continuous, 1660 integer (1620 binary)
Found heuristic solution: objective 345.1264000
Root relaxation presolved: 10061 rows, 1740 columns, 70160 nonzeros

Extra simplex iterations after uncrush: 1

Use crossover to convert LP symmetric solution to basic solution...

Root relaxation: objective 4.540639e+01, 8754 iterations, 0.98 seconds (1.49 work units)

    Nodes    |    Current Node    |     Objective Bounds      |     Work
 Expl Unexpl |  Obj  Depth IntInf | Incumbent    BestBd   Gap | It/Node Time

     0     0   45.40639    0  124  345.12640   45.40639  86.8%     -    1s
H    0     0                     327.5248000   45.40639  86.1%     -    1s
H    0     0                     307.5250800   45.40639  85.2%     -    1s
     0     0   45.40663    0  159  307.52508   45.40663  85.2%     -    1s
H    0     0                     120.1053000   45.40663  62.2%     -    2s
H    0     0                      77.9556800   45.40663  41.8%     -    2s
     0     0   45.52235    0  523   77.95568   45.52235  41.6%     -    2s
     0     0   45.52235    0  420   77.95568   45.52235  41.6%     -    2s
     0     0   45.52235    0  393   77.95568   45.52235  41.6%     -    2s
     0     0   45.52235    0  131   77.95568   45.52235  41.6%     -    5s
H    0     0                      68.7158200   45.52235  33.8%     -    5s
H    0     0                      67.4158200   45.52235  32.5%     -    5s
     0     0   45.54179    0  324   67.41582   45.54179  32.4%     -    5s
     0     0   45.77175    0  206   67.41582   45.77175  32.1%     -    6s
     0     0   46.00832    0  329   67.41582   46.00832  31.8%     -    7s
H    0     0                      63.5248800   46.00832  27.6%     -    7s
     0     0   46.08099    0  296   63.52488   46.08099  27.5%     -    7s
     0     0   46.35200    0  346   63.52488   46.35200  27.0%     -    8s
     0     0   46.35200    0  261   63.52488   46.35200  27.0%     -    8s
H    0     0                      51.5655200   46.35200  10.1%     -    9s
     0     2   46.35200    0  242   51.56552   46.35200  10.1%     -    9s
     1     4   46.35200    1  175   51.56552   46.35200  10.1%  1170   10s
H   72    62                      51.1815600   47.11478  7.95%   424   12s
H  238   188                      50.8753600   47.11478  7.39%   215   13s
H  443   365                      50.8573200   47.11478  7.36%   160   15s
H  459   365                      50.6496800   47.11478  6.98%   156   15s
H  724   510                      50.5847000   47.24464  6.60%   138   16s
H 1476   660                      49.5912400   47.35486  4.51%   103   21s
  1479   656   49.27833   18  104   49.59124   47.35486  4.51%   102   26s
  1486   661   47.51836   17  315   49.59124   47.35486  4.51%   102   30s
  1588   727     cutoff   19        49.59124   47.35486  4.51%   128   35s
H 1607   693                      49.5407600   47.35486  4.41%   128   35s
H 1691   681                      49.5333400   47.35486  4.40%   129   36s
H 1721   670                      49.5234000   47.35486  4.38%   128   36s
H 1749   636                      49.3932000   47.35486  4.13%   128   36s
H 1753   608                      49.3715000   47.35486  4.08%   128   36s
H 2000   581                      49.1812800   47.35486  3.71%   128   41s
  2377   618 infeasible   34        49.18128   47.35486  3.71%   134   45s
  3805   843   47.36771   22   88   49.18128   47.35486  3.71%   133   50s
  5239  1238   48.28298   23   98   49.18128   47.35486  3.71%   135   55s
  6425  1431 infeasible   34        49.18128   47.35486  3.71%   147   60s
  8404  2136 infeasible   44        49.18128   47.41507  3.59%   139   65s
  9600  2648     cutoff   36        49.18128   47.43488  3.55%   136   70s
 11648  2913   48.38682   50   97   49.18128   47.43488  3.55%   134   75s
 14136  3458   48.52837   39   91   49.18128   47.43488  3.55%   143   82s
 15233  3660   48.58495   38   91   49.18128   47.43488  3.55%   143   86s
 17258  3650     cutoff   38        49.18128   47.43488  3.55%   138   90s
H17259  3638                      49.1621600   47.43488  3.51%   138   90s
H17361  3508                      49.1084800   47.43488  3.41%   138   90s
 18987  3873   48.68516   49   75   49.10848   47.43488  3.41%   139   97s
 20170  4066   48.52423   37   94   49.10848   47.43488  3.41%   138  101s
 22213  4474   47.43488   38   80   49.10848   47.43488  3.41%   139  107s
 23167  4787     cutoff   48        49.10848   47.43488  3.41%   139  110s
 25506  5089   47.45438   40  148   49.10848   47.43488  3.41%   141  116s
 26524  5255     cutoff   56        49.10848   47.43488  3.41%   142  120s
 28524  5543   48.15830   33  125   49.10848   47.43488  3.41%   145  126s
 29559  5779   47.43565   31  144   49.10848   47.43488  3.41%   146  130s
 31954  6107   47.43970   37  125   49.10848   47.43488  3.41%   148  138s
 33282  6298   48.65068   40   72   49.10848   47.43488  3.41%   149  142s
 34569  6474   48.15790   41  106   49.10848   47.43488  3.41%   149  146s
 35648  6698   48.16379   43  100   49.10848   47.43488  3.41%   150  150s
 36879  6893   47.66997   52  216   49.10848   47.43488  3.41%   152  155s
 39329  7238   48.65390   49   64   49.10848   47.43488  3.41%   155  162s
 40204  7445   48.14352   35  116   49.10848   47.43488  3.41%   156  167s
 41415  7559   49.07201   51  104   49.10848   47.43488  3.41%   157  171s
 42520  7719   48.37968   51   84   49.10848   47.43488  3.41%   159  175s
 43803  7934     cutoff   49        49.10848   47.43488  3.41%   161  180s
 46323  8273   47.43488   36   71   49.10848   47.43488  3.41%   162  188s
 47284  8546   47.43488   18  130   49.10848   47.43488  3.41%   163  195s
 49061  8691   48.20418   30   93   49.10848   47.43488  3.41%   163  203s
H49624  8345                      48.9937600   47.43488  3.18%   162  203s
 51060  8413     cutoff   43        48.99376   47.43488  3.18%   161  207s
H51201  8208                      48.9242800   47.43488  3.04%   161  207s
 51439  8377   48.87048   39   82   48.92428   47.43488  3.04%   161  211s
H51894  8377                      48.9242800   47.43488  3.04%   161  211s
 52444  8583   48.42759   50   81   48.92428   47.43488  3.04%   161  216s
 53424  8854   47.92402   39   31   48.92428   47.43488  3.04%   161  221s
 54597  9052   47.58102   39   86   48.92428   47.43488  3.04%   161  226s
 55766  9165 infeasible   43        48.92428   47.43488  3.04%   161  231s
 56780  9274   47.49306   33  105   48.92428   47.43488  3.04%   162  236s
 57660  9459   47.70665   38  195   48.92428   47.43488  3.04%   162  242s
 59011  9639   48.13900   38  101   48.92428   47.43488  3.04%   163  248s
 60343  9750   48.23866   44  102   48.92428   47.43488  3.04%   163  254s
 61811  9907   48.00086   38   74   48.92428   47.43488  3.04%   163  259s
 62798 10068   48.53639   47   63   48.92428   47.43488  3.04%   163  265s
 65202 10352   48.37634   48   61   48.92428   47.43488  3.04%   164  274s
 66545 10634     cutoff   37        48.92428   47.43488  3.04%   165  279s
 67921 10774   47.43488   30   66   48.92428   47.43488  3.04%   166  285s
 70317 10886   47.94615   42  194   48.92428   47.43488  3.04%   167  290s
 70446 11161     cutoff   22        48.92428   47.43488  3.04%   167  295s
 71851 11309   48.58133   26   90   48.92428   47.43488  3.04%   168  300s
 73145 11660 infeasible   60        48.92428   47.43488  3.04%   168  309s
 75359 11974 infeasible   32        48.92428   47.43488  3.04%   167  317s
 77429 12160     cutoff   46        48.92428   47.43488  3.04%   166  322s
 78596 12410   48.25144   37   87   48.92428   47.43488  3.04%   167  328s
 80082 12677   48.22455   41   62   48.92428   47.43488  3.04%   167  332s
 81366 12848   48.20238   49   72   48.92428   47.43488  3.04%   167  337s
 82615 12980     cutoff   37        48.92428   47.43488  3.04%   167  342s
 83788 13122     cutoff   45        48.92428   47.43488  3.04%   168  347s
 85037 13282   48.27057   41  121   48.92428   47.43488  3.04%   168  351s
 86202 13514   48.45029   43   85   48.92428   47.43488  3.04%   169  357s
 87661 13711     cutoff   31        48.92428   47.43488  3.04%   169  362s
 88993 13841   48.14397   35   89   48.92428   47.43488  3.04%   169  367s
 90129 14008   48.20761   43   67   48.92428   47.43488  3.04%   169  372s
 91176 14310     cutoff   30        48.92428   47.43488  3.04%   170  377s
 92379 14690   47.96164   38   68   48.92428   47.43488  3.04%   170  382s
 93600 14934   47.55101   51   61   48.92428   47.43488  3.04%   170  389s
 94410 15282   47.44130   50   95   48.92428   47.43488  3.04%   170  394s
 95575 15487   48.12293   47   60   48.92428   47.43488  3.04%   170  400s
 96876 16075 infeasible   64        48.92428   47.43488  3.04%   171  406s
*97811 15614              62      48.8267000   47.43488  2.85%   171  407s
 98652 15884   47.44926   48   95   48.82670   47.43488  2.85%   170  413s
*99495 15837              56      48.8224400   47.43488  2.84%   171  413s
 99968 16069   48.12898   41   71   48.82244   47.43488  2.84%   171  418s
 101233 16333     cutoff   47        48.82244   47.43488  2.84%   171  424s
 102351 16619   47.71972   35  238   48.82244   47.43488  2.84%   172  429s
 103738 16979   48.12605   54   85   48.82244   47.43488  2.84%   172  435s
 105261 17251   48.54286   72   19   48.82244   47.43488  2.84%   173  441s
 106776 17481   48.17188   45   87   48.82244   47.43488  2.84%   173  446s
 107876 17663   47.43488   48   99   48.82244   47.43488  2.84%   173  451s
 108989 17922   48.12293   47   54   48.82244   47.43488  2.84%   173  457s
 110198 18286   48.15975   51   86   48.82244   47.43488  2.84%   174  462s
 111580 18504   48.19410   59   93   48.82244   47.43488  2.84%   174  467s
 112621 18807   48.75932   49   25   48.82244   47.43488  2.84%   174  473s
 113815 19001 infeasible   46        48.82244   47.43488  2.84%   174  480s
 114528 19350   48.30857   51   95   48.82244   47.43488  2.84%   174  486s
 115905 19674   47.45042   38   83   48.82244   47.43488  2.84%   175  492s
 117073 19982   48.13627   47  132   48.82244   47.43488  2.84%   175  498s
 118630 20328   47.43607   46  177   48.82244   47.43488  2.84%   175  505s
 120037 20717   47.43488   44   80   48.82244   47.43488  2.84%   176  512s
 121445 21004   47.44780   48  124   48.82244   47.43488  2.84%   176  518s
 122579 21159   48.54761   52   28   48.82244   47.43488  2.84%   176  523s
 123203 21324     cutoff   44        48.82244   47.43488  2.84%   177  532s
 124686 21533   48.12293   46   45   48.82244   47.43488  2.84%   178  541s
 125940 21639   48.30777   53   74   48.82244   47.43488  2.84%   179  549s
 127299 21845   47.46426   37  121   48.82244   47.43488  2.84%   180  558s
 128621 22076   48.07691   50  111   48.82244   47.43488  2.84%   181  566s
 130138 22256   47.44648   45  132   48.82244   47.43488  2.84%   182  575s
 131522 22392   48.12293   40   67   48.82244   47.43488  2.84%   183  583s
 132615 22646   47.83302   50  217   48.82244   47.43488  2.84%   184  592s
 134024 22895   47.56357   48   73   48.82244   47.43488  2.84%   185  600s
 135511 23005   48.12964   46  105   48.82244   47.43488  2.84%   186  609s
 136828 23312     cutoff   53        48.82244   47.43488  2.84%   187  618s
 138346 23424   48.16060   43   89   48.82244   47.43488  2.84%   188  623s
 139018 23617   48.38281   33  104   48.82244   47.43488  2.84%   188  632s
 140343 23896   48.54634   36   89   48.82244   47.43488  2.84%   189  641s
 141821 24254   48.14921   41  112   48.82244   47.43488  2.84%   189  650s
 143507 24591   47.43488   52   78   48.82244   47.43488  2.84%   190  660s
 144979 24744   48.47511   56   90   48.82244   47.43488  2.84%   191  668s
 146291 24931   48.17198   55  128   48.82244   47.43488  2.84%   191  676s
 147521 25134   48.61459   49   83   48.82244   47.43488  2.84%   192  684s
 148689 25290   48.20047   56  134   48.82244   47.43488  2.84%   192  692s
 149819 25554   47.43488   31   68   48.82244   47.43488  2.84%   193  700s
 151144 25862   48.81225   53   26   48.82244   47.43488  2.84%   194  710s
 152643 26245     cutoff   47        48.82244   47.43488  2.84%   194  719s
H152647 23581                      48.5351400   47.43488  2.27%   194  719s
 154231 23618   48.12455   43  146   48.53514   47.43488  2.27%   195  726s
 154899 23784   48.17955   46   78   48.53514   47.43488  2.27%   195  736s
 156554 24077   48.12293   38   62   48.53514   47.43488  2.27%   196  745s
 158234 24273   48.13404   48  106   48.53514   47.43488  2.27%   196  754s
 159426 24418   48.12602   43  153   48.53514   47.43488  2.27%   196  762s
 160535 24477   47.67367   43   78   48.53514   47.43488  2.27%   197  770s
 161358 24567 infeasible   41        48.53514   47.43488  2.27%   198  777s
 162453 24760   48.33464   37   76   48.53514   47.43488  2.27%   198  786s
 163735 24909   48.33464   39   64   48.53514   47.43488  2.27%   199  794s
 165097 25143   47.43488   24  120   48.53514   47.43488  2.27%   199  804s
 166547 25426   48.48446   35  108   48.53514   47.43488  2.27%   200  813s
 167986 25810   48.33464   51   53   48.53514   47.43488  2.27%   200  823s
 169905 25938   48.20761   50  113   48.53514   47.43488  2.27%   200  829s
 170633 25938   48.29230   40   77   48.53514   47.43488  2.27%   200  830s
 170819 26291   48.12293   41  109   48.53514   47.43488  2.27%   200  837s
 172347 26625   48.16527   38   99   48.53514   47.43488  2.27%   200  844s
 173672 26900   48.26407   49   85   48.53514   47.43488  2.27%   200  851s
 174984 27064     cutoff   42        48.53514   47.43488  2.27%   201  857s
 175999 27395   48.18425   53   64   48.53514   47.43488  2.27%   201  865s
 177496 27502   47.43488   52   68   48.53514   47.43488  2.27%   201  872s
H178370 27502                      48.5351400   47.43488  2.27%   201  872s
 178474 27821   47.57441   42  101   48.53514   47.43488  2.27%   201  881s
 179949 27979 infeasible   53        48.53514   47.43488  2.27%   201  888s
 180927 28094   48.12293   48   78   48.53514   47.43488  2.27%   201  895s
 181800 28164   48.33464   40   82   48.53514   47.43488  2.27%   202  905s
 182245 28343   48.40521   48   63   48.53514   47.43488  2.27%   202  913s
 183301 28497   48.28171   30   98   48.53514   47.43488  2.27%   203  922s
 184401 28591   47.89556   43  170   48.53514   47.43488  2.27%   203  928s
 185022 28720   48.33464   46   52   48.53514   47.43488  2.27%   204  940s
 186605 28837   48.14165   28  120   48.53514   47.43488  2.27%   205  951s
 187822 29146   47.47753   29  119   48.53514   47.43488  2.27%   205  965s
 189705 29207   48.23866   46   79   48.53514   47.43488  2.27%   206  978s
 191094 29313   48.31524   27  112   48.53514   47.43488  2.27%   206  990s
 192568 29368   48.05490   31   49   48.53514   47.43488  2.27%   207 1001s
 193840 29562     cutoff   33        48.53514   47.43488  2.27%   207 1011s
 195181 29599   48.22123   43   80   48.53514   47.43488  2.27%   208 1024s
 196654 29798   47.63684   43  105   48.53514   47.43488  2.27%   209 1036s
 198292 29998   47.43488   32   61   48.53514   47.43488  2.27%   209 1047s
 200086 30060   47.51461   31  137   48.53514   47.43488  2.27%   209 1054s
 200926 30201   48.20522   33   82   48.53514   47.43488  2.27%   210 1064s
 202272 30365   48.12293   45   81   48.53514   47.43488  2.27%   210 1074s
 203820 30456   48.25241   46  102   48.53514   47.43488  2.27%   210 1084s
 205117 30592   48.15317   38   88   48.53514   47.43488  2.27%   211 1095s
 206295 30811   48.19621   33   97   48.53514   47.43488  2.27%   211 1103s
 207473 31187   48.15180   43  121   48.53514   47.43488  2.27%   211 1113s
 209263 31418   48.16623   43   93   48.53514   47.43488  2.27%   211 1123s
 210458 31655     cutoff   38        48.53514   47.43488  2.27%   212 1132s
 211892 31808   48.12293   36   49   48.53514   47.43488  2.27%   212 1142s
 213169 31972   47.91535   39   77   48.53514   47.43488  2.27%   212 1150s
 214194 32209   48.12293   34   79   48.53514   47.43488  2.27%   213 1158s
 215489 32333   48.33464   40   72   48.53514   47.43488  2.27%   213 1164s
 216214 32651   48.13184   31  106   48.53514   47.43488  2.27%   213 1175s
 217808 32914   48.29230   43  105   48.53514   47.43488  2.27%   213 1184s
 219043 33247   48.16279   26  125   48.53514   47.43488  2.27%   213 1193s
 220406 33558   47.59395   40  115   48.53514   47.43488  2.27%   214 1202s
 221999 33658   48.20806   31  118   48.53514   47.43488  2.27%   214 1212s
 223223 33842     cutoff   35        48.53514   47.43488  2.27%   214 1220s
 224405 33905 infeasible   50        48.53514   47.43488  2.27%   214 1231s
 224911 34011   48.28763   35   83   48.53514   47.43488  2.27%   215 1239s
 225995 34166   48.17274   36   90   48.53514   47.43488  2.27%   215 1248s
 227206 34438   48.14712   40  126   48.53514   47.43488  2.27%   216 1259s
 228804 34561   47.54336   27   86   48.53514   47.43488  2.27%   216 1268s
 230139 34698   48.12505   29  131   48.53514   47.43488  2.27%   216 1274s
 231000 34831   47.79015   44   85   48.53514   47.43488  2.27%   216 1282s
 232133 35050     cutoff   37        48.53514   47.43488  2.27%   217 1291s
 233507 35350   48.26407   37   75   48.53514   47.43488  2.27%   217 1301s
 235113 35525   48.14996   44  126   48.53514   47.43488  2.27%   217 1310s
 236407 35776   48.44049   30   68   48.53514   47.43488  2.27%   217 1319s
 237781 35808   48.22455   37  107   48.53514   47.43488  2.27%   218 1327s
 238652 35908   48.16363   38  123   48.53514   47.43488  2.27%   218 1336s
 239693 35962   48.44358   47  130   48.53514   47.43488  2.27%   219 1345s
 240720 36018   48.15957   39  107   48.53514   47.43488  2.27%   220 1354s
 241507 36144   48.25903   36   59   48.53514   47.43488  2.27%   220 1363s
 242616 36230   47.43488   41   42   48.53514   47.43488  2.27%   221 1372s
 243594 36447   48.15180   34  115   48.53514   47.43488  2.27%   221 1383s
 245050 36554     cutoff   42        48.53514   47.43488  2.27%   222 1389s
 245656 36745   48.12293   39   83   48.53514   47.43488  2.27%   222 1401s
 247096 36877   48.12655   35  123   48.53514   47.43488  2.27%   223 1413s
 248611 37074   48.12293   40   87   48.53514   47.43488  2.27%   223 1425s
 249970 37285   47.47567   49  178   48.53514   47.43488  2.27%   224 1437s
 251413 37452   48.19098   39   92   48.53514   47.43488  2.27%   224 1449s
 252601 37627   48.40532   40   96   48.53514   47.43488  2.27%   225 1460s
 253959 37759   47.49310   37  132   48.53514   47.43488  2.27%   226 1471s
 255248 37923   48.20534   35   93   48.53514   47.43488  2.27%   226 1483s
 256436 38108   47.43488   29   91   48.53514   47.43488  2.27%   227 1495s
 257934 38298   48.12293   36   65   48.53514   47.43488  2.27%   227 1507s
 259261 38439   47.56279   35   79   48.53514   47.43488  2.27%   228 1517s
 260378 38463 infeasible   48        48.53514   47.43488  2.27%   228 1524s
 260917 38814     cutoff   36        48.53514   47.43488  2.27%   228 1539s
 262891 39248   48.23736   38   99   48.53514   47.43488  2.27%   229 1551s
 264693 39510   47.80262   44  116   48.53514   47.43488  2.27%   229 1562s
 265987 39919   48.12293   29   75   48.53514   47.43488  2.27%   229 1573s
 267513 40104   48.33349   44  102   48.53514   47.43488  2.27%   229 1582s
 268788 40386   48.33464   49   68   48.53514   47.43488  2.27%   229 1592s
 270093 40501     cutoff   40        48.53514   47.43488  2.27%   229 1601s
 270935 40635   47.82689   44  140   48.53514   47.43488  2.27%   230 1612s
 271616 40710   47.47347   39  146   48.53514   47.43488  2.27%   230 1622s
 272803 40835   48.20232   44   97   48.53514   47.43488  2.27%   230 1632s
 273967 40965   47.51526   34  320   48.53514   47.43488  2.27%   231 1643s
 275039 41012   47.48032   35  109   48.53514   47.43488  2.27%   231 1649s
 275652 41175   47.43488   28   86   48.53514   47.43488  2.27%   231 1662s
 277178 41359     cutoff   39        48.53514   47.43488  2.27%   232 1674s
 278507 41587     cutoff   43        48.53514   47.43488  2.27%   232 1685s
 280060 41940   48.17938   34  108   48.53514   47.43488  2.27%   233 1700s
 281533 42276   47.43488   40  106   48.53514   47.43488  2.27%   232 1712s
 283344 42620   47.43488   41   91   48.53514   47.43488  2.27%   232 1724s
 284985 42859   48.26407   42   83   48.53514   47.43488  2.27%   232 1742s
 287659 42857   48.17615   45  117   48.53514   47.43488  2.27%   232 1757s
 289469 42973     cutoff   40        48.53514   47.43488  2.27%   232 1768s
 290976 42966     cutoff   48        48.53514   47.43488  2.27%   232 1776s
 291978 43095     cutoff   40        48.53514   47.43488  2.27%   232 1784s
 292991 43292   48.12293   42   78   48.53514   47.43488  2.27%   232 1792s
 294038 43436     cutoff   47        48.53514   47.43488  2.27%   232 1801s
 295088 43659   48.17321   40  125   48.53514   47.43488  2.27%   232 1809s
 296127 43891   48.52404   36   98   48.53514   47.43488  2.27%   232 1818s
 297238 44058   48.26611   44   84   48.53514   47.43488  2.27%   232 1827s
 298231 44385   47.43488   39   51   48.53514   47.43488  2.27%   233 1836s
 299442 44590     cutoff   43        48.53514   47.43488  2.27%   233 1845s
 300712 44860     cutoff   35        48.53514   47.43488  2.27%   233 1854s
 301286 44860   48.18807   52  110   48.53514   47.43488  2.27%   233 1855s
 302053 45001   48.22519   36   83   48.53514   47.43488  2.27%   233 1862s
 302858 45240   48.12293   29  108   48.53514   47.43488  2.27%   233 1873s
 304211 45368 infeasible   44        48.53514   47.43488  2.27%   233 1880s
 305079 45494   48.12293   33   88   48.53514   47.43488  2.27%   234 1889s
 306020 45483   48.15339   46  127   48.53514   47.43491  2.27%   234 1899s
 307055 45382   48.19991   51  103   48.53514   47.43519  2.27%   234 1910s
 308258 45374   48.17008   51   80   48.53514   47.43565  2.27%   235 1921s
 310095 45338     cutoff   52        48.53514   47.43577  2.27%   235 1931s
 311516 45229   48.52093   35  107   48.53514   47.43683  2.26%   235 1940s
 312756 45162     cutoff   44        48.53514   47.43764  2.26%   236 1952s
 314167 45072     cutoff   41        48.53514   47.43883  2.26%   236 1962s
 315213 44953   47.87815   31  138   48.53514   47.44096  2.25%   236 1971s
 316490 44804     cutoff   44        48.53514   47.44167  2.25%   236 1982s
 317404 44571     cutoff   48        48.53514   47.44372  2.25%   237 1991s
 318615 44368     cutoff   46        48.53514   47.44725  2.24%   237 1999s
 319647 44177   48.42067   41   88   48.53514   47.45028  2.24%   238 2006s
 320605 43970 infeasible   34        48.53514   47.45481  2.23%   238 2015s
 321601 43685   47.63997   37  123   48.53514   47.45862  2.22%   238 2023s
 322522 43359 infeasible   34        48.53514   47.46318  2.21%   239 2031s
 323518 43112   48.37911   52   94   48.53514   47.46798  2.20%   239 2040s
 324701 42809   47.70834   38  110   48.53514   47.47255  2.19%   240 2048s
 325623 42461   48.44643   41   74   48.53514   47.47736  2.18%   240 2057s
 326688 42103   48.12635   45   86   48.53514   47.48208  2.17%   241 2068s
 327913 41789   48.35908   39  143   48.53514   47.48658  2.16%   241 2077s
 328930 41615   48.25679   45   90   48.53514   47.49134  2.15%   242 2097s
 329321 41238     cutoff   35        48.53514   47.49166  2.15%   242 2105s
 330349 40906     cutoff   54        48.53514   47.49978  2.13%   242 2115s
 331390 40552     cutoff   48        48.53514   47.50676  2.12%   243 2123s
 332428 40165     cutoff   51        48.53514   47.51405  2.10%   243 2133s
 333745 39829   48.50546   53   79   48.53514   47.52015  2.09%   244 2142s
 334815 39559   48.42715   38  157   48.53514   47.52977  2.07%   244 2151s
 335751 39268   48.33464   52   81   48.53514   47.53721  2.06%   244 2159s
 336695 38811   48.52877   34   96   48.53514   47.54459  2.04%   245 2167s
 337630 38649     cutoff   52        48.53514   47.55428  2.02%   245 2177s
H337826 38649                      48.5351396   47.55431  2.02%   245 2177s
 338232 38321   48.29344   52  103   48.53514   47.55873  2.01%   245 2184s
 339106 38042     cutoff   51        48.53514   47.57363  1.98%   245 2192s
 340133 37854   48.19350   45  123   48.53514   47.58536  1.96%   246 2201s
 341023 37962   48.42051   37   87   48.53514   47.59493  1.94%   246 2218s
 342778 38009     cutoff   38        48.53514   47.59493  1.94%   246 2228s
 343692 38090   47.86210   29   75   48.53514   47.59493  1.94%   246 2246s
 345437 38171   47.86085   38  117   48.53514   47.59493  1.94%   246 2261s
 346862 38284   48.29332   31  127   48.53514   47.59493  1.94%   246 2278s
 348213 38367   48.33511   31   90   48.53514   47.59493  1.94%   247 2291s
 349352 38367   48.28298   46   70   48.53514   47.59493  1.94%   247 2304s
 350438 38448   48.45233   29   74   48.53514   47.59493  1.94%   247 2317s
 351591 38526   47.86210   25   69   48.53514   47.59493  1.94%   248 2330s
 352796 38612   48.43465   25   83   48.53514   47.59493  1.94%   248 2345s
 354150 38702   48.37721   30   59   48.53514   47.59493  1.94%   248 2358s
 355318 38696   47.77375   39  262   48.53514   47.59493  1.94%   248 2369s
 356287 38707     cutoff   24        48.53514   47.59493  1.94%   249 2379s
 357236 38754   48.36335   36   56   48.53514   47.59493  1.94%   249 2387s
 357780 38804   48.40789   27   92   48.53514   47.59747  1.93%   249 2402s
 358982 38632     cutoff   27        48.53514   47.59747  1.93%   249 2415s
 360016 38315     cutoff   29        48.53514   47.59747  1.93%   250 2425s
 360851 37954     cutoff   48        48.53514   47.60791  1.91%   250 2435s
 361825 37638 infeasible   36        48.53514   47.62681  1.87%   251 2448s
 362593 37226   48.10347   48  115   48.53514   47.64007  1.84%   251 2456s
 363458 36813   47.76881   32  197   48.53514   47.66712  1.79%   251 2467s
 364499 36896   47.70332   17  147   48.53514   47.69475  1.73%   252 2479s
 365655 37041     cutoff   26        48.53514   47.70332  1.71%   252 2490s
 366676 37108   47.78240   27   89   48.53514   47.70332  1.71%   252 2501s
 367453 37118   48.39137   30   65   48.53514   47.70332  1.71%   253 2509s
 368124 37035   47.74721   23  106   48.53514   47.70332  1.71%   253 2520s
 369020 36909     cutoff   29        48.53514   47.70705  1.71%   253 2532s
 369502 36511     cutoff   48        48.53514   47.72068  1.68%   254 2541s
 370351 36168 infeasible   54        48.53514   47.74564  1.63%   254 2552s
 371506 35720     cutoff   43        48.53514   47.77432  1.57%   254 2562s
 372537 35500     cutoff   42        48.53514   47.81851  1.48%   255 2572s
 373329 35457     cutoff   30        48.53514   47.83500  1.44%   255 2586s
 374129 35454     cutoff   30        48.53514   47.83500  1.44%   256 2599s
 374952 35575     cutoff   26        48.53514   47.83500  1.44%   256 2621s
 376664 35704     cutoff   45        48.53514   47.83500  1.44%   256 2636s
 377913 35717   47.83829   35  172   48.53514   47.83500  1.44%   256 2650s
 378990 35719     cutoff   28        48.53514   47.83500  1.44%   256 2668s
 379368 35753     cutoff   32        48.53514   47.83500  1.44%   256 2682s
 380604 35797   47.94153   37  119   48.53514   47.83500  1.44%   256 2698s
 381918 35855   47.83500   28   64   48.53514   47.83500  1.44%   256 2710s
 382885 36081   48.53312   31  128   48.53514   47.83500  1.44%   256 2728s
 384754 36416     cutoff   46        48.53514   47.83500  1.44%   256 2749s
 385139 36416   47.83500   39   65   48.53514   47.83500  1.44%   256 2750s
 387207 36659     cutoff   43        48.53514   47.83500  1.44%   255 2773s
 390360 36841   47.83532   48   87   48.53514   47.83500  1.44%   254 2789s
 392239 36985     cutoff   42        48.53514   47.83500  1.44%   254 2808s
 394471 37156     cutoff   48        48.53514   47.83500  1.44%   254 2822s
 395830 37202   48.44429   51   67   48.53514   47.83500  1.44%   253 2836s
 397403 37291   47.83500   46   85   48.53514   47.83500  1.44%   253 2849s
 398872 37353     cutoff   27        48.53514   47.83500  1.44%   253 2863s
 400451 37427     cutoff   54        48.53514   47.83500  1.44%   253 2875s
 401631 37552   47.85984   50   76   48.53514   47.83500  1.44%   253 2889s
 403136 37567   47.92710   48  124   48.53514   47.83500  1.44%   253 2902s
 404278 37547   48.28447   48   91   48.53514   47.83500  1.44%   253 2914s
 405430 37540   47.83500   40   58   48.53514   47.83500  1.44%   253 2929s
 405999 37653   47.83500   55   58   48.53514   47.83500  1.44%   253 2945s
 407769 37730   47.83500   48   62   48.53514   47.83500  1.44%   253 2962s
 409655 37789     cutoff   43        48.53514   47.83500  1.44%   252 2977s
 411186 37860     cutoff   48        48.53514   47.83500  1.44%   252 2991s
 412523 37920     cutoff   39        48.53514   47.83500  1.44%   252 3007s
 413926 37978   47.83500   41   79   48.53514   47.83500  1.44%   252 3022s
 415266 37997 infeasible   54        48.53514   47.83500  1.44%   252 3036s
 416613 38008     cutoff   53        48.53514   47.83500  1.44%   252 3051s
 417655 38070     cutoff   41        48.53514   47.83500  1.44%   252 3066s
 419122 38162   48.53189   50  106   48.53514   47.83500  1.44%   252 3082s
 420785 38244     cutoff   50        48.53514   47.83500  1.44%   252 3097s
 422378 38271   47.86962   46   54   48.53514   47.83500  1.44%   252 3110s
 423619 38272   48.20704   46  148   48.53514   47.83500  1.44%   252 3128s
 425022 38410   47.97804   38  123   48.53514   47.83500  1.44%   252 3147s
 426971 38496   47.83500   46   49   48.53514   47.83500  1.44%   252 3167s
 428695 38529   47.86880   37  178   48.53514   47.83500  1.44%   252 3181s
 430006 38579     cutoff   45        48.53514   47.83500  1.44%   252 3197s
 431560 38651     cutoff   44        48.53514   47.83500  1.44%   252 3218s
 433274 38667     cutoff   45        48.53514   47.83500  1.44%   252 3239s
 434991 38676     cutoff   49        48.53514   47.83500  1.44%   252 3254s
 436234 38724 infeasible   47        48.53514   47.83500  1.44%   253 3271s
 437768 38876     cutoff   51        48.53514   47.83500  1.44%   253 3286s
 438930 39033     cutoff   44        48.53514   47.83500  1.44%   253 3306s
 441060 39093     cutoff   53        48.53514   47.83500  1.44%   253 3324s
 442772 39169     cutoff   42        48.53514   47.83500  1.44%   252 3339s
 444092 39205   47.83500   42   60   48.53514   47.83500  1.44%   252 3354s
 445491 39219     cutoff   45        48.53514   47.83500  1.44%   252 3368s
 446652 39283     cutoff   52        48.53514   47.83500  1.44%   253 3384s
 447828 39348   47.83500   44   47   48.53514   47.83500  1.44%   253 3400s
 449437 39449     cutoff   38        48.53514   47.83500  1.44%   253 3417s
 451060 39437   47.85209   33  139   48.53514   47.83500  1.44%   253 3442s
 451656 39424   48.25487   34  102   48.53514   47.83500  1.44%   253 3457s
 452812 39502     cutoff   38        48.53514   47.83500  1.44%   253 3474s
 453478 39502     cutoff   48        48.53514   47.83500  1.44%   253 3475s
 454237 39578   47.83500   44   80   48.53514   47.83500  1.44%   253 3487s
 455329 39669   47.89971   36  134   48.53514   47.83500  1.44%   253 3505s
 457022 39641     cutoff   40        48.53514   47.83500  1.44%   253 3521s
 458287 39657     cutoff   54        48.53514   47.83500  1.44%   253 3538s
 459797 39615   47.85045   36  100   48.53514   47.83500  1.44%   253 3554s
 460994 39742     cutoff   41        48.53514   47.83500  1.44%   254 3571s
 462501 39831 infeasible   54        48.53514   47.83500  1.44%   254 3589s
 464106 39877   48.52613   40   72   48.53514   47.83500  1.44%   254 3600s

Cutting planes:
  Learned: 561
  Gomory: 41
  Lift-and-project: 6
  Cover: 12524
  Implied bound: 1333
  Projected implied bound: 1
  Clique: 45
  MIR: 201
  StrongCG: 21
  Flow cover: 1496
  GUB cover: 5
  Inf proof: 202
  Zero half: 19
  Network: 2
  RLT: 125
  Relax-and-lift: 102

Explored 464943 nodes (118142234 simplex iterations) in 3600.38 seconds (5897.37 work units)
Thread count was 8 (of 24 available processors)

Solution count 10: 48.5351 48.5351 48.5351 ... 49.1085

Time limit reached
Warning: max constraint violation (4.8274e-02) exceeds tolerance
Warning: max bound violation (4.8274e-02) exceeds tolerance
         (model may be infeasible or unbounded - try turning presolve off)
Best objective 4.853513962686e+01, best bound 4.783500239024e+01, gap 1.4425%
