
Gurobi 10.0.0 (win64) logging started Sat Jan 20 00:52:15 2024

Set parameter LogFile to value "C:/Users\Administrator\Documents\BNC_Repo\BNC_Tests\10_MIP_Results\n20m2\Instance_Class2_Parts20_Machines2_Instance2_logfileChe2021.txt"
Gurobi Optimizer version 10.0.0 build v10.0.0rc2 (win64)

CPU model: AMD EPYC 7513 32-Core Processor, instruction set [SSE2|AVX|AVX2]
Thread count: 24 physical cores, 24 logical processors, using up to 8 threads

Optimize a model with 14158 rows, 2601 columns and 67254 nonzeros
Model fingerprint: 0x4dcd7607
Variable types: 921 continuous, 1680 integer (1680 binary)
Coefficient statistics:
  Matrix range     [4e-06, 4e+02]
  Objective range  [1e+00, 1e+00]
  Bounds range     [1e+00, 1e+00]
  RHS range        [1e+00, 6e+02]
Presolve removed 4781 rows and 861 columns
Presolve time: 0.14s
Presolved: 9377 rows, 1740 columns, 61852 nonzeros
Variable types: 80 continuous, 1660 integer (1620 binary)
Found heuristic solution: objective 340.6607000
Root relaxation presolved: 9377 rows, 1740 columns, 61852 nonzeros


Use crossover to convert LP symmetric solution to basic solution...

Root relaxation: objective 2.722031e+01, 5599 iterations, 0.59 seconds (0.92 work units)

    Nodes    |    Current Node    |     Objective Bounds      |     Work
 Expl Unexpl |  Obj  Depth IntInf | Incumbent    BestBd   Gap | It/Node Time

     0     0   27.22031    0   81  340.66070   27.22031  92.0%     -    0s
H    0     0                     132.0077200   27.22031  79.4%     -    0s
H    0     0                     121.1432200   27.22031  77.5%     -    0s
H    0     0                      92.4977400   27.22031  70.6%     -    1s
H    0     0                      42.8882400   27.22031  36.5%     -    1s
     0     0   27.30025    0  169   42.88824   27.30025  36.3%     -    1s
     0     0   27.30025    0  509   42.88824   27.30025  36.3%     -    2s
H    0     0                      39.7303400   27.36158  31.1%     -    3s
     0     0   27.36158    0  570   39.73034   27.36158  31.1%     -    3s
     0     0   27.36158    0  527   39.73034   27.36158  31.1%     -    3s
H    0     0                      39.5388400   27.36158  30.8%     -    3s
     0     0   27.51742    0  309   39.53884   27.51742  30.4%     -    3s
     0     0   27.51742    0  306   39.53884   27.51742  30.4%     -    4s
     0     0   27.51742    0  287   39.53884   27.51742  30.4%     -    4s
     0     0   27.51742    0  326   39.53884   27.51742  30.4%     -    5s
     0     0   27.51742    0  250   39.53884   27.51742  30.4%     -    5s
H    0     0                      34.3328600   27.51742  19.9%     -    7s
H    0     0                      34.1028400   27.51742  19.3%     -    7s
H    0     2                      34.0551000   27.51742  19.2%     -    7s
     0     2   27.51742    0  235   34.05510   27.51742  19.2%     -    7s
     9     8   28.76691    4  114   34.05510   28.63639  15.9%  2001   10s
H   68    66                      33.3650400   28.90586  13.4%   883   12s
H  104   104                      33.2869200   28.90586  13.2%   703   13s
H  109   104                      32.8620400   28.90586  12.0%   677   13s
H  117   104                      32.7349000   28.90586  11.7%   638   13s
H  158   141                      31.1608600   28.90586  7.24%   536   13s
H  206   165                      31.0978800   28.90586  7.05%   451   14s
H  214   165                      30.5228800   28.90586  5.30%   438   14s
H  311   217                      30.4358800   29.00090  4.71%   341   15s
H  315   217                      30.3449400   29.00090  4.43%   337   15s
H  383   273                      30.3360600   29.00090  4.40%   293   16s
H  384   273                      30.3273800   29.00090  4.37%   293   16s
  1165   639   30.24031   14   54   30.32738   29.21068  3.68%   152   20s
  1452   775   30.15398   32  250   30.32738   29.21068  3.68%   144   25s
  1456   778   29.43354   43  249   30.32738   29.21068  3.68%   144   30s
  1463   782   29.28578   39  349   30.32738   29.21068  3.68%   143   35s
  1893   925   29.41031   36   43   30.32738   29.21068  3.68%   154   40s
  4107  1580   30.24264   40  110   30.32738   29.24031  3.58%   111   45s
  7026  2533   30.32531   62   39   30.32738   29.24031  3.58%   109   50s
  9355  3224   30.26983   52   86   30.32738   29.24031  3.58%   107   55s
 11597  4049   30.26983   42   71   30.32738   29.24031  3.58%   105   60s
 14585  4721     cutoff   48        30.32738   29.24031  3.58%   104   66s
 14704  7520   30.26983   52   91   30.32738   29.24031  3.58%   104   88s
 22337  7942   29.24031   42   40   30.32738   29.24031  3.58%   102   93s
 23533  8268 infeasible   54        30.32738   29.24031  3.58%   102   96s
 26100  8913 infeasible   51        30.32738   29.24031  3.58%   103  101s
 27428  9337   29.24031   42   36   30.32738   29.24031  3.58%   104  105s
 30320  9704   29.24031   43  250   30.32738   29.24031  3.58%   104  111s
 30322  9705   29.25058   43   76   30.32738   29.24031  3.58%   104  117s
 30326  9708   30.32531   39  136   30.32738   29.24031  3.58%   104  120s
 30333  9713   30.32531   53  231   30.32738   29.24031  3.58%   104  126s
 30337  9715   30.24031   46  138   30.32738   29.24031  3.58%   104  132s
 30341  9718   29.30518   61  272   30.32738   29.24031  3.58%   104  136s
 30343  9719   29.46139   53  209   30.32738   29.24031  3.58%   104  140s
 30346  9721   30.24031   35  186   30.32738   29.24031  3.58%   104  146s
 30525  9808   29.35542   37   59   30.32738   29.24031  3.58%   100  150s
 32113 10455   29.27730   32   70   30.32738   29.24031  3.58%  99.4  155s
 35405 11034     cutoff   72        30.32738   29.24031  3.58%  97.9  160s
 37387 10851   29.24031   27  127   30.32738   29.24031  3.58%   103  166s
 38596 10721   29.25234   74   65   30.32738   29.24031  3.58%   105  170s
 40928 10545     cutoff   74        30.32738   29.24031  3.58%   111  175s
 42870 10169   29.24031   72   24   30.32738   29.24031  3.58%   115  180s
 44170 10051   30.29721   71   49   30.32738   29.24031  3.58%   118  185s
 45758  9954   30.31625   74   81   30.32738   29.24031  3.58%   122  190s
 47885  9627     cutoff   74        30.32738   29.24031  3.58%   127  195s
 50076  9363     cutoff   71        30.32738   29.24031  3.58%   131  202s
 51463  9250   30.28216   69   57   30.32738   29.24031  3.58%   133  205s
 54257  8857   29.24031   52   40   30.32738   29.24031  3.58%   138  212s
 55427  8743   29.24031   55   38   30.32738   29.24031  3.58%   140  215s
 57801  8322   29.51319   63  234   30.32738   29.24031  3.58%   144  222s
 59011  8147   29.24031   63   35   30.32738   29.24031  3.58%   145  225s
 61312  8480   29.50424   72   73   30.32738   29.24031  3.58%   149  233s
 62433  8805     cutoff   74        30.32738   29.24031  3.58%   150  237s
 63793  9027   30.27795   70   74   30.32738   29.24031  3.58%   151  240s
 64982  9284     cutoff   67        30.32738   29.24031  3.58%   153  245s
 67646  9897   30.27795   63   82   30.32738   29.24031  3.58%   157  253s
 69182 10136   29.29612   71   89   30.32738   29.24031  3.58%   158  257s
 70284 10284     cutoff   71        30.32738   29.24031  3.58%   159  260s
 72517 10759     cutoff   69        30.32738   29.24031  3.58%   162  267s
 73824 10959   29.24031   68   37   30.32738   29.24031  3.58%   163  271s
 76093 11277   29.25012   62   74   30.32738   29.24031  3.58%   166  278s
 77247 11515     cutoff   70        30.32738   29.24031  3.58%   168  281s
 78532 11757   29.71531   68   59   30.32738   29.24031  3.58%   169  286s
 79800 11844   30.27656   55   82   30.32738   29.24031  3.58%   170  290s
 82346 12402     cutoff   72        30.32738   29.24031  3.58%   174  298s
 83695 12669     cutoff   72        30.32738   29.24031  3.58%   175  302s
 84934 13012   29.30105   69   48   30.32738   29.24031  3.58%   176  306s
 86371 13580     cutoff   65        30.32738   29.24031  3.58%   177  310s
 88573 14093   30.27668   63   87   30.32738   29.24031  3.58%   178  315s
 91071 16124   30.25595   70   36   30.32738   29.24031  3.58%   178  323s
 93025 16592   29.24031   69   31   30.32738   29.24031  3.58%   177  326s
 94813 17591   30.19017   86   94   30.32738   29.24031  3.58%   176  331s
 97565 18665     cutoff   77        30.32738   29.24031  3.58%   175  337s
 99948 19586   30.22499   75   68   30.32738   29.24031  3.58%   175  342s
 102492 20271   29.24140   77   47   30.32738   29.24031  3.58%   175  346s
 104490 21129   29.24122   84   41   30.32738   29.24031  3.58%   174  352s
 105618 21695   30.32531   83   21   30.32738   29.24031  3.58%   174  355s
 108187 22636   29.45645   84  117   30.32738   29.24031  3.58%   174  361s
 109521 23164     cutoff  101        30.32738   29.24031  3.58%   174  365s
 111871 24010     cutoff   88        30.32738   29.24031  3.58%   174  371s
 114468 24953   29.24161   74   91   30.32738   29.24031  3.58%   173  377s
 116604 25687   29.24031   77   25   30.32738   29.24031  3.58%   174  382s
 117909 25974     cutoff   87        30.32738   29.24031  3.58%   174  385s
 119709 26572   30.27220   81   90   30.32738   29.24031  3.58%   175  390s
 121734 27062   30.27815   86  109   30.32738   29.24031  3.58%   176  397s
 122698 27508     cutoff   90        30.32738   29.24031  3.58%   177  402s
 124122 27816   29.24031   69   51   30.32738   29.24031  3.58%   177  407s
 125216 28197     cutoff   80        30.32738   29.24031  3.58%   178  411s
 126554 28567   29.24628   77   55   30.32738   29.24031  3.58%   179  416s
 127728 28960     cutoff   82        30.32738   29.24031  3.58%   180  420s
 130284 29601   30.27222   89  104   30.32738   29.24031  3.58%   181  428s
 131663 29980   29.45961   83  243   30.32738   29.24031  3.58%   182  432s
 132961 30399   29.24031   83   17   30.32738   29.24031  3.58%   183  436s
 134193 30866     cutoff   85        30.32738   29.24031  3.58%   183  441s
 136240 31157   30.32531   92   23   30.32738   29.24031  3.58%   184  445s
 137690 31733   30.32531  107   22   30.32738   29.24031  3.58%   184  452s
 138936 32037     cutoff   84        30.32738   29.24031  3.58%   185  456s
 140138 32314   30.25608   89  115   30.32738   29.24031  3.58%   185  460s
 142298 33030     cutoff   75        30.32738   29.24031  3.58%   186  468s
 143583 33320     cutoff   86        30.32738   29.24031  3.58%   187  472s
 144769 33631   30.27836   83  101   30.32738   29.24031  3.58%   187  475s
 145914 34039   29.24031   77   25   30.32738   29.24031  3.58%   188  480s
 148500 34702     cutoff   86        30.32738   29.24031  3.58%   189  489s
 149561 34948   30.25612   96  102   30.32738   29.24031  3.58%   189  493s
 150701 35233   29.27753   83  138   30.32738   29.24031  3.58%   190  496s
 151776 35524   29.24031   73   45   30.32738   29.24031  3.58%   190  500s
 154010 36305     cutoff   80        30.32738   29.24031  3.58%   191  509s
 155402 36569     cutoff   82        30.32738   29.24031  3.58%   192  513s
 156354 36940   29.24031   77    9   30.32738   29.24031  3.58%   192  517s
 157660 37195   30.27222   87  110   30.32738   29.24031  3.58%   193  521s
 158674 37399     cutoff   87        30.32738   29.24031  3.58%   193  525s
 161001 38037     cutoff   76        30.32738   29.24031  3.58%   195  534s
 162001 38299   30.31887   89  162   30.32738   29.24031  3.58%   195  538s
 163041 38657   29.24525   81   95   30.32738   29.24031  3.58%   196  542s
 164466 38988   30.27629   84  105   30.32738   29.24031  3.58%   196  546s
 165787 39277     cutoff   90        30.32738   29.24031  3.58%   197  550s
 168002 39960     cutoff   99        30.32738   29.24031  3.58%   198  558s
 169232 40236   29.24031   80   31   30.32738   29.24031  3.58%   198  562s
 170447 40492   29.25791   91  236   30.32738   29.24031  3.58%   198  566s
 171446 40885   30.32566   84   60   30.32738   29.24031  3.58%   199  570s
 173792 41388   30.28833   81  120   30.32738   29.24031  3.58%   199  579s
 174738 41721   30.27479   82   73   30.32738   29.24031  3.58%   200  583s
 176005 42014   30.27269   90  118   30.32738   29.24031  3.58%   200  587s
 177051 42373   30.26430   87  121   30.32738   29.24031  3.58%   201  591s
 178392 42674     cutoff   95        30.32738   29.24031  3.58%   201  596s
 179292 43024     cutoff   89        30.32738   29.24031  3.58%   201  600s
 181683 43738     cutoff  111        30.32738   29.24031  3.58%   202  608s
 182979 44244   30.32531   86   43   30.32738   29.24031  3.58%   202  612s
 184363 44598   30.32531   98   19   30.32738   29.24031  3.58%   202  615s
 185364 44945   30.21244   76   56   30.32738   29.24031  3.58%   202  620s
 187705 45828   29.74112   84   88   30.32738   29.24031  3.58%   203  628s
 189074 46225     cutoff   97        30.32738   29.24031  3.58%   203  632s
 190557 46557   30.25582   87   40   30.32738   29.24031  3.58%   203  635s
 192910 47173   30.18566   90   67   30.32738   29.24031  3.58%   204  643s
 194324 47431   29.24109   92   65   30.32738   29.24031  3.58%   204  647s
 195449 47685   29.24070   89   67   30.32738   29.24031  3.58%   205  650s
 196371 48095   30.22287   83   71   30.32738   29.24031  3.58%   205  655s
 198787 48794   29.30622   87  284   30.32738   29.24031  3.58%   206  664s
 200143 49372   30.28194   91   95   30.32738   29.24031  3.58%   206  668s
 201635 50005     cutoff   87        30.32738   29.24031  3.58%   206  672s
 203087 50556   30.25132   80   87   30.32738   29.24031  3.58%   207  676s
 204561 51140   30.22772   74   86   30.32738   29.24031  3.58%   207  681s
 206049 51593   29.25574   83  150   30.32738   29.24031  3.58%   207  685s
 207262 51986   30.21445   81  101   30.32738   29.24031  3.58%   207  690s
 209637 52878     cutoff   85        30.32738   29.24031  3.58%   208  698s
 211018 53397     cutoff   85        30.32738   29.24031  3.58%   208  702s
 212511 53800   30.20409   79  118   30.32738   29.24031  3.58%   208  705s
 214696 54725     cutoff   78        30.32738   29.24031  3.58%   208  711s
 216942 55261     cutoff   85        30.32738   29.24031  3.58%   208  715s
 218451 56043   29.24031   71   21   30.32738   29.24031  3.58%   208  721s
 220651 56926     cutoff   74        30.32738   29.24031  3.58%   208  727s
 221956 57247   30.23691   82  114   30.32738   29.24031  3.58%   208  730s
 223077 57480   29.24031   72   18   30.32738   29.24031  3.58%   208  736s
 223607 58171   30.23446   81   93   30.32738   29.24031  3.58%   208  740s
 226723 59270   30.25065   79   76   30.32738   29.24031  3.58%   208  748s
 228180 59659   29.24075   81   58   30.32738   29.24031  3.58%   207  751s
 229202 60068   30.18819   79   93   30.32738   29.24031  3.58%   208  755s
 231334 60721   29.24140   83   48   30.32738   29.24031  3.58%   208  762s
 232597 61108   29.24031   81   26   30.32738   29.24031  3.58%   208  766s
 233821 61407     cutoff   77        30.32738   29.24031  3.58%   208  770s
 236181 62128   29.24031   87   30   30.32738   29.24031  3.58%   208  776s
 237161 62487   29.24031   75   32   30.32738   29.24031  3.58%   208  780s
 239178 63217     cutoff   96        30.32738   29.24031  3.58%   209  787s
 240419 63635   30.23418   82   69   30.32738   29.24031  3.58%   209  791s
 241799 64031   30.25211   82   87   30.32738   29.24031  3.58%   209  795s
 244227 64751   30.25336   76  101   30.32738   29.24031  3.58%   209  803s
 245127 65118   29.24031   78   20   30.32738   29.24031  3.58%   209  806s
 246129 65537   30.26251   82   57   30.32738   29.24031  3.58%   209  811s
 248490 66139   29.24061   94   66   30.32738   29.24031  3.58%   210  818s
 249742 66476   30.29137   94  100   30.32738   29.24031  3.58%   210  823s
 251048 66826   29.24031   79   21   30.32738   29.24031  3.58%   210  827s
 252459 67189     cutoff   88        30.32738   29.24031  3.58%   211  831s
 253741 67457   30.29137   95   90   30.32738   29.24031  3.58%   211  835s
 256302 68091   30.27444   79   68   30.32738   29.24031  3.58%   211  844s
 257020 68752     cutoff   80        30.32738   29.24031  3.58%   211  850s
 259115 69206   30.25211   81   88   30.32738   29.24031  3.58%   211  855s
 261771 69821     cutoff   91        30.32738   29.24031  3.58%   211  862s
 263017 70147     cutoff   98        30.32738   29.24031  3.58%   211  866s
 264262 70443   29.24031   76   23   30.32738   29.24031  3.58%   212  870s
 266415 71123   29.24728   84  136   30.32738   29.24031  3.58%   212  877s
 267442 71451   30.29002   96   96   30.32738   29.24031  3.58%   212  882s
 268597 71590   30.28706   93  106   30.32738   29.24031  3.58%   212  886s
 269837 71939   30.31568   92   46   30.32738   29.24031  3.58%   212  890s
 272018 72768   29.24128   93   92   30.32738   29.24031  3.58%   213  898s
 273636 73315   29.46392   72   15   30.32738   29.24031  3.58%   213  902s
 275224 73757   29.24031   80   11   30.32738   29.24031  3.58%   213  906s
 277892 74578   29.24474   75  105   30.32738   29.24031  3.58%   213  914s
 278975 75025     cutoff   76        30.32738   29.24031  3.58%   213  918s
 280228 75448     cutoff   86        30.32738   29.24031  3.58%   213  922s
 281559 75813   29.24031   71   23   30.32738   29.24031  3.58%   213  926s
 282732 76297   29.26752   74  292   30.32738   29.24031  3.58%   213  930s
 285289 77038   29.24031   77   30   30.32738   29.24031  3.58%   213  938s
 286617 77386     cutoff   86        30.32738   29.24031  3.58%   213  942s
 287779 77859     cutoff   92        30.32738   29.24031  3.58%   213  946s
 289200 78319   29.30966   86   93   30.32738   29.24031  3.58%   213  951s
 290546 78795   30.29137   83   87   30.32738   29.24031  3.58%   213  955s
 292978 79608   30.25217   82   52   30.32738   29.24031  3.58%   213  963s
 293985 79945   29.24031   76   30   30.32738   29.24031  3.58%   213  967s
 295085 80320   29.24031   68   39   30.32738   29.24031  3.58%   213  972s
 296165 80661   29.24930   77  117   30.32738   29.24031  3.58%   213  976s
 297283 81062   29.42106   82  103   30.32738   29.24031  3.58%   213  980s
 298647 81279   30.28194   89  114   30.32738   29.24031  3.58%   213  985s
 300463 82142     cutoff   79        30.32738   29.24031  3.58%   213  993s
 302032 82406   29.24104   88   74   30.32738   29.24031  3.58%   213  999s
 302799 82961   30.23446   83   91   30.32738   29.24031  3.58%   213 1006s
 304666 83450     cutoff   91        30.32738   29.24031  3.58%   214 1011s
 305995 83826   30.32524   78   58   30.32738   29.24031  3.58%   214 1016s
 307156 84416   29.24031   75   37   30.32738   29.24031  3.58%   214 1022s
 308791 84936   29.55832   77  310   30.32738   29.24031  3.58%   214 1027s
 310294 85426     cutoff   87        30.32738   29.24031  3.58%   214 1032s
 311767 85901   30.27700   87   72   30.32738   29.24031  3.58%   214 1037s
 313322 86228   30.28194   91  104   30.32738   29.24031  3.58%   214 1042s
 314559 86672     cutoff   76        30.32738   29.24031  3.58%   214 1046s
 315865 87072   29.24031   79   16   30.32738   29.24031  3.58%   214 1051s
 317236 87570   30.22419   77   65   30.32738   29.24031  3.58%   214 1056s
 318869 87878   30.23397   77   84   30.32738   29.24031  3.58%   213 1060s
 320837 88743     cutoff   77        30.32738   29.24031  3.58%   213 1068s
 322156 89156     cutoff   80        30.32738   29.24031  3.58%   213 1073s
 323375 89609   29.24070   91   65   30.32738   29.24031  3.58%   213 1077s
 324658 90026   30.20409   84  105   30.32738   29.24031  3.58%   213 1081s
 325861 90347   29.24031   84   18   30.32738   29.24031  3.58%   213 1085s
 327687 90963   30.24031  101   23   30.32738   29.24031  3.58%   213 1093s
 328782 91409   29.24031   87   31   30.32738   29.24031  3.58%   214 1097s
 330058 91981     cutoff   75        30.32738   29.24031  3.58%   214 1102s
 331437 92300   30.25441   76  108   30.32738   29.24031  3.58%   213 1106s
 332447 92637   29.24031   74   50   30.32738   29.24031  3.58%   214 1110s
 333321 93064   30.20267   83   61   30.32738   29.24031  3.58%   214 1116s
 334730 93533   30.22499   83   58   30.32738   29.24031  3.58%   214 1122s
 336205 93912   30.16876   79   89   30.32738   29.24031  3.58%   214 1127s
 337416 94386   30.21573   84   89   30.32738   29.24031  3.58%   214 1133s
 338804 94829   30.25056   82  144   30.32738   29.24031  3.58%   214 1138s
 340280 95402   30.23783   77  106   30.32738   29.24031  3.58%   214 1143s
 341722 96094   29.24031   73   11   30.32738   29.24031  3.58%   214 1149s
 343281 96692   30.23641   81  124   30.32738   29.24031  3.58%   214 1154s
 344901 97283   30.25410   86  160   30.32738   29.24031  3.58%   214 1160s
 346463 97867     cutoff   84        30.32738   29.24031  3.58%   214 1166s
 347972 98414   29.24031   78   22   30.32738   29.24031  3.58%   214 1171s
 349320 98969   30.32531   89   35   30.32738   29.24031  3.58%   214 1175s
 350786 99411     cutoff   82        30.32738   29.24031  3.58%   213 1180s
 351877 99554   30.24411   78  109   30.32738   29.24031  3.58%   213 1185s
 352363 99880   29.24031   79   22   30.32738   29.24031  3.58%   213 1190s
 353433 100417   30.22499   83   75   30.32738   29.24031  3.58%   213 1196s
 354861 100957   29.24031   82   33   30.32738   29.24031  3.58%   213 1201s
 356291 101198   30.18833   76   82   30.32738   29.24031  3.58%   213 1206s
 357365 101615     cutoff   84        30.32738   29.24031  3.58%   213 1211s
 358728 101953     cutoff   82        30.32738   29.24031  3.58%   213 1215s
 359822 102336     cutoff   78        30.32738   29.24031  3.58%   213 1221s
 360787 102766   30.21565   88   77   30.32738   29.24031  3.58%   213 1226s
 361933 103270   30.32531   92   38   30.32738   29.24031  3.58%   213 1232s
 363313 103769     cutoff   78        30.32738   29.24031  3.58%   213 1237s
 364757 104161   30.25336   76   84   30.32738   29.24031  3.58%   213 1241s
 365859 104450   30.22454   73  236   30.32738   29.24031  3.58%   213 1245s
 366691 104784   30.24031   81   38   30.32738   29.24031  3.58%   213 1250s
 368877 105609   30.24472   78   72   30.32738   29.24031  3.58%   213 1259s
 370274 106145     cutoff   78        30.32738   29.24031  3.58%   213 1264s
 371870 106516   29.24137   84   69   30.32738   29.24031  3.58%   213 1268s
 373006 106836   30.20361   81  122   30.32738   29.24031  3.58%   213 1272s
 373895 107224   29.24282   86   72   30.32738   29.24031  3.58%   213 1277s
 375066 107639   30.25412   78   59   30.32738   29.24031  3.58%   213 1281s
 376253 108019   30.23446   79   92   30.32738   29.24031  3.58%   213 1285s
 377504 108444   30.32531   81   39   30.32738   29.24031  3.58%   213 1290s
 378602 108774   30.21408   69  100   30.32738   29.24031  3.58%   213 1297s
 379361 109433   29.24176   82   59   30.32738   29.24031  3.58%   213 1304s
 381303 109767   30.28249   89  111   30.32738   29.24031  3.58%   214 1310s
 382512 110203   30.21962   81   93   30.32738   29.24031  3.58%   214 1315s
 384055 110654     cutoff   79        30.32738   29.24031  3.58%   214 1321s
 385541 111143   29.46392   75   30   30.32738   29.24031  3.58%   214 1326s
 386851 111657   30.16876   70   90   30.32738   29.24031  3.58%   214 1331s
 388265 112106   30.21111   76  101   30.32738   29.24031  3.58%   214 1336s
 389678 112481   30.24665   80  101   30.32738   29.24031  3.58%   214 1341s
 390858 113061   29.24062   77  154   30.32738   29.24031  3.58%   214 1347s
 392381 113601   29.24094   91   65   30.32738   29.24031  3.58%   214 1352s
 393847 113799   30.32531   78   34   30.32738   29.24031  3.58%   214 1360s
 394510 114744     cutoff   91        30.32738   29.24031  3.58%   214 1369s
 397146 115316   30.32531   86   46   30.32738   29.24031  3.58%   214 1374s
 398523 115316   29.24031   74   41   30.32738   29.24031  3.58%   214 1375s
 398709 115781     cutoff   72        30.32738   29.24031  3.58%   214 1380s
 399742 116293   29.24031   68   26   30.32738   29.24031  3.58%   214 1385s
 400913 116837   29.77469   76   84   30.32738   29.24031  3.58%   214 1390s
 402322 117247   30.18819   80  108   30.32738   29.24031  3.58%   214 1395s
 403606 117706     cutoff   90        30.32738   29.24031  3.58%   214 1400s
 404844 118065     cutoff   84        30.32738   29.24031  3.58%   214 1405s
 406048 118437   30.26514   77   61   30.32738   29.24031  3.58%   214 1410s
 407135 118985   29.24031   73   38   30.32738   29.24031  3.58%   214 1415s
 408677 119471   30.32045   77   34   30.32738   29.24031  3.58%   214 1420s
 409967 119510   30.27786   81  107   30.32738   29.24031  3.58%   214 1427s
 410171 120059     cutoff   78        30.32738   29.24031  3.58%   214 1433s
 411696 120499     cutoff   78        30.32738   29.24031  3.58%   214 1438s
 412948 120906     cutoff   75        30.32738   29.24031  3.58%   214 1443s
 414246 121316   29.26824   85  149   30.32738   29.24031  3.58%   214 1448s
 415506 121791   30.16811   74   92   30.32738   29.24031  3.58%   214 1453s
 416961 122154   30.16592   85  127   30.32738   29.24031  3.58%   214 1458s
 418123 122433   30.23446   90   85   30.32738   29.24031  3.58%   214 1462s
 419009 122745   30.28201   92  100   30.32738   29.24031  3.58%   214 1467s
 420072 123079   30.32531   92   39   30.32738   29.24031  3.58%   214 1472s
 421229 123595   30.21545   75   74   30.32738   29.24031  3.58%   215 1478s
 422478 123997   30.18819   77   93   30.32738   29.24031  3.58%   215 1484s
 423908 124406   29.24031   75   19   30.32738   29.24031  3.58%   215 1489s
 424900 124406     cutoff   72        30.32738   29.24031  3.58%   215 1490s
 425149 124939   30.25517   82   49   30.32738   29.24031  3.58%   215 1495s
 427301 125606   30.16664   86  118   30.32738   29.24031  3.58%   215 1504s
 428458 126060   30.18819   84   92   30.32738   29.24031  3.58%   215 1510s
 429856 126491   29.24280   85  100   30.32738   29.24031  3.58%   215 1515s
 431129 127022   29.36801   77   93   30.32738   29.24031  3.58%   215 1521s
 432419 127304     cutoff   70        30.32738   29.24031  3.58%   215 1526s
 433445 127691   30.18914   88   93   30.32738   29.24031  3.58%   215 1531s
 434620 128116   29.24116   80   60   30.32738   29.24031  3.58%   215 1536s
 435874 128440   29.24031   85   35   30.32738   29.24031  3.58%   215 1541s
 436924 128988   29.93825   75  103   30.32738   29.24031  3.58%   215 1548s
 438452 129480   30.21328   84   82   30.32738   29.24031  3.58%   215 1553s
 439634 129852   29.28272   79  181   30.32738   29.24031  3.58%   215 1558s
 440655 130274     cutoff   77        30.32738   29.24031  3.58%   215 1564s
 441736 130794   30.21320   80   99   30.32738   29.24031  3.58%   215 1570s
 443176 131155     cutoff   72        30.32738   29.24031  3.58%   215 1576s
 444303 131634   29.24031   65   43   30.32738   29.24031  3.58%   215 1582s
 445561 131938   29.74110   83  112   30.32738   29.24031  3.58%   215 1588s
 446722 132442   29.24031   74   31   30.32738   29.24031  3.58%   215 1595s
 448048 132935   30.25550   77  130   30.32738   29.24031  3.58%   215 1601s
 449188 133224   30.20409   85  143   30.32738   29.24031  3.58%   215 1607s
 450141 133577   30.20409   70  120   30.32738   29.24031  3.58%   216 1614s
 451162 133858   30.20409   72  126   30.32738   29.24031  3.58%   216 1620s
 452128 134316   30.20409   72  135   30.32738   29.24031  3.58%   216 1626s
 453269 134578   30.31978   89   88   30.32738   29.24031  3.58%   216 1631s
 454167 135126     cutoff   70        30.32738   29.24031  3.58%   217 1638s
 455846 135539   30.28175   87   85   30.32738   29.24031  3.58%   217 1645s
 457114 136114   30.25114   78   71   30.32738   29.24031  3.58%   217 1652s
 458756 136496     cutoff   86        30.32738   29.24031  3.58%   216 1659s
 459991 137174   30.21416   74   66   30.32738   29.24031  3.58%   217 1665s
 461368 137589     cutoff   79        30.32738   29.24031  3.58%   217 1671s
 462557 138127   30.20391   73  105   30.32738   29.24031  3.58%   217 1678s
 463921 138643   30.23446   78  112   30.32738   29.24031  3.58%   217 1685s
 465065 139236     cutoff   77        30.32738   29.24031  3.58%   217 1691s
 466295 139917   30.22874   77  112   30.32738   29.24031  3.58%   217 1698s
 467810 140311   29.24031   81   43   30.32738   29.24031  3.58%   217 1703s
 468823 140868     cutoff   86        30.32738   29.24031  3.58%   217 1711s
 470336 141364   30.25643   81   78   30.32738   29.24031  3.58%   217 1718s
 471739 141809   30.28201   87   83   30.32738   29.24031  3.58%   217 1725s
 472939 142318   30.13243   79   99   30.32738   29.24031  3.58%   217 1732s
 474276 142755   30.18819   77  109   30.32738   29.24031  3.58%   217 1738s
 475436 143165   29.24148   75  117   30.32738   29.24031  3.58%   217 1744s
 476561 143470   29.24031   76   25   30.32738   29.24031  3.58%   217 1751s
 477486 143830   30.25368   91  102   30.32738   29.24031  3.58%   217 1757s
 478607 144281   29.26843   75  140   30.32738   29.24031  3.58%   217 1764s
 479753 144841   29.39519   75  150   30.32738   29.24031  3.58%   217 1771s
 481191 145342     cutoff   78        30.32738   29.24031  3.58%   217 1777s
 482404 145774   30.18352   79   84   30.32738   29.24031  3.58%   217 1783s
 483536 146280   30.32531   77   62   30.32738   29.24031  3.58%   218 1789s
 484816 146683     cutoff   90        30.32738   29.24031  3.58%   217 1795s
 485976 147126     cutoff   82        30.32738   29.24031  3.58%   217 1801s
 487131 147508   29.24031   76   35   30.32738   29.24031  3.58%   218 1808s
 488275 147906   30.23783   66  119   30.32738   29.24031  3.58%   218 1813s
 489476 148341   29.24103   76   57   30.32738   29.24031  3.58%   218 1820s
 490634 148974     cutoff   81        30.32738   29.24031  3.58%   218 1827s
 492367 149448     cutoff   87        30.32738   29.24031  3.58%   218 1835s
 493663 149931     cutoff   78        30.32738   29.24031  3.58%   218 1841s
 495051 150452     cutoff   71        30.32738   29.24031  3.58%   218 1847s
 496520 150866   29.24031   65   57   30.32738   29.24031  3.58%   218 1853s
 497617 151024   29.33964   59  149   30.32738   29.24031  3.58%   218 1861s
 498101 152139   30.18366   60   97   30.32738   29.24031  3.58%   218 1875s
 501054 152687   30.20218   69   91   30.32738   29.24031  3.58%   218 1883s
 502623 153244   29.53266   79  120   30.32738   29.24031  3.58%   218 1889s
 503861 153841     cutoff   74        30.32738   29.24031  3.58%   218 1896s
 505454 154417     cutoff   76        30.32738   29.24031  3.58%   218 1903s
 506847 154670   30.11522   76   94   30.32738   29.24031  3.58%   218 1909s
H507199 154670                      30.3273799   29.24031  3.58%   218 1909s
 507657 154821   29.27203   86  107   30.32738   29.24031  3.58%   218 1915s
 508695 155020   30.23018   75   65   30.32738   29.24031  3.58%   218 1923s
 510101 155189   30.23783   73   89   30.32738   29.24031  3.58%   218 1932s
 511434 155347     cutoff   71        30.32738   29.24031  3.58%   218 1939s
 512668 155441   30.20409   73   74   30.32738   29.24031  3.58%   218 1947s
 513968 155545   30.22226   83   59   30.32738   29.24031  3.58%   218 1954s
 515241 155646     cutoff   82        30.32738   29.24031  3.58%   218 1960s
 516481 155713   29.24327   76   66   30.32738   29.24031  3.58%   218 1967s
 517612 155776   30.31104   83   91   30.32738   29.24031  3.58%   218 1973s
 518870 155882     cutoff   81        30.32738   29.24031  3.58%   218 1978s
 520013 155995   29.24031   80   26   30.32738   29.24031  3.58%   218 1986s
 521195 156171   29.41274   71   92   30.32738   29.24031  3.58%   218 1993s
 522398 156392   30.24699   78   87   30.32738   29.24031  3.58%   218 2001s
 523610 156616   29.24031   68   24   30.32738   29.24031  3.58%   218 2008s
 525051 156751   30.27715   77   94   30.32738   29.24031  3.58%   218 2014s
 525698 156751   30.27505   69   82   30.32738   29.24031  3.58%   218 2015s
 526288 156849     cutoff   80        30.32738   29.24031  3.58%   218 2021s
 527317 156936   30.22226   80   60   30.32738   29.24031  3.58%   218 2028s
 528440 157005     cutoff   82        30.32738   29.24031  3.58%   218 2034s
 529601 157126   30.24699   81  101   30.32738   29.24031  3.58%   218 2040s
 530714 157344   30.29744   79   90   30.32738   29.24031  3.58%   219 2048s
 532036 157491   29.24611   81  117   30.32738   29.24031  3.58%   219 2055s
 533389 157613     cutoff   75        30.32738   29.24031  3.58%   219 2064s
 534413 157777     cutoff   89        30.32738   29.24031  3.58%   219 2071s
 535692 157821   30.26236   78   85   30.32738   29.24031  3.58%   219 2080s
 536427 157946     cutoff   85        30.32738   29.24031  3.58%   219 2088s
 537775 158127   29.27064   87  121   30.32738   29.24031  3.58%   219 2096s
 539047 158317   29.25298   79   83   30.32738   29.24031  3.58%   219 2105s
 540334 158485   30.23446   72  112   30.32738   29.24031  3.58%   219 2113s
 541766 158649   29.24031   69   37   30.32738   29.24031  3.58%   219 2120s
 542776 158809   30.25631   77   87   30.32738   29.24031  3.58%   219 2128s
 544015 159022   30.25944   77   46   30.32738   29.24031  3.58%   219 2137s
 545615 159137   30.28201   94   76   30.32738   29.24031  3.58%   219 2146s
 546963 159270   30.28201   80   90   30.32738   29.24031  3.58%   219 2155s
 548946 159339 infeasible   87        30.32738   29.24031  3.58%   219 2164s
 550150 159339   29.24137   84   39   30.32738   29.24031  3.58%   219 2165s
 550768 159372   30.29067   92   88   30.32738   29.24031  3.58%   219 2172s
 552251 159467     cutoff   91        30.32738   29.24031  3.58%   218 2179s
 553563 159618     cutoff   93        30.32738   29.24031  3.58%   218 2185s
 554960 159686     cutoff   92        30.32738   29.24031  3.58%   218 2193s
 556404 159739   29.24031   90   10   30.32738   29.24031  3.58%   218 2201s
 557995 159809     cutoff   89        30.32738   29.24031  3.58%   218 2207s
 559256 159849 infeasible   90        30.32738   29.24031  3.58%   218 2213s
 560632 159898   29.24081   86   44   30.32738   29.24031  3.58%   218 2219s
 561966 159935   29.24301   90   48   30.32738   29.24031  3.58%   218 2224s
 563083 159978     cutoff   91        30.32738   29.24031  3.58%   217 2230s
 564318 160019   29.24137   81   58   30.32738   29.24031  3.58%   217 2236s
 565416 160067   29.79350   82  111   30.32738   29.24031  3.58%   217 2242s
 566596 160088     cutoff   94        30.32738   29.24031  3.58%   217 2249s
 567725 160127     cutoff   92        30.32738   29.24031  3.58%   217 2255s
 568858 160136   29.24434   88   50   30.32738   29.24031  3.58%   217 2262s
 569999 160215 infeasible   93        30.32738   29.24031  3.58%   217 2269s
 570346 160215   29.24527   93   47   30.32738   29.24031  3.58%   217 2270s
 571465 160345   29.24781   89   38   30.32738   29.24031  3.58%   217 2277s
 573158 160416   30.28201   89   72   30.32738   29.24031  3.58%   217 2283s
 574361 160497   29.25870   86   35   30.32738   29.24031  3.58%   216 2289s
 575629 160496     cutoff   93        30.32738   29.24031  3.58%   216 2296s
 576661 160480   29.24031   90   18   30.32738   29.24031  3.58%   216 2302s
 577569 160490     cutoff   94        30.32738   29.24031  3.58%   216 2308s
 578534 160571     cutoff   88        30.32738   29.24031  3.58%   216 2314s
 579223 160571     cutoff   92        30.32738   29.24031  3.58%   216 2315s
 579704 160625     cutoff   88        30.32738   29.24031  3.58%   216 2321s
 581003 160657   30.28201   87   67   30.32738   29.24031  3.58%   216 2328s
 582225 160702   30.28201   87   75   30.32738   29.24031  3.58%   216 2336s
 583563 160745     cutoff   88        30.32738   29.24031  3.58%   216 2343s
 584811 160807   29.24257   89   47   30.32738   29.24031  3.58%   216 2351s
 586057 160848   30.22421   84   67   30.32738   29.24031  3.58%   216 2359s
 587360 160885   30.28201   89   88   30.32738   29.24031  3.58%   215 2367s
 588623 161039   30.29627   93   88   30.32738   29.24031  3.58%   215 2376s
 589961 161059     cutoff   85        30.32738   29.24031  3.58%   215 2384s
 591484 161132   30.23633   80   52   30.32738   29.24031  3.58%   215 2391s
 592921 161183     cutoff   89        30.32738   29.24031  3.58%   215 2398s
 594231 161216     cutoff   89        30.32738   29.24031  3.58%   215 2405s
 595494 161250   30.28201   89  130   30.32738   29.24031  3.58%   215 2411s
 596687 161262   30.25517   87   40   30.32738   29.24031  3.58%   215 2418s
 597865 161317     cutoff   79        30.32738   29.24031  3.58%   215 2424s
 598817 161355     cutoff   82        30.32738   29.24031  3.58%   215 2431s
 599566 161498   29.24031   79   22   30.32738   29.24031  3.58%   215 2437s
 600592 161649   29.28422   82  107   30.32738   29.24031  3.58%   215 2445s
 601738 161793   29.24031   68   29   30.32738   29.24031  3.58%   215 2454s
 603086 161838   29.53281   86  102   30.32738   29.24031  3.58%   215 2462s
 604104 161885     cutoff   82        30.32738   29.24031  3.58%   215 2469s
 605156 162001   29.24031   80   29   30.32738   29.24031  3.58%   215 2476s
 606179 162171   29.24203   79   60   30.32738   29.24031  3.58%   215 2486s
 607746 162388   30.24647   77   71   30.32738   29.24031  3.58%   215 2496s
 609522 162448     cutoff   86        30.32738   29.24031  3.58%   215 2503s
 610490 162620   30.25878   71  130   30.32738   29.24031  3.58%   215 2511s
 611911 162724   30.18828   72   98   30.32738   29.24031  3.58%   215 2519s
 613049 162832   30.18352   71   82   30.32738   29.24031  3.58%   215 2528s
 614259 162950   29.85726   72  136   30.32738   29.24031  3.58%   215 2537s
 615335 163016   29.24278   79   68   30.32738   29.24031  3.58%   215 2543s
 616280 163086     cutoff   73        30.32738   29.24031  3.58%   215 2552s
 617633 163166   30.24741   75   71   30.32738   29.24031  3.58%   215 2561s
 619000 163400   29.24453   86   63   30.32738   29.24031  3.58%   215 2570s
 620410 163482   30.31758   67   47   30.32738   29.24031  3.58%   215 2579s
 620627 163482     cutoff   76        30.32738   29.24031  3.58%   215 2580s
 621832 163536   29.25494   73   76   30.32738   29.24031  3.58%   215 2590s
 622551 163633   30.29490   73   71   30.32738   29.24031  3.58%   215 2600s
 624054 163735   29.61630   81  106   30.32738   29.24031  3.58%   215 2609s
 625168 163828   29.24244   82   61   30.32738   29.24031  3.58%   215 2618s
 626435 163898   30.25849   76   81   30.32738   29.24031  3.58%   215 2627s
 627982 164048     cutoff   78        30.32738   29.24031  3.58%   216 2637s
 629516 164299   30.25538   72   82   30.32738   29.24031  3.58%   216 2647s
 631336 164432     cutoff   78        30.32738   29.24031  3.58%   215 2655s
 632379 164519   30.30621   71   74   30.32738   29.24031  3.58%   216 2664s
 633956 164564   29.24182   72   60   30.32738   29.24031  3.58%   215 2674s
 635649 164638   30.31827   77   77   30.32738   29.24031  3.58%   215 2681s
 637025 164725     cutoff   80        30.32738   29.24031  3.58%   215 2689s
 638405 164837 infeasible   80        30.32738   29.24031  3.58%   215 2696s
 639835 164931   29.25006   79   46   30.32738   29.24031  3.58%   215 2703s
 641183 165031   29.24531   81   47   30.32738   29.24031  3.58%   215 2710s
 642365 165041     cutoff   83        30.32738   29.24031  3.58%   215 2719s
 643555 165161     cutoff   83        30.32738   29.24031  3.58%   215 2727s
 644784 165216   29.24507   81   49   30.32738   29.24031  3.58%   215 2735s
 645964 165361   29.24031   73   43   30.32738   29.24031  3.58%   215 2744s
 646331 165361   29.24426   72   90   30.32738   29.24031  3.58%   215 2745s
 647195 165391     cutoff   76        30.32738   29.24031  3.58%   215 2753s
 648432 165429   29.24631   79   47   30.32738   29.24031  3.58%   215 2766s
 649127 165531 infeasible   80        30.32738   29.24031  3.58%   215 2778s
 650275 165634 infeasible   74        30.32738   29.24031  3.58%   215 2787s
 651797 165827   29.24031   73   34   30.32738   29.24031  3.58%   215 2798s
 653346 165986   29.33001   81  109   30.32738   29.24031  3.58%   215 2808s
 654770 166099   29.26708   83  118   30.32738   29.24031  3.58%   215 2817s
 656109 166162     cutoff   84        30.32738   29.24031  3.58%   215 2824s
 656682 166162     cutoff   75        30.32738   29.24031  3.58%   215 2825s
 657166 166274     cutoff   75        30.32738   29.24031  3.58%   215 2834s
 658270 166356   29.24568   84   58   30.32738   29.24031  3.58%   215 2842s
 659267 166449   30.32531   81   62   30.32738   29.24031  3.58%   215 2851s
 660519 166553   30.26060   87   79   30.32738   29.24031  3.58%   215 2858s
 661325 166731   30.25428   70   82   30.32738   29.24031  3.58%   215 2870s
 662786 166894   29.26358   76   39   30.32738   29.24031  3.58%   216 2880s
 664239 167132   30.21545   75   98   30.32738   29.24031  3.58%   216 2890s
 665665 167293   30.30194   76   78   30.32738   29.24031  3.58%   216 2901s
 667197 167510   30.24031   67   49   30.32738   29.24031  3.58%   216 2913s
 668921 167701 infeasible   74        30.32738   29.24031  3.58%   216 2924s
 670654 167785   29.24031   83   37   30.32738   29.24031  3.58%   215 2933s
 671865 167990     cutoff   85        30.32738   29.24031  3.58%   215 2942s
 673166 168356     cutoff   80        30.32738   29.24031  3.58%   215 2954s
 674838 168704   30.18819   75  115   30.32738   29.24031  3.58%   215 2965s
 676557 168784   30.24162   64   87   30.32738   29.24031  3.58%   215 2979s
 677194 169388   30.24162   64   89   30.32738   29.24031  3.58%   215 3002s
 680866 169674   30.24825   67   73   30.32738   29.24031  3.58%   215 3012s
 681879 170086   30.18819   61  107   30.32738   29.24031  3.58%   215 3026s
 683576 170262   29.24031   61   31   30.32738   29.24031  3.58%   215 3040s
 685208 170503     cutoff   72        30.32738   29.24031  3.58%   215 3051s
 686559 170730   29.24031   68   28   30.32738   29.24031  3.58%   215 3065s
 688207 170940     cutoff   68        30.32738   29.24031  3.58%   215 3076s
 689605 171245   30.25429   71   83   30.32738   29.24031  3.58%   215 3088s
 691147 171475   29.24031   62   36   30.32738   29.24031  3.58%   215 3100s
 692537 171655 infeasible   69        30.32738   29.24031  3.58%   215 3110s
 693907 171788   30.24230   69   54   30.32738   29.24031  3.58%   214 3121s
 695196 171950     cutoff   77        30.32738   29.24031  3.58%   214 3132s
 696500 172145   30.24244   85   54   30.32738   29.24031  3.58%   214 3145s
 697987 172381   30.25169   66   91   30.32738   29.24031  3.58%   214 3156s
 699067 172584   30.24498   61   81   30.32738   29.24031  3.58%   214 3166s
 700324 172820   30.24823   68   73   30.32738   29.24031  3.58%   214 3179s
 701900 172952     cutoff   74        30.32738   29.24031  3.58%   214 3190s
 703148 173176   30.20391   70   68   30.32738   29.24031  3.58%   214 3201s
 704522 173403   30.18819   68   85   30.32738   29.24031  3.58%   214 3214s
 705961 173585   29.24031   61   25   30.32738   29.24031  3.58%   214 3226s
 707275 173827   30.24823   72   65   30.32738   29.24031  3.58%   214 3238s
 708722 174019   30.24632   74   86   30.32738   29.24031  3.58%   214 3250s
 710213 174301   30.21381   81   84   30.32738   29.24031  3.58%   214 3262s
 711644 174472   30.24161   70  112   30.32738   29.24031  3.58%   214 3273s
 712883 174758   30.24646   70   81   30.32738   29.24031  3.58%   214 3284s
 714217 175004   29.24031   63   24   30.32738   29.24031  3.58%   213 3297s
 715867 175143   29.24244   69   74   30.32738   29.24031  3.58%   213 3308s
 717100 175243   30.24242   71   65   30.32738   29.24031  3.58%   213 3319s
 718321 175413   30.18230   74   85   30.32738   29.24031  3.58%   213 3330s
 719487 175594   29.64103   72   94   30.32738   29.24031  3.58%   213 3341s
 720635 175656   30.23556   73   80   30.32738   29.24031  3.58%   213 3351s
 721588 175812     cutoff   74        30.32738   29.24031  3.58%   213 3365s
 722984 176109 infeasible   63        30.32738   29.24031  3.58%   213 3379s
 724629 176315   30.23783   72  105   30.32738   29.24031  3.58%   213 3393s
 726002 176702     cutoff   53        30.32738   29.24031  3.58%   213 3405s
 727297 176798   29.24420   75   55   30.32738   29.24031  3.58%   214 3414s
 728247 176961   29.24727   72   69   30.32738   29.24031  3.58%   214 3427s
 729560 177147   29.24320   71   72   30.32738   29.24031  3.58%   214 3440s
 731046 177362     cutoff   74        30.32738   29.24031  3.58%   214 3454s
 732333 177497   29.28149   70  154   30.32738   29.24031  3.58%   214 3464s
 733517 177738   30.18819   61  101   30.32738   29.24031  3.58%   214 3478s
 735031 177916 infeasible   73        30.32738   29.24031  3.58%   214 3490s
 736331 177978   29.24031   71   28   30.32738   29.24031  3.58%   214 3499s
 737128 178162     cutoff   69        30.32738   29.24031  3.58%   214 3514s
 738710 178402   29.26554   69   42   30.32738   29.24031  3.58%   214 3527s
 740024 178575     cutoff   78        30.32738   29.24031  3.58%   214 3539s
 741327 178748     cutoff   66        30.32738   29.24031  3.58%   214 3552s
 742705 178859   30.26505   73   93   30.32738   29.24031  3.58%   214 3566s
 743822 179025   29.24031   79   48   30.32738   29.24031  3.58%   214 3581s
 745360 179199     cutoff   64        30.32738   29.24031  3.58%   214 3595s
 746631 179289   30.12606   69   94   30.32738   29.24031  3.58%   214 3600s

Cutting planes:
  Learned: 324
  Gomory: 69
  Lift-and-project: 25
  Cover: 4641
  Implied bound: 914
  Projected implied bound: 12
  Clique: 216
  MIR: 397
  StrongCG: 41
  Flow cover: 2000
  GUB cover: 2
  Inf proof: 117
  Zero half: 84
  Network: 1
  RLT: 203
  Relax-and-lift: 79
  BQP: 35
  PSD: 1

Explored 747137 nodes (160484385 simplex iterations) in 3600.31 seconds (5267.52 work units)
Thread count was 8 (of 24 available processors)

Solution count 10: 30.3274 30.3274 30.3274 ... 32.7349

Time limit reached
Warning: max constraint violation (5.6136e-05) exceeds tolerance
Warning: max bound violation (5.6136e-05) exceeds tolerance
Best objective 3.032737988667e+01, best bound 2.924031000000e+01, gap 3.5845%
