
Gurobi 10.0.0 (win64) logging started Sat Jan 20 11:56:13 2024

Set parameter LogFile to value "C:/Users\Administrator\Documents\BNC_Repo\BNC_Tests\10_MIP_Results\n20m2\Instance_Class3_Parts20_Machines2_Instance3_logfileChe1021.txt"
Gurobi Optimizer version 10.0.0 build v10.0.0rc2 (win64)

CPU model: AMD EPYC 7513 32-Core Processor, instruction set [SSE2|AVX|AVX2]
Thread count: 24 physical cores, 24 logical processors, using up to 8 threads

Optimize a model with 14158 rows, 2601 columns and 68500 nonzeros
Model fingerprint: 0xe718ee9f
Variable types: 921 continuous, 1680 integer (1680 binary)
Coefficient statistics:
  Matrix range     [4e-06, 5e+02]
  Objective range  [1e+00, 1e+00]
  Bounds range     [1e+00, 1e+00]
  RHS range        [1e+00, 8e+02]
Presolve removed 4278 rows and 912 columns
Presolve time: 0.28s
Presolved: 9880 rows, 1689 columns, 59878 nonzeros
Variable types: 80 continuous, 1609 integer (1569 binary)
Root relaxation presolved: 9880 rows, 1689 columns, 59878 nonzeros


Use crossover to convert LP symmetric solution to basic solution...

Root relaxation: objective 5.407737e+01, 1579 iterations, 0.25 seconds (0.27 work units)

    Nodes    |    Current Node    |     Objective Bounds      |     Work
 Expl Unexpl |  Obj  Depth IntInf | Incumbent    BestBd   Gap | It/Node Time

     0     0   54.07737    0  204          -   54.07737      -     -    0s
H    0     0                     471.1284200   54.07737  88.5%     -    1s
H    0     0                     413.7379400   54.07737  86.9%     -    1s
H    0     0                     365.1503200   54.07746  85.2%     -    1s
H    0     0                     171.7302400   54.17750  68.5%     -    1s
H    0     0                     158.3786400   54.17750  65.8%     -    1s
     0     0   54.17750    0  690  158.37864   54.17750  65.8%     -    1s
     0     0   54.17758    0  821  158.37864   54.17758  65.8%     -    2s
     0     0   54.17804    0  658  158.37864   54.17804  65.8%     -    2s
     0     0   54.40820    0  386  158.37864   54.40820  65.6%     -    3s
H    0     0                     114.4958000   54.40820  52.5%     -    3s
     0     0   54.55316    0  579  114.49580   54.55316  52.4%     -    3s
     0     0   54.55335    0  547  114.49580   54.55335  52.4%     -    3s
     0     0   54.77163    0  504  114.49580   54.77163  52.2%     -    5s
H    0     0                     110.5519600   54.77163  50.5%     -    5s
     0     0   54.97369    0  753  110.55196   54.97369  50.3%     -    6s
     0     0   54.97369    0  542  110.55196   54.97369  50.3%     -    6s
     0     0   54.97369    0  630  110.55196   54.97369  50.3%     -    6s
     0     0   54.97369    0  200  110.55196   54.97369  50.3%     -    8s
H    0     0                      92.4112398   54.97369  40.5%     -    9s
H    0     0                      91.4908200   54.97369  39.9%     -   10s
     0     0   54.97369    0  512   91.49082   54.97369  39.9%     -   10s
     0     0   54.97369    0  501   91.49082   54.97369  39.9%     -   10s
     0     0   54.97369    0  498   91.49082   54.97369  39.9%     -   10s
     0     0   54.97369    0  501   91.49082   54.97369  39.9%     -   10s
     0     0   54.97369    0  501   91.49082   54.97369  39.9%     -   11s
H    0     0                      87.5952000   54.97369  37.2%     -   11s
H    0     0                      84.7838400   54.97369  35.2%     -   11s
     0     0   54.98668    0  330   84.78384   54.98668  35.1%     -   11s
     0     0   55.01474    0  307   84.78384   55.01474  35.1%     -   12s
     0     0   55.01732    0  307   84.78384   55.01732  35.1%     -   12s
     0     0   55.01881    0  324   84.78384   55.01881  35.1%     -   12s
     0     0   55.12862    0  314   84.78384   55.12862  35.0%     -   13s
     0     0   55.18258    0  262   84.78384   55.18258  34.9%     -   13s
     0     0   55.20630    0  278   84.78384   55.20630  34.9%     -   13s
     0     0   55.42811    0  314   84.78384   55.42811  34.6%     -   14s
     0     0   55.42811    0  241   84.78384   55.42811  34.6%     -   14s
H    0     0                      74.0683800   55.42811  25.2%     -   17s
     0     2   55.42811    0  232   74.06838   55.42811  25.2%     -   17s
H   31    33                      73.2050000   55.42811  24.3%  1483   20s
H   35    33                      72.6716000   55.42811  23.7%  1482   20s
H   64    62                      70.8926800   55.42811  21.8%  1201   21s
H   65    62                      68.7372800   55.42811  19.4%  1209   21s
H   82    69                      67.8268800   55.42811  18.3%  1065   22s
H  110   102                      67.1837000   55.42811  17.5%   909   24s
H  110   102                      66.4504400   55.42811  16.6%   909   24s
H  111   102                      65.1341400   55.42811  14.9%   903   24s
   118   117   55.98594   14  323   65.13414   55.42811  14.9%   895   25s
H  202   191                      64.2341400   55.42811  13.7%   653   29s
H  206   191                      63.8660000   55.42811  13.2%   654   29s
   287   242 infeasible   32        63.86600   55.43883  13.2%   514   30s
   473   350   56.51491   13  170   63.86600   55.43883  13.2%   466   35s
   886   608   58.61647   11  112   63.86600   55.72054  12.8%   407   40s
  1365   919   58.27560   28  111   63.86600   56.12853  12.1%   386   46s
  1498   920   59.56365   14  630   63.86600   56.12853  12.1%   375   54s
  1500   921   58.53156   22  149   63.86600   56.12853  12.1%   374   59s
  1502   923   60.69901   35  256   63.86600   56.12853  12.1%   374   60s
  1512   929   59.62953   36  300   63.86600   56.12853  12.1%   371   65s
  1613   994   57.55761   20  172   63.86600   56.12853  12.1%   404   70s
H 1614   946                      63.7793800   56.12853  12.0%   404   70s
H 1659   917                      63.7741400   56.12853  12.0%   400   70s
H 1662   886                      63.6927600   56.12853  11.9%   399   72s
  2119  1048   58.44283   39   73   63.69276   56.12853  11.9%   353   75s
H 2286  1036                      63.6155600   56.12853  11.8%   338   76s
H 2415   970                      63.3826000   56.12853  11.4%   329   78s
H 2418   930                      63.2705800   56.12853  11.3%   329   78s
  2583  1051 infeasible   19        63.27058   56.17547  11.2%   322   80s
* 2782  1023              70      63.2443800   56.17547  11.2%   308   80s
H 3293  1039                      62.7547800   56.39493  10.1%   291   84s
  3301  1072   59.48846   30  141   62.75478   57.04195  9.10%   291   85s
  4353  1645   59.60111   31  102   62.75478   57.34764  8.62%   266   90s
  5343  2096   58.40640   24  170   62.75478   57.40295  8.53%   250   95s
  6488  2699   57.83449   30  148   62.75478   57.51239  8.35%   236  100s
  7553  3218   58.83197   44   71   62.75478   57.64246  8.15%   230  106s
  8424  3675   62.74065   48   61   62.75478   57.69341  8.07%   227  110s
  9438  4299   59.79424   30  159   62.75478   57.72051  8.02%   227  116s
 10243  4708   58.04029   20  161   62.75478   57.76570  7.95%   224  120s
H11083  5106                      62.5247600   57.77343  7.60%   223  124s
 11400  5268   57.77343   27  122   62.52476   57.77343  7.60%   223  126s
 12201  5683   58.08809   25  184   62.52476   57.80985  7.54%   225  131s
 13127  6076   60.10428   32   94   62.52476   57.85219  7.47%   224  136s
 14258  6635 infeasible   34        62.52476   57.87940  7.43%   221  142s
 14795  6872 infeasible   53        62.52476   57.91325  7.38%   221  145s
 16033  7463   61.78109   34   75   62.52476   57.95551  7.31%   220  151s
 17337  8147   61.36758   45   51   62.52476   57.99349  7.25%   218  158s
 18009  8437   58.69465   22  188   62.52476   58.02122  7.20%   217  162s
 18665  8796     cutoff   38        62.52476   58.05322  7.15%   216  166s
 19476  9284   62.15382   41   57   62.52476   58.09323  7.09%   216  170s
 20430  9748   60.65165   39  118   62.52476   58.11746  7.05%   214  175s
 21327 10119     cutoff   49        62.52476   58.14202  7.01%   212  180s
 22084 10576   60.46402   39   57   62.52476   58.17756  6.95%   212  185s
 22919 11021     cutoff   48        62.52476   58.19692  6.92%   212  190s
 24318 11457   59.03368   20  162   62.52476   58.23745  6.86%   212  195s
 24652 11577   60.12770   36  106   62.52476   58.25547  6.83%   212  201s
H24756 11351                      62.2881800   58.26258  6.46%   211  201s
 24918 11645   59.40824   34  115   62.28818   58.27491  6.44%   211  206s
 25430 12087   58.46148   30  115   62.28818   58.27560  6.44%   212  211s
H25739 12073                      62.2763400   58.27560  6.42%   212  211s
 26239 12369   59.59878   35   85   62.27634   58.27560  6.42%   212  217s
 26847 12781   60.20446   33   94   62.27634   58.29723  6.39%   212  223s
 27795 13189   61.02863   43   66   62.27634   58.31311  6.36%   211  229s
 28778 13606     cutoff   61        62.27634   58.33771  6.32%   210  235s
 29730 13998   59.01658   26  117   62.27634   58.36345  6.28%   210  241s
 30535 14415   60.41978   58   31   62.27634   58.38146  6.25%   209  248s
 31687 14707   60.56987   41   53   62.27634   58.40856  6.21%   208  253s
 32394 15099   60.74018   45   39   62.27634   58.42380  6.19%   208  259s
 33025 15099   60.26019   29   96   62.27634   58.42879  6.18%   207  260s
 33254 15498   58.82595   28  170   62.27634   58.44100  6.16%   207  265s
 34114 15833   60.62000   32  151   62.27634   58.46148  6.13%   207  271s
H34599 15592                      62.1261600   58.46148  5.90%   207  271s
 34867 16014   60.05142   27   67   62.12616   58.46148  5.90%   207  277s
 35783 16437   58.92764   26  138   62.12616   58.47068  5.88%   206  283s
 36548 16863   59.07105   22  125   62.12616   58.48904  5.85%   206  289s
 37356 17245   59.37135   27  136   62.12616   58.49635  5.84%   206  295s
 38195 17598   59.12505   40   98   62.12616   58.52184  5.80%   206  301s
 39049 17873   60.20807   54   77   62.12616   58.53171  5.79%   206  306s
 39729 18106   60.05437   30  211   62.12616   58.54958  5.76%   206  312s
 40379 18506   61.43188   38   67   62.12616   58.55479  5.75%   205  318s
 41305 18875     cutoff   41        62.12616   58.57421  5.72%   205  324s
 42189 19276   59.35731   34  102   62.12616   58.58886  5.69%   205  330s
 43090 19730   61.79114   43   72   62.12616   58.59317  5.69%   205  336s
 43983 20193   59.27175   38  146   62.12616   58.59645  5.68%   205  343s
 45006 20626   59.13681   31  106   62.12616   58.60597  5.67%   205  350s
 45993 20936   60.16219   39   73   62.12616   58.62026  5.64%   204  356s
 46712 21307   59.83758   45   61   62.12616   58.63534  5.62%   204  362s
 47685 21791   60.60647   35  120   62.12616   58.64609  5.60%   203  369s
 48644 22162   59.85901   37   90   62.12616   58.65159  5.59%   203  375s
 49456 22590   59.81808   29   85   62.12616   58.66438  5.57%   202  382s
 50335 23066 infeasible   28        62.12616   58.67319  5.56%   202  388s
 51333 23501 infeasible   36        62.12616   58.67319  5.56%   202  394s
 52360 23875   59.88269   36   89   62.12616   58.67319  5.56%   202  401s
 53247 24249   59.57171   24  112   62.12616   58.67746  5.55%   201  407s
 53979 24555   59.96141   26   80   62.12616   58.68782  5.53%   201  413s
 54807 24849   61.55219   61   45   62.12616   58.69431  5.52%   201  419s
 55613 25227     cutoff   37        62.12616   58.70152  5.51%   201  425s
 56645 25582   60.72865   33   67   62.12616   58.70836  5.50%   200  432s
 57480 25975   62.02973   38  104   62.12616   58.71797  5.49%   200  438s
 58400 26325   58.97605   30  122   62.12616   58.72612  5.47%   200  444s
 59263 26676   60.68563   32  233   62.12616   58.73330  5.46%   199  450s
 60045 26984   60.06340   38  134   62.12616   58.74188  5.45%   199  456s
 60795 27399   59.91749   29   95   62.12616   58.75477  5.43%   199  465s
 61817 27797   59.29437   25  315   62.12616   58.76347  5.41%   199  472s
 62720 28209   62.10229   41   65   62.12616   58.77524  5.39%   199  480s
 63768 28711   61.75129   36  117   62.12616   58.77904  5.39%   198  489s
 64868 29165 infeasible   33        62.12616   58.78249  5.38%   198  496s
 65874 29508   61.68260   40   85   62.12616   58.79535  5.36%   197  502s
 66759 29918   60.28418   38   87   62.12616   58.80487  5.35%   197  510s
 67747 30239   59.40031   38   71   62.12616   58.80487  5.35%   197  516s
 68393 30599   60.02219   43   74   62.12616   58.80535  5.35%   197  523s
 69200 30962   60.80995   45   69   62.12616   58.81150  5.34%   197  530s
 70158 31397   59.53179   30  108   62.12616   58.82115  5.32%   197  538s
 71160 31781   59.45335   25  103   62.12616   58.83057  5.30%   196  546s
 72367 32256   59.28433   28  118   62.12616   58.83197  5.30%   195  554s
 73340 32570   59.92848   26   86   62.12616   58.84023  5.29%   195  561s
 74183 32908   61.54954   52  123   62.12616   58.84593  5.28%   195  569s
 75069 33149   60.29951   47  108   62.12616   58.85441  5.27%   195  575s
 75801 33569   59.61920   30  183   62.12616   58.85890  5.26%   195  583s
 76860 33926     cutoff   40        62.12616   58.86932  5.24%   194  590s
 77652 34270 infeasible   63        62.12616   58.87632  5.23%   194  597s
 78506 34755   60.06206   35   91   62.12616   58.88490  5.22%   194  605s
 79572 35078   61.73807   56   41   62.12616   58.88490  5.22%   194  611s
 80406 35329   61.16096   36   76   62.12616   58.89302  5.20%   194  618s
 81190 35708   59.83728   31  104   62.12616   58.89910  5.19%   194  626s
 82186 35994   60.28614   28  117   62.12616   58.90952  5.18%   194  633s
 82999 36316   61.59336   36  105   62.12616   58.91576  5.17%   194  640s
 83875 36662   59.66359   23  302   62.12616   58.92437  5.15%   194  647s
 84697 36973   59.66177   31   73   62.12616   58.93147  5.14%   194  654s
 85478 37333     cutoff   42        62.12616   58.93782  5.13%   194  661s
 86405 37694     cutoff   37        62.12616   58.93802  5.13%   193  669s
 87434 38106   61.56054   51  184   62.12616   58.94746  5.12%   193  677s
 88381 38443     cutoff   29        62.12616   58.95455  5.11%   193  683s
 89147 38793   59.78511   35   68   62.12616   58.95927  5.10%   193  690s
 89943 39081   61.99296   33  110   62.12616   58.96365  5.09%   193  696s
 90654 39426   60.63020   42   77   62.12616   58.96830  5.08%   193  704s
 91484 39810   61.58735   33   80   62.12616   58.97261  5.08%   193  713s
 92560 40234   60.95043   55   63   62.12616   58.98025  5.06%   193  721s
 93592 40590   59.96365   34  101   62.12616   58.98623  5.05%   193  728s
 94583 41068   60.22521   27   82   62.12616   58.99075  5.05%   193  737s
H94837 40959                      62.1031400   58.99075  5.01%   193  737s
 95589 41112   61.90966   51   75   62.10314   58.99075  5.01%   193  745s
 96040 41499   60.10754   32   91   62.10314   58.99383  5.01%   193  753s
 96887 41916 infeasible   39        62.10314   59.00270  4.99%   193  762s
 97924 42318     cutoff   36        62.10314   59.01153  4.98%   192  769s
 98863 42541   59.98054   28  147   62.10314   59.01658  4.97%   193  775s
 99462 42917   59.85779   27  117   62.10314   59.01658  4.97%   193  783s
 100428 43346     cutoff   45        62.10314   59.01921  4.97%   193  791s
 101522 43684   60.27814   31   70   62.10314   59.02568  4.96%   193  799s
 102516 44084   60.58308   42   85   62.10314   59.03147  4.95%   193  807s
 103505 44437   60.49692   32  112   62.10314   59.03821  4.94%   193  815s
 104394 44683   62.06237   34   74   62.10314   59.04368  4.93%   193  824s
 105454 44931   61.76770   41   44   62.10314   59.04368  4.93%   193  832s
 106405 45191   59.62587   28  106   62.10314   59.04368  4.93%   193  839s
 107275 45503   60.34973   29  170   62.10314   59.04368  4.93%   193  847s
 108140 45680   60.08569   35  107   62.10314   59.05285  4.91%   193  854s
 108666 46060   59.82481   29  101   62.10314   59.05827  4.90%   193  862s
 109539 46495   60.89612   33   96   62.10314   59.06325  4.89%   193  870s
 110544 46859   61.41325   41   84   62.10314   59.06761  4.89%   193  877s
 111532 47200   59.59619   34  126   62.10314   59.07558  4.88%   193  885s
 112539 47617   60.80585   48   62   62.10314   59.08059  4.87%   193  893s
 113548 48061   62.00325   44  126   62.10314   59.08728  4.86%   192  902s
 114515 48529   60.27137   28   90   62.10314   59.09250  4.85%   192  910s
 115609 48881   61.67265   35   88   62.10314   59.09660  4.84%   192  917s
 116465 49234   59.64818   37   91   62.10314   59.09660  4.84%   192  923s
 117270 49663   60.04929   30  129   62.10314   59.09660  4.84%   193  931s
 118127 50015   59.78465   27  104   62.10314   59.09660  4.84%   193  938s
 119035 50385   60.17068   30  129   62.10314   59.10238  4.83%   193  945s
 119978 50673   60.92922   42   56   62.10314   59.10635  4.83%   193  951s
 120743 50976 infeasible   24        62.10314   59.11191  4.82%   193  958s
 121568 51340   59.62789   28  132   62.10314   59.11852  4.81%   193  966s
 122500 51668   59.59878   30  124   62.10314   59.12243  4.80%   193  973s
 123403 52014   59.54942   33  128   62.10314   59.12626  4.79%   193  981s
 124330 52275   60.62026   22  106   62.10314   59.13318  4.78%   193  987s
 124979 52684     cutoff   45        62.10314   59.14019  4.77%   193  996s
 126007 53013   62.00415   47   99   62.10314   59.14423  4.76%   193 1004s
 126882 53314   61.39341   53   52   62.10314   59.14932  4.76%   192 1011s
 127774 53593   61.53692   37   58   62.10314   59.14953  4.76%   193 1018s
 128448 53938   60.37425   39   69   62.10314   59.15166  4.75%   193 1026s
 129269 54298   61.81809   34   60   62.10314   59.15854  4.74%   193 1036s
 130216 54668   60.06937   34  134   62.10314   59.16160  4.74%   193 1045s
 131187 55128   61.69330   48   52   62.10314   59.16648  4.73%   193 1054s
 132216 55437   61.73920   50   57   62.10314   59.17141  4.72%   193 1063s
 133107 55757   60.37191   35  139   62.10314   59.17536  4.71%   193 1070s
 134050 56048   61.07712   37   42   62.10314   59.17536  4.71%   193 1077s
 134787 56446   60.16237   35  137   62.10314   59.17536  4.71%   193 1086s
 135770 56830   60.64319   30  127   62.10314   59.17819  4.71%   193 1096s
 136844 57063 infeasible   33        62.10314   59.18284  4.70%   193 1105s
 137389 57497   60.01404   29  139   62.10314   59.18498  4.70%   193 1116s
 138493 57932     cutoff   46        62.10314   59.19378  4.68%   193 1127s
 139531 58482   61.67058   31   75   62.10314   59.20069  4.67%   193 1139s
 140905 58965   60.12110   29  114   62.10314   59.20246  4.67%   192 1149s
 142081 59332   60.82644   60   98   62.10314   59.20422  4.67%   192 1158s
 143077 59710   59.70448   37  126   62.10314   59.21004  4.66%   192 1168s
 144127 60080   59.55850   30  124   62.10314   59.21476  4.65%   192 1176s
 144971 60506   60.17507   32  164   62.10314   59.21770  4.65%   192 1186s
 145999 60828   60.91326   41   38   62.10314   59.22157  4.64%   192 1194s
 146820 61124   59.96594   33  115   62.10314   59.22737  4.63%   192 1201s
 147642 61570   59.77770   38   89   62.10314   59.23124  4.62%   192 1210s
 148598 61927   60.22643   32   74   62.10314   59.23614  4.62%   192 1218s
 149414 62312   59.50626   35   76   62.10314   59.23878  4.61%   192 1228s
 150437 62663   59.89051   41   55   62.10314   59.24358  4.60%   192 1237s
 151345 63072   60.55953   36  108   62.10314   59.24597  4.60%   192 1246s
 152320 63432   60.69732   34  100   62.10314   59.25156  4.59%   192 1254s
 153138 63966   60.57856   34  135   62.10314   59.25539  4.59%   192 1264s
 154248 64433   59.52107   38  101   62.10314   59.25539  4.59%   191 1274s
 155458 64733   59.82492   36  110   62.10314   59.25539  4.59%   191 1282s
 156241 65021   60.09264   36  134   62.10314   59.26089  4.58%   191 1291s
 157072 65357   61.22564   44   73   62.10314   59.26530  4.57%   191 1300s
 157982 65762   59.61900   31  105   62.10314   59.26902  4.56%   191 1309s
 158925 66016     cutoff   33        62.10314   59.27314  4.56%   191 1317s
 159673 66383   59.77986   35  132   62.10314   59.27836  4.55%   191 1325s
 160569 66712   60.82302   27   78   62.10314   59.28121  4.54%   191 1333s
 161338 67009   61.36758   49   59   62.10314   59.28451  4.54%   191 1340s
 162079 67473   60.44723   33   97   62.10314   59.28834  4.53%   191 1349s
 163104 67625     cutoff   40        62.10314   59.29158  4.53%   191 1356s
 163540 68347 infeasible   29        62.10314   59.29201  4.53%   191 1372s
 165424 68723   59.99434   52   50   62.10314   59.29982  4.51%   191 1382s
 166416 69104   60.10918   29  112   62.10314   59.30507  4.51%   191 1391s
 167332 69543   61.30861   43   79   62.10314   59.30831  4.50%   191 1401s
 168329 69885   59.82869   39   77   62.10314   59.30831  4.50%   191 1409s
 169202 70264   60.44984   39   83   62.10314   59.30831  4.50%   191 1419s
 170107 70672   60.31392   35   77   62.10314   59.30831  4.50%   191 1429s
 171183 71102   60.51441   46  100   62.10314   59.30831  4.50%   191 1439s
*171232 70392              86      62.0229200   59.30831  4.38%   191 1439s
*171245 66539              88      61.7551000   59.30831  3.96%   191 1439s
 172258 66825   60.68832   38   89   61.75510   59.31377  3.95%   191 1448s
 173195 67162     cutoff   47        61.75510   59.31865  3.95%   191 1458s
 174171 67472   60.91136   38  100   61.75510   59.32367  3.94%   191 1466s
 175008 67775   60.39804   32   78   61.75510   59.32600  3.93%   191 1476s
 175966 68081   61.70970   37   60   61.75510   59.33089  3.93%   191 1486s
 176886 68394   60.06919   26   85   61.75510   59.33494  3.92%   191 1494s
 177713 68682   60.02618   31   94   61.75510   59.33888  3.91%   192 1502s
 178420 69025 infeasible   52        61.75510   59.34130  3.91%   192 1514s
 179455 69353   60.94252   41   84   61.75510   59.34447  3.90%   192 1523s
 180361 69721     cutoff   58        61.75510   59.34894  3.90%   192 1534s
 181375 69975     cutoff   36        61.75510   59.35256  3.89%   192 1543s
 182348 70323   60.83933   41   87   61.75510   59.35382  3.89%   192 1553s
 183344 70726   60.20807   39   70   61.75510   59.36124  3.88%   192 1564s
 184481 71271   60.04929   32   81   61.75510   59.36124  3.88%   191 1574s
 185373 71271   59.70474   39   99   61.75510   59.36124  3.88%   191 1575s
 185648 71490     cutoff   66        61.75510   59.36124  3.88%   191 1584s
H185824 66295                      61.5240000   59.36124  3.52%   191 1584s
 186261 66478   61.21732   45   88   61.52400   59.36287  3.51%   191 1592s
 186920 66721 infeasible   29        61.52400   59.36588  3.51%   192 1602s
 187841 66944   60.68468   37   55   61.52400   59.37005  3.50%   192 1611s
 188691 67236   60.30995   40   79   61.52400   59.37458  3.49%   192 1621s
 189624 67337 infeasible   41        61.52400   59.37712  3.49%   192 1629s
 190049 67620   61.25376   33   66   61.52400   59.37893  3.49%   192 1639s
 191028 67881   61.13006   29  155   61.52400   59.38295  3.48%   192 1648s
 191965 68152   60.75364   30   90   61.52400   59.38707  3.47%   192 1658s
 192873 68332   60.38273   31  120   61.52400   59.38707  3.47%   193 1665s
 193466 68697     cutoff   51        61.52400   59.38707  3.47%   193 1677s
 194675 69129 infeasible   29        61.52400   59.38707  3.47%   193 1691s
 196003 69471   60.35023   38   75   61.52400   59.39411  3.46%   193 1702s
 197091 69757   59.73816   26  126   61.52400   59.39901  3.45%   193 1713s
 198222 70160     cutoff   39        61.52400   59.40300  3.45%   193 1724s
 199266 70401   60.86254   44  143   61.52400   59.40658  3.44%   193 1735s
 200169 70709   60.31395   36  157   61.52400   59.41003  3.44%   193 1746s
 201339 71045   59.95892   46  141   61.52400   59.41417  3.43%   193 1755s
 202084 71382   60.44655   34  111   61.52400   59.41417  3.43%   193 1765s
 203130 71732   60.05430   35   71   61.52400   59.41839  3.42%   193 1776s
 204215 72071   60.23428   35  123   61.52400   59.42248  3.42%   193 1787s
 205317 72375   61.16795   43   28   61.52400   59.42686  3.41%   193 1798s
 206281 72682     cutoff   41        61.52400   59.42994  3.40%   193 1808s
 207143 73030 infeasible   39        61.52400   59.43226  3.40%   193 1818s
 208185 73250   60.52615   41  106   61.52400   59.43604  3.39%   193 1827s
 208991 73447   60.45407   26   99   61.52400   59.43873  3.39%   193 1836s
 209793 73688   60.04298   32   87   61.52400   59.44320  3.38%   193 1846s
 210864 73958 infeasible   46        61.52400   59.44804  3.37%   193 1855s
 211750 74239   60.31392   33  132   61.52400   59.45355  3.37%   193 1866s
 212693 74475   60.31939   25  166   61.52400   59.45714  3.36%   193 1875s
 213518 74781   59.89094   38  110   61.52400   59.46095  3.35%   193 1886s
 214528 75169   59.91400   30   79   61.52400   59.46393  3.35%   193 1898s
 215680 75615     cutoff   37        61.52400   59.46709  3.34%   193 1913s
 216978 75986   59.60722   37  105   61.52400   59.46709  3.34%   193 1924s
 218013 76297   60.96765   37   70   61.52400   59.46709  3.34%   193 1935s
 219005 76587 infeasible   33        61.52400   59.46709  3.34%   193 1946s
 220123 76911 infeasible   41        61.52400   59.47105  3.34%   193 1958s
 221266 77155     cutoff   40        61.52400   59.47460  3.33%   193 1967s
 222062 77447   60.82354   37  143   61.52400   59.47678  3.33%   193 1977s
 223073 77750   60.27505   40   62   61.52400   59.48036  3.32%   193 1988s
 224033 77976   60.12634   32  195   61.52400   59.48331  3.32%   193 1997s
 224818 78282   61.07141   34  128   61.52400   59.48595  3.31%   193 2009s
 226000 78515   60.91324   45   88   61.52400   59.48998  3.31%   193 2021s
 226854 78761   60.70204   48  103   61.52400   59.49292  3.30%   193 2029s
 227610 79047     cutoff   49        61.52400   59.49292  3.30%   193 2039s
 228575 79411   59.79586   59   43   61.52400   59.49468  3.30%   193 2052s
 229765 79707   60.98715   47   92   61.52400   59.49778  3.29%   193 2063s
 230841 79916   60.31392   36  107   61.52400   59.50053  3.29%   193 2074s
 231827 80188   60.39268   32  122   61.52400   59.50410  3.28%   193 2086s
 232740 80513   60.59594   31  130   61.52400   59.50722  3.28%   193 2099s
 233857 80814     cutoff   44        61.52400   59.50955  3.27%   193 2110s
 234779 81092   59.64940   28  202   61.52400   59.51348  3.27%   193 2120s
 235741 81458     cutoff   42        61.52400   59.51672  3.26%   193 2135s
 237094 81869   59.52002   42   48   61.52400   59.52002  3.26%   193 2149s
 238492 82235   60.22122   54   55   61.52400   59.52002  3.26%   193 2161s
 239536 82552   59.62502   40  121   61.52400   59.52002  3.26%   193 2172s
 240592 82746     cutoff   39        61.52400   59.52002  3.26%   193 2183s
 241509 83076   59.74068   39  104   61.52400   59.52142  3.25%   193 2195s
 242514 83281   60.41490   37   55   61.52400   59.52340  3.25%   193 2205s
 243344 83444   59.95595   38  111   61.52400   59.52499  3.25%   193 2217s
 243860 83746 infeasible   38        61.52400   59.52559  3.25%   193 2230s
 244921 84230   60.18606   37  107   61.52400   59.52928  3.24%   193 2244s
 245577 84230   60.53278   39  114   61.52400   59.53031  3.24%   193 2245s
 246357 84490   60.23603   40   43   61.52400   59.53193  3.24%   192 2255s
 247170 84909   60.37077   38   84   61.52400   59.53447  3.23%   192 2271s
 248382 85174   60.76505   39   93   61.52400   59.53631  3.23%   192 2283s
 249395 85370   60.27092   31  105   61.52400   59.53908  3.23%   192 2295s
 250370 85650   60.01058   38  147   61.52400   59.54199  3.22%   192 2307s
 251392 85846   60.31359   43  111   61.52400   59.54474  3.22%   192 2318s
 252281 86125     cutoff   29        61.52400   59.54767  3.21%   192 2331s
 253384 86360   60.17192   37   94   61.52400   59.55112  3.21%   192 2343s
 254232 86658   60.26099   39   54   61.52400   59.55365  3.20%   192 2356s
 255232 86954   60.35365   33   97   61.52400   59.55577  3.20%   192 2370s
 256256 87394     cutoff   51        61.52400   59.55851  3.19%   192 2385s
 257533 87827   60.96817   40   98   61.52400   59.56154  3.19%   192 2399s
 258743 88039   60.19153   28  102   61.52400   59.56249  3.19%   192 2410s
 259746 88264   60.05597   38  113   61.52400   59.56534  3.18%   192 2422s
 260566 88517   59.76937   30  122   61.52400   59.56779  3.18%   192 2435s
 261701 88939   59.89411   27  105   61.52400   59.57133  3.17%   192 2452s
 263015 89281   59.85472   50  109   61.52400   59.57295  3.17%   192 2467s
 264232 89621   59.67880   38   97   61.52400   59.57295  3.17%   192 2480s
 265318 89943   60.99290   36  108   61.52400   59.57295  3.17%   192 2494s
 266348 90169     cutoff   30        61.52400   59.57348  3.17%   192 2506s
 267204 90381   60.19133   44   99   61.52400   59.57634  3.17%   192 2519s
 267984 90740   60.67628   36  144   61.52400   59.57691  3.16%   192 2531s
 269118 90913   60.14937   58   86   61.52400   59.57918  3.16%   192 2542s
 269819 91136   60.08025   29  105   61.52400   59.58139  3.16%   192 2553s
 270727 91398   61.07808   34  154   61.52400   59.58330  3.15%   192 2564s
 271525 91685   59.92353   33  186   61.52400   59.58599  3.15%   192 2575s
 272436 91955   60.43897   36  106   61.52400   59.58803  3.15%   192 2587s
 273344 92200   60.88963   32  145   61.52400   59.59123  3.14%   192 2599s
 274247 92536   60.19925   42   87   61.52400   59.59368  3.14%   192 2617s
 275564 92827   60.98027   42   78   61.52400   59.59740  3.13%   192 2631s
 276731 93000     cutoff   34        61.52400   59.59878  3.13%   192 2641s
 277367 93155   61.47542   40   78   61.52400   59.59878  3.13%   192 2651s
 278097 93327   59.73957   35  141   61.52400   59.59878  3.13%   192 2662s
 278828 93451   60.28682   32  121   61.52400   59.59878  3.13%   193 2672s
 279438 93641   59.76265   32  149   61.52400   59.59878  3.13%   193 2681s
 280100 93989   60.62609   31  113   61.52400   59.59895  3.13%   193 2698s
 281417 94230     cutoff   36        61.52400   59.60163  3.12%   193 2713s
 282401 94487 infeasible   38        61.52400   59.60417  3.12%   193 2726s
 283459 94715   60.99661   27   88   61.52400   59.60704  3.12%   193 2737s
 284394 94920   60.28682   33  148   61.52400   59.60941  3.11%   193 2748s
 285074 95185   60.32855   31   80   61.52400   59.61176  3.11%   193 2763s
 286099 95640   60.65514   34  142   61.52400   59.61457  3.10%   193 2782s
 287628 95953   60.52563   44  125   61.52400   59.61571  3.10%   193 2797s
 288786 96207   61.05750   35  176   61.52400   59.61822  3.10%   193 2812s
 289817 96456     cutoff   41        61.52400   59.62082  3.09%   193 2827s
 290966 96756   60.18344   37  102   61.52400   59.62377  3.09%   193 2845s
 292249 97160   60.65604   30   74   61.52400   59.62587  3.09%   193 2861s
 293485 97457     cutoff   32        61.52400   59.62587  3.09%   193 2875s
 294554 97777   60.40587   32   80   61.52400   59.62587  3.09%   193 2888s
 295510 98102   60.64990   42   57   61.52400   59.62630  3.08%   193 2902s
 296530 98435   60.17128   38  108   61.52400   59.62948  3.08%   193 2916s
 297489 98712   61.28195   52  101   61.52400   59.63150  3.08%   193 2929s
 298413 99032   61.30235   39   94   61.52400   59.63375  3.07%   193 2944s
 299557 99207 infeasible   28        61.52400   59.63632  3.07%   192 2953s
 300281 99422   61.39422   52   75   61.52400   59.63790  3.07%   193 2966s
 301233 99712   61.39087   40   55   61.52400   59.64008  3.06%   193 2981s
 302303 99850   60.03417   36  113   61.52400   59.64302  3.06%   193 2993s
 303138 100188   60.85306   44   95   61.52400   59.64487  3.05%   193 3008s
 304302 100483   61.29323   48  102   61.52400   59.64651  3.05%   193 3023s
 305346 100759   60.34417   48   70   61.52400   59.64832  3.05%   192 3037s
 306327 100984     cutoff   35        61.52400   59.65103  3.04%   192 3051s
 307340 101241   60.66362   41  105   61.52400   59.65296  3.04%   192 3063s
 308311 101506   60.54612   37  102   61.52400   59.65578  3.04%   192 3075s
 309278 101779   60.92982   31  100   61.52400   59.65811  3.03%   192 3088s
 310325 102072 infeasible   43        61.52400   59.66058  3.03%   192 3101s
 311524 102225   61.10782   42   62   61.52400   59.66365  3.02%   192 3112s
 312134 102448   60.51398   36  109   61.52400   59.66447  3.02%   192 3123s
 312999 102774     cutoff   44        61.52400   59.66795  3.02%   192 3137s
 314145 102957   60.66511   32  123   61.52400   59.66987  3.01%   192 3147s
 314947 103226   60.12508   33  180   61.52400   59.67148  3.01%   192 3160s
 315979 103439   61.10850   35   91   61.52400   59.67385  3.01%   192 3175s
 316820 103817   60.86034   32  103   61.52400   59.67619  3.00%   192 3191s
 318196 104227   60.86770   56   63   61.52400   59.67853  3.00%   192 3209s
 319618 104676   61.07773   34   83   61.52400   59.67880  3.00%   192 3226s
 320977 105109   60.99539   38   83   61.52400   59.67880  3.00%   192 3241s
 322159 105500   59.78869   50  167   61.52400   59.67880  3.00%   192 3256s
 323405 105921   59.69143   40   74   61.52400   59.67880  3.00%   192 3271s
 324674 106344   60.26909   38  148   61.52400   59.67880  3.00%   192 3286s
 325902 106679   60.27113   52   95   61.52400   59.67880  3.00%   192 3299s
 326918 106908   60.95489   53   78   61.52400   59.67903  3.00%   192 3312s
 328102 107108   61.26660   37  109   61.52400   59.68067  3.00%   192 3324s
 329045 107375 infeasible   41        61.52400   59.68335  2.99%   192 3337s
 330112 107549   61.45247   43   66   61.52400   59.68516  2.99%   192 3348s
 330956 107829   60.84593   33  133   61.52400   59.68755  2.98%   192 3364s
 332173 108094 infeasible   28        61.52400   59.68967  2.98%   192 3378s
 333246 108295   60.36098   44   89   61.52400   59.69187  2.98%   192 3392s
 334286 108612     cutoff   38        61.52400   59.69449  2.97%   192 3407s
 335369 108780   60.38258   48   49   61.52400   59.69554  2.97%   192 3421s
 336234 109166 infeasible   48        61.52400   59.69738  2.97%   192 3438s
 337656 109449   59.93475   41   69   61.52400   59.69939  2.97%   191 3455s
 338933 109630   60.67579   45   98   61.52400   59.70215  2.96%   191 3469s
 339827 109827   61.28375   37   69   61.52400   59.70459  2.96%   191 3479s
 340602 110059   60.95463   40  105   61.52400   59.70463  2.96%   192 3491s
 341435 110364   61.34048   40   61   61.52400   59.70558  2.96%   192 3506s
 342674 110582   60.43151   31  102   61.52400   59.70738  2.95%   192 3521s
 343433 110826   61.39651   39  108   61.52400   59.70904  2.95%   192 3536s
 344699 111004   60.89383   36  313   61.52400   59.71162  2.95%   192 3550s
 345664 111284     cutoff   43        61.52400   59.71480  2.94%   192 3568s
 346939 111491   59.95605   33  188   61.52400   59.71751  2.94%   192 3582s
 347796 111753   60.21900   38  113   61.52400   59.71939  2.93%   192 3599s
 348907 111754     cutoff   40        61.52400   59.72271  2.93%   192 3600s

Cutting planes:
  Learned: 310
  Gomory: 24
  Cover: 8271
  Implied bound: 2409
  Projected implied bound: 20
  Clique: 330
  MIR: 275
  StrongCG: 142
  Flow cover: 2221
  GUB cover: 31
  Inf proof: 241
  Zero half: 94
  Network: 1
  RLT: 326
  Relax-and-lift: 302
  BQP: 20

Explored 348931 nodes (66937386 simplex iterations) in 3600.21 seconds (3053.34 work units)
Thread count was 8 (of 24 available processors)

Solution count 10: 61.524 61.524 61.7551 ... 62.7548

Time limit reached
Best objective 6.152400000000e+01, best bound 5.972271315369e+01, gap 2.9278%
