
Gurobi 10.0.0 (win64) logging started Sat Jan 20 00:20:26 2024

Set parameter LogFile to value "C:/Users\Administrator\Documents\BNC_Repo\BNC_Tests\10_MIP_Results\n20m2\Instance_Class2_Parts20_Machines2_Instance2_logfileChe1021.txt"
Gurobi Optimizer version 10.0.0 build v10.0.0rc2 (win64)

CPU model: AMD EPYC 7513 32-Core Processor, instruction set [SSE2|AVX|AVX2]
Thread count: 24 physical cores, 24 logical processors, using up to 8 threads

Optimize a model with 14158 rows, 2601 columns and 67254 nonzeros
Model fingerprint: 0x4dcd7607
Variable types: 921 continuous, 1680 integer (1680 binary)
Coefficient statistics:
  Matrix range     [4e-06, 4e+02]
  Objective range  [1e+00, 1e+00]
  Bounds range     [1e+00, 1e+00]
  RHS range        [1e+00, 6e+02]
Presolve removed 4781 rows and 861 columns
Presolve time: 0.14s
Presolved: 9377 rows, 1740 columns, 61852 nonzeros
Variable types: 80 continuous, 1660 integer (1620 binary)
Found heuristic solution: objective 340.6607000
Root relaxation presolved: 9377 rows, 1740 columns, 61852 nonzeros


Use crossover to convert LP symmetric solution to basic solution...

Root relaxation: objective 2.722031e+01, 6014 iterations, 0.63 seconds (0.98 work units)

    Nodes    |    Current Node    |     Objective Bounds      |     Work
 Expl Unexpl |  Obj  Depth IntInf | Incumbent    BestBd   Gap | It/Node Time

     0     0   27.22031    0   83  340.66070   27.22031  92.0%     -    0s
H    0     0                     249.7709400   27.22031  89.1%     -    0s
H    0     0                      87.9397400   27.22031  69.0%     -    1s
H    0     0                      43.1212200   27.22031  36.9%     -    1s
H    0     0                      42.4801800   27.22031  35.9%     -    1s
     0     0   27.22031    0  147   42.48018   27.22031  35.9%     -    1s
H    0     0                      39.7188000   27.22031  31.5%     -    1s
     0     0   27.27394    0  181   39.71880   27.27394  31.3%     -    1s
     0     0   27.31576    0  280   39.71880   27.31576  31.2%     -    2s
     0     0   27.31576    0  366   39.71880   27.31576  31.2%     -    3s
H    0     0                      36.1598000   27.31576  24.5%     -    3s
     0     0   27.33473    0  400   36.15980   27.33473  24.4%     -    3s
     0     0   27.33473    0   82   36.15980   27.33473  24.4%     -    7s
H    0     0                      35.6824000   27.33473  23.4%     -    7s
     0     0   27.40354    0  127   35.68240   27.40354  23.2%     -    7s
     0     0   27.80599    0  218   35.68240   27.80599  22.1%     -    8s
H    0     0                      35.6693800   27.80599  22.0%     -    8s
     0     0   27.80599    0  306   35.66938   27.80599  22.0%     -    8s
     0     0   27.86930    0  277   35.66938   27.86930  21.9%     -    8s
     0     0   27.91188    0  256   35.66938   27.91188  21.7%     -    9s
     0     0   27.98214    0  312   35.66938   27.98214  21.6%     -    9s
     0     0   28.11539    0  339   35.66938   28.11539  21.2%     -   10s
     0     0   28.11539    0  238   35.66938   28.11539  21.2%     -   10s
H    0     0                      33.9420600   28.11539  17.2%     -   11s
H    0     2                      33.7120400   28.11539  16.6%     -   11s
     0     2   28.11539    0  227   33.71204   28.11539  16.6%     -   11s
H   31    25                      33.5478600   28.32033  15.6%   738   13s
H   64    57                      33.5348400   28.32033  15.5%   518   13s
H  105    95                      33.3467400   28.32033  15.1%   422   14s
H  108    95                      33.0602000   28.32033  14.3%   410   14s
H  110    95                      32.3709800   28.32033  12.5%   406   14s
H  156   127                      32.3456800   28.32033  12.4%   313   15s
H  157   127                      31.6903400   28.32033  10.6%   312   15s
H  159   127                      31.3684400   28.32033  9.72%   314   15s
H  205   147                      31.2903200   28.32456  9.48%   278   15s
H  253   206                      31.2693600   28.32456  9.42%   246   16s
H  256   206                      31.2216200   28.32456  9.28%   244   16s
H  258   206                      31.1984400   28.32456  9.21%   243   16s
H 1222   785                      31.1521800   29.24031  6.14%   106   19s
H 1239   763                      30.9177200   29.24031  5.43%   105   19s
* 1295   699              80      30.5185400   29.24031  4.19%   103   19s
* 1474   742              85      30.4664600   29.24031  4.02%  99.4   19s
H 1589   680                      30.4141800   29.24031  3.86%  97.3   21s
  1592   679   29.48434   16   89   30.41418   29.24031  3.86%  97.1   27s
  1597   683   29.41031   14  265   30.41418   29.24031  3.86%  96.8   30s
H 1600   650                      30.3360600   29.24031  3.61%  96.7   33s
  1655   688   29.24031   19  123   30.33606   29.24031  3.61%   126   35s
H 1798   699                      30.3273800   29.24031  3.58%   124   35s
  3442   750   29.24031   49   39   30.32738   29.24031  3.58%  91.3   40s
  5912   925 infeasible   47        30.32738   29.24031  3.58%  91.9   45s
  8194  1119     cutoff   59        30.32738   29.24031  3.58%  91.0   50s
  9787  1164     cutoff   45        30.32738   29.24031  3.58%  93.5   55s
 11368  1228   29.29725   51   51   30.32738   29.24031  3.58%   101   60s
 12991  1243   29.29154   56   47   30.32738   29.24031  3.58%   112   66s
 15126  1295     cutoff   49        30.32738   29.24031  3.58%   115   72s
 16165  1375   30.30287   46   68   30.32738   29.24031  3.58%   114   75s
 17886  1651   29.38457   52   75   30.32738   29.24031  3.58%   115   80s
 19673  1896     cutoff   65        30.32738   29.24031  3.58%   114   85s
 21425  2307     cutoff   50        30.32738   29.24031  3.58%   118   90s
*22249  2102              72      30.2796400   29.24031  3.43%   117   90s
 23950  2495   29.27531   62   81   30.27964   29.24031  3.43%   115   98s
 25598  2389   29.37467   58   74   30.27964   29.24031  3.43%   113  101s
 26665  2562   30.24446   57   79   30.27964   29.24031  3.43%   115  105s
 29905  2914 infeasible   46        30.27964   29.24031  3.43%   112  113s
 31592  2915   29.30768   58  400   30.27964   29.24031  3.43%   111  118s
 31594  2916   30.24342   43   87   30.27964   29.24031  3.43%   111  121s
 31602  2922   29.24032   50  255   30.27964   29.24031  3.43%   111  125s
 31608  2926   30.09031   28  363   30.27964   29.24031  3.43%   111  131s
 31612  2928   29.41031   27  361   30.27964   29.24031  3.43%   111  138s
 31628  2945   29.24031   26  223   30.27964   29.24031  3.43%   113  140s
 32660  3116     cutoff   46        30.27964   29.24031  3.43%   113  145s
 35002  3326     cutoff   62        30.27964   29.24031  3.43%   109  150s
 36791  2894   30.27750   59   48   30.27964   29.24031  3.43%   110  156s
 38323  2581   29.24031   70   41   30.27964   29.24031  3.43%   112  160s
 40387  2141   29.28776   61   63   30.27964   29.24031  3.43%   116  165s
 42688  2316     cutoff   64        30.27964   29.24031  3.43%   119  170s
 45436  2495   29.25870   72   76   30.27964   29.24031  3.43%   124  176s
 47260  2597   29.24031   66   32   30.27964   29.24031  3.43%   127  181s
 49576  2793   29.24620   56   98   30.27964   29.24031  3.43%   130  187s
 50788  2866   29.25439   68   66   30.27964   29.24031  3.43%   132  190s
 52921  2942   30.26483   62   69   30.27964   29.24031  3.43%   135  196s
 55629  3051   29.25066   68   77   30.27964   29.24031  3.43%   138  202s
 56868  3142   29.24931   64   72   30.27964   29.24031  3.43%   140  206s
 59366  3293   29.24564   64   42   30.27964   29.24031  3.43%   143  211s
 61840  3366   29.25725   64   65   30.27964   29.24031  3.43%   147  216s
 64020  3517     cutoff   71        30.27964   29.24031  3.43%   149  222s
 65455  3610   29.43334   56   13   30.27964   29.24031  3.43%   151  225s
 67781  3784 infeasible   60        30.27964   29.24031  3.43%   153  231s
 70274  3887 infeasible   62        30.27964   29.24031  3.43%   156  237s
 71612  3902   30.26320   63   75   30.27964   29.24031  3.43%   157  240s
 73680  3958     cutoff   65        30.27964   29.24031  3.43%   159  246s
 76290  3948   29.24031   67   21   30.27964   29.24031  3.43%   162  252s
 77211  4022     cutoff   61        30.27964   29.24031  3.43%   163  255s
 80026  4040     cutoff   59        30.27964   29.24031  3.43%   166  262s
 81218  4185     cutoff   61        30.27964   29.24031  3.43%   167  266s
 83936  4320   29.30553   59   65   30.27964   29.24031  3.43%   169  272s
 85213  4329   29.24031   56   42   30.27964   29.24031  3.43%   170  276s
 87481  4386     cutoff   61        30.27964   29.24031  3.43%   173  282s
 88764  4427     cutoff   60        30.27964   29.24031  3.43%   174  285s
 91260  4565 infeasible   63        30.27964   29.24031  3.43%   176  292s
 92368  4552   29.24031   59   44   30.27964   29.24031  3.43%   177  295s
 94689  4592   29.29947   65   67   30.27964   29.24031  3.43%   178  301s
 95647  4636     cutoff   61        30.27964   29.24031  3.43%   179  305s
 97593  4721 infeasible   62        30.27964   29.24031  3.43%   181  313s
 98918  4713     cutoff   64        30.27964   29.24031  3.43%   182  316s
 100217  4743   30.24162   57   88   30.27964   29.24031  3.43%   183  320s
 102346  4813   29.32773   65   89   30.27964   29.24031  3.43%   184  328s
 103908  4900     cutoff   67        30.27964   29.24031  3.43%   185  332s
 105442  4900     cutoff   70        30.27964   29.24031  3.43%   186  336s
 108222  5003   30.24062   58   71   30.27964   29.24031  3.43%   187  342s
 109343  5067   29.57676   54   52   30.27964   29.24031  3.43%   188  346s
 111837  5242     cutoff   63        30.27964   29.24031  3.43%   189  353s
 113116  5267   29.28411   54   92   30.27964   29.24031  3.43%   190  356s
 114298  5236   30.24031   58   57   30.27964   29.24031  3.43%   191  360s
 116704  5391   29.26260   70   67   30.27964   29.24031  3.43%   192  367s
 118039  5568     cutoff   60        30.27964   29.24031  3.43%   193  371s
 120711  5658 infeasible   69        30.27964   29.24031  3.43%   194  378s
 121928  5722   29.24056   59  119   30.27964   29.24031  3.43%   195  382s
 123098  5758   29.26160   65   99   30.27964   29.24031  3.43%   195  385s
 125449  5818     cutoff   64        30.27964   29.24031  3.43%   197  393s
 126719  5905   29.24031   57   56   30.27964   29.24031  3.43%   197  396s
 127759  6046   29.29631   55   86   30.27964   29.24031  3.43%   198  401s
 129221  6426   29.28354   59   79   30.27964   29.24031  3.43%   198  406s
 131213  6669   29.26235   58   42   30.27964   29.24031  3.43%   197  410s
 134286  7110   30.24632   68   60   30.27964   29.24031  3.43%   196  418s
 135838  7189   30.24263   66   49   30.27964   29.24031  3.43%   196  422s
 136906  7338   29.25781   62   71   30.27964   29.24031  3.43%   196  425s
 139373  7668   29.24031   59   57   30.27964   29.24031  3.43%   196  433s
 140783  7664     cutoff   50        30.27964   29.24031  3.43%   196  436s
 142860  7952   30.26532   52   80   30.27964   29.24031  3.43%   197  443s
 144238  7993   30.26699   58  103   30.27964   29.24031  3.43%   197  448s
 145413  8153   29.24031   39   73   30.27964   29.24031  3.43%   198  452s
 146548  8239   30.26320   58   62   30.27964   29.24031  3.43%   198  457s
 148013  8331     cutoff   66        30.27964   29.24031  3.43%   198  461s
 149508  8411     cutoff   66        30.27964   29.24031  3.43%   198  466s
 150767  8460     cutoff   59        30.27964   29.24031  3.43%   198  470s
 151082  8623     cutoff   59        30.27964   29.24031  3.43%   198  479s
 154429  8572   29.24605   65   55   30.27964   29.24031  3.43%   197  484s
 155733  8656     cutoff   61        30.27964   29.24031  3.43%   196  489s
 157375  8789   29.24031   49   36   30.27964   29.24031  3.43%   196  492s
 158367  8956   29.30245   49   38   30.27964   29.24031  3.43%   196  495s
 160514  9150     cutoff   60        30.27964   29.24031  3.43%   196  502s
 161562  9206     cutoff   65        30.27964   29.24031  3.43%   196  505s
 163588  9596   29.28232   57  215   30.27964   29.24031  3.43%   197  513s
 164908  9695   29.27641   58   83   30.27964   29.24031  3.43%   197  517s
 166248  9860     cutoff   56        30.27964   29.24031  3.43%   197  521s
 167517 10028   29.25763   55  110   30.27964   29.24031  3.43%   197  525s
 169943 10291 infeasible   62        30.27964   29.24031  3.43%   197  533s
 171201 10396   30.25409   52   77   30.27964   29.24031  3.43%   197  537s
 172331 10507   30.24674   64   33   30.27964   29.24031  3.43%   197  541s
 173553 10621     cutoff   62        30.27964   29.24031  3.43%   197  546s
 174859 10782   29.31748   63   98   30.27964   29.24031  3.43%   198  550s
 177182 11032   30.25377   57   80   30.27964   29.24031  3.43%   198  560s
 178942 11108   29.24031   50   46   30.27964   29.24031  3.43%   197  565s
 181760 11328   29.25484   51   98   30.27964   29.24031  3.43%   197  573s
 183042 11423     cutoff   67        30.27964   29.24031  3.43%   197  577s
 184224 11661   29.40909   47   86   30.27964   29.24031  3.43%   198  581s
 185767 11786   29.24031   62   42   30.27964   29.24031  3.43%   198  585s
 188273 11988   29.26525   63   67   30.27964   29.24031  3.43%   198  592s
 189557 12108   29.26359   62   79   30.27964   29.24031  3.43%   198  595s
 192085 12285     cutoff   63        30.27964   29.24031  3.43%   198  602s
 193425 12468   30.24408   55   91   30.27964   29.24031  3.43%   198  606s
 194746 12597   30.24528   59   76   30.27964   29.24031  3.43%   198  610s
 197340 12783   29.24031   53   60   30.27964   29.24031  3.43%   197  617s
 198382 12860     cutoff   61        30.27964   29.24031  3.43%   197  621s
 200455 12994   29.27222   49   92   30.27964   29.24031  3.43%   198  628s
 201507 13262     cutoff   58        30.27964   29.24031  3.43%   198  632s
 202951 13354   30.26189   60   69   30.27964   29.24031  3.43%   198  636s
 204246 13386   29.27252   72   64   30.27964   29.24031  3.43%   198  640s
 206552 13624   29.24031   55   31   30.27964   29.24031  3.43%   199  648s
 207750 13688   29.24031   63   59   30.27964   29.24031  3.43%   199  652s
 208970 13734   29.28916   61  178   30.27964   29.24031  3.43%   199  656s
 210248 13888     cutoff   57        30.27964   29.24031  3.43%   199  660s
 211431 14076   29.24031   57   26   30.27964   29.24031  3.43%   200  665s
 214074 14316     cutoff   63        30.27964   29.24031  3.43%   200  673s
 215426 14509   30.26780   63   44   30.27964   29.24031  3.43%   200  677s
 216565 14648   30.24332   65   71   30.27964   29.24031  3.43%   200  682s
 217880 14751   29.59134   54   56   30.27964   29.24031  3.43%   200  686s
 219155 14845     cutoff   65        30.27964   29.24031  3.43%   200  690s
 221370 14884   29.28594   60   52   30.27964   29.24031  3.43%   201  698s
 222598 14957 infeasible   60        30.27964   29.24031  3.43%   201  703s
 223751 15005     cutoff   57        30.27964   29.24031  3.43%   201  707s
 224901 15107   29.24031   52   88   30.27964   29.24031  3.43%   201  712s
 226237 15102   29.24586   63  138   30.27964   29.24031  3.43%   202  715s
 228288 15254   29.36198   61   82   30.27964   29.24031  3.43%   202  724s
 229449 15299   29.24031   54   40   30.27964   29.24031  3.43%   202  728s
 230919 15392   29.24031   47   63   30.27964   29.24031  3.43%   202  732s
 231988 15462     cutoff   54        30.27964   29.24031  3.43%   202  737s
 233231 15652     cutoff   51        30.27964   29.24031  3.43%   202  743s
 235320 15748   30.26575   67   70   30.27964   29.24031  3.43%   202  747s
 236668 15797   29.26654   45   54   30.27964   29.24031  3.43%   202  751s
 237773 15868   29.27263   49   80   30.27964   29.24031  3.43%   202  756s
 238966 15964   30.24031   52   46   30.27964   29.24031  3.43%   202  760s
 240178 16117     cutoff   52        30.27964   29.24031  3.43%   202  765s
 242652 16286   29.35737   66  111   30.27964   29.24031  3.43%   202  773s
 243215 16400   29.27502   49   99   30.27964   29.24031  3.43%   202  778s
 244592 16441   29.48299   50   70   30.27964   29.24031  3.43%   202  783s
 245949 16530   30.17538   56   60   30.27964   29.24031  3.43%   202  787s
 246957 16600     cutoff   55        30.27964   29.24031  3.43%   202  792s
 248076 16763   29.24031   36  112   30.27964   29.24031  3.43%   202  798s
 249891 17001   30.24031   55   72   30.27964   29.24031  3.43%   202  804s
 251498 17075   29.35898   57   52   30.27964   29.24031  3.43%   201  810s
 253152 17156   29.79231   57   43   30.27964   29.24031  3.43%   201  815s
 254565 17310     cutoff   59        30.27964   29.24031  3.43%   201  821s
 256209 17413     cutoff   54        30.27964   29.24031  3.43%   201  826s
 257505 17496   29.26752   49   80   30.27964   29.24031  3.43%   201  831s
 258943 17631     cutoff   53        30.27964   29.24031  3.43%   201  838s
 260690 17758   29.24031   46   50   30.27964   29.24031  3.43%   200  844s
 262492 18001     cutoff   60        30.27964   29.24031  3.43%   200  851s
 265400 18026     cutoff   76        30.27964   29.24031  3.43%   199  857s
 267097 17952     cutoff   76        30.27964   29.24031  3.43%   198  860s
 268980 17902   30.24031   51   60   30.27964   29.24031  3.43%   197  866s
 270120 18007     cutoff   43        30.27964   29.24031  3.43%   197  871s
 271068 18137   29.24031   43   61   30.27964   29.24031  3.43%   197  875s
 272208 18375   29.37949   51   85   30.27964   29.24031  3.43%   197  881s
 273736 18782   30.27412   57   73   30.27964   29.24031  3.43%   197  888s
 274768 19008     cutoff   54        30.27964   29.24031  3.43%   197  892s
 275794 19280   29.25912   61   72   30.27964   29.24031  3.43%   197  897s
 276865 19549   29.24031   83   23   30.27964   29.24031  3.43%   197  902s
 278215 19924   29.26420   59   64   30.27964   29.24031  3.43%   196  908s
 279547 20074   29.25112   78   64   30.27964   29.24031  3.43%   196  913s
 280441 20186     cutoff   87        30.27964   29.24031  3.43%   196  918s
 281560 20321   29.26099   92  210   30.27964   29.24031  3.43%   196  923s
 282736 20411   29.27367   96  151   30.27964   29.24031  3.43%   196  928s
 283736 20701   30.27407   67   40   30.27964   29.24031  3.43%   196  933s
 285004 20974   29.25325   87   55   30.27964   29.24031  3.43%   196  939s
H285305 16375                      30.0758600   29.24031  2.78%   197  939s
 286422 16429   29.26123   96  224   30.07586   29.24031  2.78%   196  944s
H286493 16033                      29.8458400   29.24031  2.03%   197  944s
 287285 16115   29.30537   89   32   29.84584   29.24031  2.03%   197  953s
 290440 16116   29.26976   54  400   29.84584   29.24031  2.03%   195  962s
 290442 16117   29.30476   56   77   29.84584   29.24031  2.03%   195  965s
 290451 16123   29.28574   57  350   29.84584   29.24031  2.03%   195  970s
 290457 16127   29.30398   57  335   29.84584   29.24031  2.03%   195  975s
 290462 16132   29.24031   37  205   29.84584   29.24031  2.03%   195  980s
H290539 15352                      29.4465600   29.24031  0.70%   195  981s
 291763 15481   29.24031   54   63   29.44656   29.24031  0.70%   195  985s
 294912 15221   29.41031   45   91   29.44656   29.24031  0.70%   193  990s
 297908 15834 infeasible   57        29.44656   29.24031  0.70%   192  995s
 301416 15616   29.43482   63   47   29.44656   29.24031  0.70%   190 1000s
 304460 14960   29.24031   57   41   29.44656   29.24031  0.70%   188 1005s
 306641 14788   29.31636   62   44   29.44656   29.24031  0.70%   187 1011s
 308579 14521   29.36844   87   19   29.44656   29.24031  0.70%   187 1015s
 311261 13794   29.24155   59   45   29.44656   29.24031  0.70%   186 1020s
 314392 13206     cutoff   58        29.44656   29.24031  0.70%   184 1026s
 316743 12773   29.34220   66   31   29.44656   29.24031  0.70%   184 1030s
 319447 11946   29.24031   62   36   29.44656   29.24031  0.70%   183 1035s
 320661 11543   29.33372   71  400   29.44656   29.24031  0.70%   182 1040s
 320670 11549   29.24240   58  157   29.44656   29.24031  0.70%   182 1045s
 320679 11555   29.35340   51  238   29.44656   29.24031  0.70%   182 1051s
 320683 11558   29.31636   63  227   29.44656   29.24031  0.70%   182 1056s
 320686 11560   29.29900   66  227   29.44656   29.24033  0.70%   182 1060s
 320719 11581   29.24033   56  135   29.44656   29.24033  0.70%   182 1065s
 323517 11871 infeasible   70        29.44656   29.24033  0.70%   181 1070s
 327440 12202   29.24692  100   32   29.44656   29.24033  0.70%   179 1075s
 332019 11819   29.24033   68   62   29.44656   29.24033  0.70%   178 1080s
 335264 11230   29.24033   81   42   29.44656   29.24033  0.70%   176 1085s
 338446 10421   29.24033   77   45   29.44656   29.24033  0.70%   175 1091s
 341050  9975 infeasible   76        29.44656   29.24033  0.70%   174 1095s
 345111  8895   29.24033   76   47   29.44656   29.24033  0.70%   173 1102s
 347231  8532   29.28578   70   35   29.44656   29.24033  0.70%   172 1105s
 350543  8055   29.28578  105  400   29.44656   29.24033  0.70%   171 1111s
 350549  8059   29.36844   78  184   29.44656   29.24033  0.70%   171 1115s
 350563  8068   29.31616   95  152   29.44656   29.24033  0.70%   171 1120s
 350573  8075   29.30768   90  164   29.44656   29.24033  0.70%   171 1125s
 350576  8077   29.36844   71  128   29.44656   29.24033  0.70%   171 1130s
 350579  8079   29.24692   88  150   29.44656   29.24033  0.70%   171 1136s
 350583  8082   29.24692   97  113   29.44656   29.24033  0.70%   171 1141s
 350595  8091   29.27618   83   99   29.44656   29.24033  0.70%   171 1145s
 350611  8101   29.41031   64  115   29.44656   29.24033  0.70%   171 1150s
 350632  8117   29.32504   86  162   29.44656   29.24033  0.70%   171 1155s
 354086  8440   29.28578  123   36   29.44656   29.24033  0.70%   170 1160s
 362227  8166   29.31616  112   38   29.44656   29.24033  0.70%   167 1165s
 368093  6748 infeasible  113        29.44656   29.24033  0.70%   165 1170s
 373311  4769   29.26408  119   36   29.44656   29.25560  0.65%   163 1176s
 377091  3865   29.26408  111   31   29.44656   29.26408  0.62%   162 1180s
 380380  3671   29.28578  136    8   29.44656   29.28578  0.55%   161 1185s
 385205  3661   29.28578  108   35   29.44656   29.28578  0.55%   159 1190s
 389560  3707   29.28578  128   14   29.44656   29.28578  0.55%   157 1196s
 392866  3685   29.28578  110   41   29.44656   29.28578  0.55%   156 1200s
 399062  3621 infeasible  135        29.44656   29.28578  0.55%   154 1206s
 403275  3597   29.28578  120   28   29.44656   29.28578  0.55%   153 1210s
 407607  3576   29.28578  127   31   29.44656   29.28578  0.55%   151 1215s
 413385  3352 infeasible  118        29.44656   29.28578  0.55%   150 1221s
 416713  3062   29.28598  135   12   29.44656   29.28578  0.55%   149 1225s
 422124  3035 infeasible  114        29.44656   29.28598  0.55%   147 1230s
 427755  2945   29.29012  123   26   29.44656   29.28598  0.55%   145 1235s
 432303  2659 infeasible  122        29.44656   29.30748  0.47%   144 1240s
 436326  2208 infeasible  122        29.44656   29.31636  0.44%   143 1245s
 440687  2412   29.32484  114   28   29.44656   29.32484  0.41%   142 1250s
 444799  2232   29.34220  134    6   29.44656   29.32484  0.41%   141 1255s
 449918  2590 infeasible  117        29.44656   29.32484  0.41%   139 1261s
 454182  2493   29.38734  139   56   29.44656   29.32484  0.41%   138 1265s
 457204  2562 infeasible  122        29.44656   29.32484  0.41%   138 1270s
 462627  2673 infeasible  133        29.44656   29.32484  0.41%   136 1276s
 467840  2742 infeasible  138        29.44656   29.32484  0.41%   135 1281s
 473324  2718 infeasible  146        29.44656   29.32484  0.41%   133 1286s
 477738  2490 infeasible  118        29.44656   29.32484  0.41%   132 1290s
 481757  2228 infeasible  116        29.44656   29.32504  0.41%   132 1295s
 486020  1772   29.34674  130   32   29.44656   29.34674  0.34%   131 1301s
 490231  1639   29.34674  128   32   29.44656   29.34674  0.34%   130 1305s
 496015  1971   29.35522  120   26   29.44656   29.35522  0.31%   128 1310s
 500654  2120   29.35522  118   26   29.44656   29.35522  0.31%   128 1316s
 503975  2170 infeasible  131        29.44656   29.35522  0.31%   127 1320s
 508226  2199 infeasible  123        29.44656   29.35522  0.31%   127 1325s
 512644  2173   29.36844  122   26   29.44656   29.35522  0.31%   126 1331s
 517044  2228   29.36844  149   22   29.44656   29.35522  0.31%   125 1335s
 520274  2495   29.36844  118   38   29.44656   29.36824  0.27%   125 1340s
 525394  3012   29.36844  137   22   29.44656   29.36844  0.27%   124 1345s
 530284  3519 infeasible  129        29.44656   29.36844  0.27%   123 1350s
 535685  4226   29.36844  133   26   29.44656   29.36844  0.27%   122 1356s
 540156  4521   29.36844  142   24   29.44656   29.36844  0.27%   121 1361s
 543480  4590   29.36844  132   32   29.44656   29.36844  0.27%   121 1365s
 549085  4839   29.36844  142   26   29.44656   29.36844  0.27%   120 1371s
 552944  4862   29.36844  129   18   29.44656   29.36844  0.27%   120 1375s
 556568  4930 infeasible  145        29.44656   29.36844  0.27%   119 1380s
 561854  5343   29.36844  131   14   29.44656   29.36844  0.27%   118 1386s
 566044  5672 infeasible  133        29.44656   29.36844  0.27%   118 1391s
 570068  6025   29.36844  135   24   29.44656   29.36844  0.27%   117 1395s
 573986  6200   29.36844  123   24   29.44656   29.36844  0.27%   116 1400s
 579173  6361   29.36844  135   24   29.44656   29.36844  0.27%   116 1406s
 583217  6575   29.36844  131   20   29.44656   29.36844  0.27%   115 1411s
 586924  6776 infeasible  132        29.44656   29.36844  0.27%   115 1415s
 592092  7012 infeasible  122        29.44656   29.36844  0.27%   114 1421s
 594516  7237   29.36844  125   26   29.44656   29.36844  0.27%   114 1425s
 598652  7413   29.36844  129   22   29.44656   29.36844  0.27%   113 1430s
 602942  7545 infeasible  136        29.44656   29.36844  0.27%   113 1435s
 607004  7750 infeasible  140        29.44656   29.36844  0.27%   112 1440s
 610996  7917   29.36844  137   26   29.44656   29.36844  0.27%   112 1445s
 615828  8018   29.36844  140   26   29.44656   29.36844  0.27%   111 1451s
 619744  8275 infeasible  127        29.44656   29.36844  0.27%   111 1456s
 623581  8426   29.36844  121   16   29.44656   29.36844  0.27%   110 1461s
 627804  8572 infeasible  131        29.44656   29.36844  0.27%   110 1466s
 631777  8770 infeasible  137        29.44656   29.36844  0.27%   109 1471s
 635319  8909 infeasible  137        29.44656   29.36844  0.27%   109 1475s
 639019  8988   29.36844  134   24   29.44656   29.36844  0.27%   108 1481s
 643391  9245 infeasible  132        29.44656   29.36844  0.27%   108 1486s
 647069  9388 infeasible  133        29.44656   29.36844  0.27%   107 1491s
 650982  9427 infeasible  138        29.44656   29.36844  0.27%   107 1496s
 653451  9613   29.36844  148   18   29.44656   29.36844  0.27%   107 1500s
 657537  9719   29.36844  137   32   29.44656   29.36844  0.27%   106 1505s
 660954  9952 infeasible  124        29.44656   29.36844  0.27%   106 1511s
 663327 10001 infeasible  117        29.44656   29.36844  0.27%   106 1515s
 666064 10278   29.36844  137   42   29.44656   29.36844  0.27%   105 1520s
 670821 10506 infeasible  136        29.44656   29.36844  0.27%   105 1526s
 673658 10560   29.36844  124   21   29.44656   29.36844  0.27%   105 1530s
 677329 10975 infeasible  132        29.44656   29.36844  0.27%   104 1535s
 681547 11008   29.36844  129   18   29.44656   29.36844  0.27%   104 1541s
 685073 11144   29.36844  141   20   29.44656   29.36844  0.27%   104 1546s
 687730 11234 infeasible  128        29.44656   29.36844  0.27%   103 1550s
 691336 11453 infeasible  132        29.44656   29.36844  0.27%   103 1556s
 695478 11615   29.36844  118   20   29.44656   29.36844  0.27%   103 1562s
 698186 11664 infeasible  131        29.44656   29.36844  0.27%   102 1565s
 701109 11802   29.36844  138   24   29.44656   29.36844  0.27%   102 1570s
 704928 11918 infeasible  130        29.44656   29.36844  0.27%   102 1575s
 708717 12007 infeasible  136        29.44656   29.36844  0.27%   101 1581s
 711551 12099 infeasible  135        29.44656   29.36844  0.27%   101 1585s
 715946 12468 infeasible  139        29.44656   29.36844  0.27%   101 1592s
 718673 12652 infeasible  138        29.44656   29.36844  0.27%   100 1595s
 721364 12690 infeasible  130        29.44656   29.36844  0.27%   100 1600s
 725349 12809 infeasible  130        29.44656   29.36844  0.27%   100 1605s
 728209 12975   29.36844  130   32   29.44656   29.36844  0.27%   100 1610s
 731966 13014   29.36844  135   22   29.44656   29.36844  0.27%  99.3 1615s
 736062 13110   29.36844  131   27   29.44656   29.36844  0.27%  98.9 1621s
 738455 13120 infeasible  129        29.44656   29.36844  0.27%  98.7 1625s
 742566 13222   29.36844  112   21   29.44656   29.36844  0.27%  98.4 1631s
 745443 13271 infeasible  144        29.44656   29.36844  0.27%  98.1 1635s
 749518 13376   29.36844  143   20   29.44656   29.36844  0.27%  97.8 1641s
 753451 13547   29.36844  134   28   29.44656   29.36844  0.27%  97.5 1646s
 755820 13578 infeasible  140        29.44656   29.36844  0.27%  97.3 1650s
 759907 13592 infeasible  140        29.44656   29.36844  0.27%  96.9 1656s
 762828 13553   29.36844  130   15   29.44656   29.36844  0.27%  96.7 1660s
 765879 13526   29.36844  143   19   29.44656   29.36844  0.27%  96.4 1665s
 769789 13442   29.36844  132   23   29.44656   29.36844  0.27%  96.1 1671s
 773824 14064 infeasible  127        29.44656   29.36844  0.27%  95.8 1676s
 776720 14373   29.36844  138   18   29.44656   29.36844  0.27%  95.6 1680s
 780376 14630   29.36844  128   22   29.44656   29.36844  0.27%  95.3 1685s
 784255 14715 infeasible  121        29.44656   29.36844  0.27%  95.0 1691s
 788174 15107   29.36844  126   16   29.44656   29.36844  0.27%  94.8 1696s
 792159 15301   29.36844  125   30   29.44656   29.36844  0.27%  94.5 1700s
 796023 15402 infeasible  137        29.44656   29.36844  0.27%  94.2 1706s
 799723 15468   29.36844  133   22   29.44656   29.36844  0.27%  93.9 1711s
 802491 15491 infeasible  147        29.44656   29.36844  0.27%  93.7 1715s
 806296 15606   29.36844  144   23   29.44656   29.36844  0.27%  93.5 1721s
 810289 15726 infeasible  144        29.44656   29.36844  0.27%  93.2 1727s
 813020 15960 infeasible  135        29.44656   29.36844  0.27%  93.0 1730s
 816575 15969   29.36844  133   24   29.44656   29.36844  0.27%  92.8 1736s
 820692 15980 infeasible  124        29.44656   29.36844  0.27%  92.5 1742s
 823435 16001   29.36844  125   22   29.44656   29.36844  0.27%  92.3 1746s
 827412 16317   29.36844  123   20   29.44656   29.36844  0.27%  92.0 1751s
 829931 16412   29.36844  127   44   29.44656   29.36844  0.27%  91.9 1755s
 833845 16569   29.36844  123   22   29.44656   29.36844  0.27%  91.6 1760s
 837641 16616 infeasible  150        29.44656   29.36844  0.27%  91.4 1766s
 840429 16740   29.36844  123   20   29.44656   29.36844  0.27%  91.2 1770s
 844551 16782 infeasible  132        29.44656   29.36844  0.27%  90.9 1776s
 848235 16834 infeasible  133        29.44656   29.36844  0.27%  90.7 1781s
 851214 16849   29.36844  131   24   29.44656   29.36844  0.27%  90.5 1785s
 855158 16932 infeasible  130        29.44656   29.36844  0.27%  90.2 1790s
 858096 16984 infeasible  127        29.44656   29.36844  0.27%  90.0 1795s
 860690 17088 infeasible  130        29.44656   29.36844  0.27%  89.9 1800s
 864791 17047   29.36844  140   22   29.44656   29.36844  0.27%  89.6 1805s
 868642 17102 infeasible  136        29.44656   29.36844  0.27%  89.4 1810s
 872573 16979 infeasible  126        29.44656   29.36844  0.27%  89.1 1816s
 875334 16899   29.36844  124   28   29.44656   29.36844  0.27%  89.0 1820s
 879294 16832 infeasible  133        29.44656   29.36844  0.27%  88.7 1825s
 881947 16848 infeasible  131        29.44656   29.36844  0.27%  88.6 1830s
 886419 16937   29.36844  127   16   29.44656   29.36844  0.27%  88.3 1836s
 890112 16952 infeasible  139        29.44656   29.36844  0.27%  88.1 1841s
 892966 16986 infeasible  135        29.44656   29.36844  0.27%  87.9 1845s
 897074 16839 infeasible  141        29.44656   29.36844  0.27%  87.7 1850s
 900603 16829 infeasible  141        29.44656   29.36844  0.27%  87.5 1855s
 904817 16793   29.36844  126   36   29.44656   29.36844  0.27%  87.2 1862s
 907663 16803 infeasible  133        29.44656   29.36844  0.27%  87.1 1865s
 911221 16969   29.36844  115   28   29.44656   29.36844  0.27%  86.9 1870s
 915441 16883   29.36844  125   24   29.44656   29.36844  0.27%  86.6 1877s
 918137 16890   29.36844  126   27   29.44656   29.36844  0.27%  86.4 1881s
 920749 16868   29.36844  132   11   29.44656   29.36844  0.27%  86.3 1885s
 924352 16897 infeasible  134        29.44656   29.36844  0.27%  86.1 1890s
 927042 16933 infeasible  133        29.44656   29.36844  0.27%  85.9 1895s
 931155 16910   29.36844  123   19   29.44656   29.36844  0.27%  85.7 1901s
 933807 16961   29.36844  130   18   29.44656   29.36844  0.27%  85.6 1905s
*935086   382             131      29.3684400   29.36844  0.00%  85.5 1907s

Cutting planes:
  Learned: 129
  Gomory: 36
  Cover: 416
  Implied bound: 253
  Projected implied bound: 2
  Clique: 33
  MIR: 127
  StrongCG: 14
  Flow cover: 632
  Inf proof: 24
  Zero half: 30
  Network: 2
  RLT: 81
  Relax-and-lift: 61

Explored 936723 nodes (80033728 simplex iterations) in 1907.67 seconds (1985.29 work units)
Thread count was 8 (of 24 available processors)

Solution count 10: 29.3684 29.3684 29.4466 ... 30.4665

Optimal solution found (tolerance 7.00e-06)
Best objective 2.936844000000e+01, best bound 2.936844000000e+01, gap 0.0000%
