
Gurobi 10.0.0 (win64) logging started Sun Jan 21 02:15:53 2024

Set parameter LogFile to value "C:/Users\Administrator\Documents\BNC_Repo\BNC_Tests\10_MIP_Results\n20m2\Instance_Class4_Parts20_Machines2_Instance5_logfileChe21.txt"
Gurobi Optimizer version 10.0.0 build v10.0.0rc2 (win64)

CPU model: AMD EPYC 7513 32-Core Processor, instruction set [SSE2|AVX|AVX2]
Thread count: 24 physical cores, 24 logical processors, using up to 8 threads

Optimize a model with 14158 rows, 2601 columns and 67136 nonzeros
Model fingerprint: 0xdfd8191e
Variable types: 921 continuous, 1680 integer (1680 binary)
Coefficient statistics:
  Matrix range     [4e-06, 4e+02]
  Objective range  [1e+00, 1e+00]
  Bounds range     [1e+00, 1e+00]
  RHS range        [1e+00, 6e+02]
Presolve removed 5223 rows and 902 columns
Presolve time: 0.25s
Presolved: 8935 rows, 1699 columns, 52555 nonzeros
Variable types: 80 continuous, 1619 integer (1579 binary)
Found heuristic solution: objective 618.1976000
Found heuristic solution: objective 254.1379000
Root relaxation presolved: 8935 rows, 1699 columns, 52555 nonzeros


Use crossover to convert LP symmetric solution to basic solution...

Root relaxation: objective 1.077138e+02, 1352 iterations, 0.16 seconds (0.16 work units)

    Nodes    |    Current Node    |     Objective Bounds      |     Work
 Expl Unexpl |  Obj  Depth IntInf | Incumbent    BestBd   Gap | It/Node Time

     0     0  107.71385    0  140  254.13790  107.71385  57.6%     -    0s
H    0     0                     198.1062000  107.71385  45.6%     -    0s
H    0     0                     179.2560000  107.71385  39.9%     -    0s
     0     0  107.71385    0  114  179.25600  107.71385  39.9%     -    1s
H    0     0                     176.2328400  107.71385  38.9%     -    1s
     0     0  107.71385    0   89  176.23284  107.71385  38.9%     -    1s
     0     0  107.71385    0   83  176.23284  107.71385  38.9%     -    2s
H    0     0                     173.2343400  107.71385  37.8%     -    2s
     0     0  107.71385    0  226  173.23434  107.71385  37.8%     -    2s
     0     0  107.71385    0   70  173.23434  107.71385  37.8%     -    3s
H    0     0                     140.4681600  107.71385  23.3%     -    3s
H    0     0                     126.5764600  107.71385  14.9%     -    3s
     0     0  107.71385    0  296  126.57646  107.71385  14.9%     -    4s
     0     0  107.71385    0  206  126.57646  107.71385  14.9%     -    4s
     0     0  107.71385    0  174  126.57646  107.71385  14.9%     -    4s
     0     0  107.71385    0   58  126.57646  107.71385  14.9%     -    6s
H    0     0                     126.3452600  107.71385  14.7%     -    6s
     0     0  107.71385    0   95  126.34526  107.71385  14.7%     -    6s
H    0     0                     124.6452600  107.71385  13.6%     -    6s
     0     0  107.71385    0   91  124.64526  107.71385  13.6%     -    6s
     0     0  107.71385    0   58  124.64526  107.71385  13.6%     -    7s
H    0     0                     124.6235600  107.71385  13.6%     -    7s
     0     0  107.71385    0  138  124.62356  107.71385  13.6%     -    7s
     0     0  107.71385    0   66  124.62356  107.71385  13.6%     -    8s
H    0     0                     120.2602800  107.71385  10.4%     -    8s
     0     0  107.71385    0  118  120.26028  107.71385  10.4%     -    8s
     0     0  107.71385    0   69  120.26028  107.71385  10.4%     -    8s
     0     0  107.71385    0   58  120.26028  107.71385  10.4%     -    9s
H    0     2                     120.2385800  107.71385  10.4%     -    9s
     0     2  107.71385    0   50  120.23858  107.71385  10.4%     -    9s
     3     8  107.71385    2  259  120.23858  107.71385  10.4%   456   10s
H   31    38                     119.9651600  107.71385  10.2%  1644   12s
H   34    38                     119.0754600  107.71385  9.54%  1616   12s
H   35    38                     117.8358000  107.71385  8.59%  1607   12s
H   64    74                     115.2705600  107.71385  6.56%  1317   15s
H  102   120                     114.9971400  107.71385  6.33%  1104   18s
H  102   120                     114.3539800  107.71385  5.81%  1104   18s
H  103   120                     113.5627200  107.71385  5.15%  1115   18s
   169   222  107.73241   13  322  113.56272  107.71385  5.15%   828   20s
H  204   222                     112.8827200  107.71385  4.58%   754   20s
   459   377  110.15975    6  118  112.88272  107.71385  4.58%   461   25s
   684   573  111.83744   25   66  112.88272  107.71385  4.58%   390   32s
   797   650  107.71385    8  154  112.88272  107.71385  4.58%   383   35s
  1132   782  109.71385    9  112  112.88272  107.71385  4.58%   334   42s
  1391  1138  110.35880   16  129  112.88272  107.71385  4.58%   314   46s
  1745  1139  108.81885   10  174  112.88272  107.71385  4.58%   284   53s
  1747  1140  110.68036   18   50  112.88272  107.71385  4.58%   283   56s
  1752  1144  109.92385   31  103  112.88272  107.71385  4.58%   282   62s
  1754  1145  110.49058   18   80  112.88272  107.71385  4.58%   282   66s
  1757  1147  111.03885   33  148  112.88272  107.71385  4.58%   282   73s
  1758  1148  108.05385   14   57  112.88272  107.71385  4.58%   281   75s
  1775  1168  107.71385   14  367  112.88272  107.71385  4.58%   314   80s
  1942  1285  108.63774   23   64  112.88272  107.71385  4.58%   342   85s
  2078  1299  107.71385   15  322  112.88272  107.71385  4.58%   335   91s
  2169  1276  107.71385   18   81  112.88272  107.71385  4.58%   333   95s
H 2171  1217                     112.8132800  107.71385  4.52%   332   95s
H 2433  1275                     112.5398600  107.71385  4.29%   326   99s
  2466  1345  110.15885   51   31  112.53986  107.71385  4.29%   327  101s
  2693  1371  109.05102   20  115  112.53986  107.71385  4.29%   327  107s
  2757  1423  109.36950   25  136  112.53986  107.71385  4.29%   328  111s
  3376  1557  111.57277   46   54  112.53986  107.71385  4.29%   318  119s
  3479  1611  108.68352   26   96  112.53986  107.71385  4.29%   317  121s
  4018  1767  107.71385   18  155  112.53986  107.71385  4.29%   312  125s
  4494  1852  109.59028   34  164  112.53986  107.71385  4.29%   310  130s
  5153  1994 infeasible   19       112.53986  107.71385  4.29%   306  136s
  5619  2357  107.71385   19  157  112.53986  107.71385  4.29%   306  144s
H 5652  2357                     112.5398591  107.71385  4.29%   307  144s
  5948  2518  110.68885   37   81  112.53986  107.71385  4.29%   305  147s
  6316  2604  107.71385   21  120  112.53986  107.71385  4.29%   304  151s
  6864  2904  108.39712   21  116  112.53986  107.71385  4.29%   306  162s
  7060  2910     cutoff   34       112.53986  107.71385  4.29%   306  172s
  7088  3092  108.11624   22   93  112.53986  107.71385  4.29%   307  177s
  7461  3321  110.41501   31  181  112.53986  107.71385  4.29%   308  182s
  7957  3510  108.51648   22  175  112.53986  107.71385  4.29%   306  186s
  8342  3766  107.87991   19  172  112.53986  107.71385  4.29%   307  190s
  8867  3876  108.13885   23  115  112.53986  107.71385  4.29%   306  199s
  9069  4089  108.81885   28   58  112.53986  107.71385  4.29%   308  205s
  9604  4268  108.13885   23  138  112.53986  107.71385  4.29%   306  210s
 10060  4442 infeasible   45       112.53986  107.71385  4.29%   304  216s
 10511  4606  108.32430   25  116  112.53986  107.71385  4.29%   308  221s
 11022  4688  107.71385   24  155  112.53986  107.71385  4.29%   309  226s
 11267  4945  108.98852   22  160  112.53986  107.71385  4.29%   310  232s
 11888  5230  108.12641   20  117  112.53986  107.71385  4.29%   309  238s
 12464  5439  109.90052   41  164  112.53986  107.71385  4.29%   310  247s
 12923  5597  108.85194   24  108  112.53986  107.71385  4.29%   308  253s
 13284  5851  107.72620   25  195  112.53986  107.71385  4.29%   307  260s
 13820  5981  107.99451   25  177  112.53986  107.71385  4.29%   309  267s
 14133  6287  109.90704   37   96  112.53986  107.71385  4.29%   309  274s
 14794  6539  107.71385   21  118  112.53986  107.71385  4.29%   309  283s
 15481  6712  109.86813   30   68  112.53986  107.71385  4.29%   310  291s
 15933  6850  108.05385   25  131  112.53986  107.71385  4.29%   311  299s
 16259  7166  108.42665   32   88  112.53986  107.71385  4.29%   312  309s
 17179  7496  110.12439   26  106  112.53986  107.76312  4.24%   312  319s
 17848  7907 infeasible   28       112.53986  107.78558  4.22%   310  330s
 18918  8308  109.66283   30  184  112.53986  107.81074  4.20%   308  342s
 19858  8326 infeasible   23       112.53986  107.83516  4.18%   305  354s
 19884  8683  109.49230   25   89  112.53986  107.83561  4.18%   305  363s
 20738  9213 infeasible   27       112.53986  107.87127  4.15%   303  375s
 22191  9637  108.57339   26  155  112.53986  107.90935  4.11%   297  384s
 23072 10039  108.39385   30   77  112.53986  107.92666  4.10%   298  393s
 23907 10351  108.39385   23  131  112.53986  107.93485  4.09%   298  401s
 24589 10741  111.20945   34   68  112.53986  107.97097  4.06%   298  412s
 25750 11113  109.01766   22  106  112.53986  108.00967  4.03%   295  422s
 26551 11631  108.28319   27  212  112.53986  108.03452  4.00%   295  433s
 27586 11953  112.02796   46   46  112.53986  108.05794  3.98%   293  442s
 28448 12327  110.13885   20   95  112.53986  108.09090  3.95%   293  451s
 29292 12705  109.19099   18  108  112.53986  108.10932  3.94%   292  463s
 30491 12989 infeasible   27       112.53986  108.13885  3.91%   291  471s
 31195 13242  109.97524   32  149  112.53986  108.13885  3.91%   291  478s
 31759 13590  108.86190   22  128  112.53986  108.13885  3.91%   292  486s
 32687 14052  109.39385   25  131  112.53986  108.14454  3.91%   291  497s
 33691 14325  108.78596   27  192  112.53986  108.18327  3.87%   289  505s
 34352 14645  109.24385   29   96  112.53986  108.18878  3.87%   289  513s
 35097 15003  109.45403   24  104  112.53986  108.21464  3.84%   289  523s
 35983 15280  108.73885   24  165  112.53986  108.24013  3.82%   289  531s
 36621 15590  108.90682   23  109  112.53986  108.25624  3.81%   291  540s
 37381 15883  109.74738   27  118  112.53986  108.27485  3.79%   290  550s
 38131 16143  109.21946   29  182  112.53986  108.28881  3.78%   290  557s
 38771 16395  108.95049   24  157  112.53986  108.30885  3.76%   291  568s
 39357 16709  110.83885   30   90  112.53986  108.31818  3.75%   292  576s
 40134 16987  109.57248   29  340  112.53986  108.34159  3.73%   293  585s
 40790 17301 infeasible   40       112.53986  108.36322  3.71%   293  594s
 41581 17547  109.36899   25  211  112.53986  108.38289  3.69%   293  604s
 42339 17782  108.53867   20  105  112.53986  108.39385  3.68%   294  614s
 43185 18125 infeasible   34       112.53986  108.39385  3.68%   295  626s
 44272 18461  108.99922   29   93  112.53986  108.39385  3.68%   296  636s
 45179 18722  111.64126   35  101  112.53986  108.39385  3.68%   296  645s
 45940 19054  110.07385   19  105  112.53986  108.39385  3.68%   297  655s
 46768 19443  110.50643   42  136  112.53986  108.39385  3.68%   298  666s
 47836 19897  112.32892   35   65  112.53986  108.40492  3.67%   298  677s
 48989 20175  108.56513   32  259  112.53986  108.42355  3.66%   297  687s
 49744 20601  109.81885   35   55  112.53986  108.43311  3.65%   298  698s
 50841 20943  108.94375   24  142  112.53986  108.45274  3.63%   297  709s
 51787 21197  109.81885   29   73  112.53986  108.46958  3.62%   297  719s
 52595 21541  108.57849   20  172  112.53986  108.48171  3.61%   297  729s
 53381 21882  110.18040   25   69  112.53986  108.49144  3.60%   298  738s
 54248 22276     cutoff   26       112.53986  108.50202  3.59%   298  750s
 55267 22552  109.16260   20  180  112.53986  108.51931  3.57%   298  759s
 55980 22834  109.76767   25   95  112.53986  108.53175  3.56%   299  769s
 56745 23189  109.20752   22  129  112.53986  108.54001  3.55%   299  779s
 57407 23189  108.72146   34  260  112.53986  108.55172  3.54%   300  780s
 57528 23459  109.74454   21  149  112.53986  108.55172  3.54%   300  789s
 58335 23722  110.50978   31  119  112.53986  108.56379  3.53%   300  800s
 59242 24035  109.35007   20  124  112.53986  108.57436  3.52%   301  809s
 60077 24393  111.39300   34   95  112.53986  108.58939  3.51%   301  820s
 60944 24720  109.12984   26  107  112.53986  108.60364  3.50%   301  831s
 61830 25114 infeasible   24       112.53986  108.60965  3.49%   301  842s
 62888 25408  110.09805   25  106  112.53986  108.62861  3.48%   301  853s
 63846 25724  108.87792   27  168  112.53986  108.63900  3.47%   300  863s
 64677 25923  112.47787   28  193  112.53986  108.65694  3.45%   300  872s
 65473 26169  110.26091   26  177  112.53986  108.67785  3.43%   300  881s
 66136 26432  110.05461   26   91  112.53986  108.69157  3.42%   301  891s
 66921 26689  112.52517   37   56  112.53986  108.70295  3.41%   301  900s
 67624 27005     cutoff   40       112.53986  108.71385  3.40%   302  911s
 68361 27455  110.38150   30  216  112.53986  108.71385  3.40%   302  925s
 69264 27791  109.39385   22  136  112.53986  108.71385  3.40%   303  936s
 70033 28093  109.93287   34   99  112.53986  108.71385  3.40%   303  946s
 70738 28329  111.81329   40   43  112.53986  108.71931  3.39%   304  956s
 71446 28572  110.81885   26   58  112.53986  108.72623  3.39%   305  966s
 72258 28869  109.50756   29  129  112.53986  108.74727  3.37%   305  978s
 73101 29180  111.35668   49  106  112.53986  108.75771  3.36%   305  988s
 73901 29489  110.53040   28   92  112.53986  108.76733  3.35%   306 1000s
 74777 29770  110.20190   23  105  112.53986  108.78234  3.34%   306 1013s
 75687 30014  109.02268   27  151  112.53986  108.79241  3.33%   306 1024s
 76021 30014  109.31327   24  125  112.53986  108.79636  3.33%   306 1025s
 76360 30325  112.23135   24  170  112.53986  108.80148  3.32%   306 1038s
 77303 30660  111.74321   42  155  112.53986  108.81190  3.31%   306 1055s
 78439 31106  111.40797   36   87  112.53986  108.81885  3.31%   307 1073s
 79647 31543  110.00218   28  130  112.53986  108.81885  3.31%   308 1093s
 80966 32022  109.81885   27   78  112.53986  108.81885  3.31%   308 1114s
 82264 32548  109.35185   19  137  112.53986  108.81885  3.31%   309 1133s
 83631 32842  109.81885   25   84  112.53986  108.81885  3.31%   309 1149s
 84553 33321  109.14938   22  106  112.53986  108.81885  3.31%   310 1166s
 85803 33690  110.92385   36   69  112.53986  108.81885  3.31%   310 1183s
 86929 34126  110.15064   34   88  112.53986  108.81885  3.31%   311 1203s
 88159 34624  109.58385   27   76  112.53986  108.81885  3.31%   311 1224s
 89690 34936  109.58385   27  150  112.53986  108.81885  3.31%   310 1238s
 90611 35358  109.92237   30   56  112.53986  108.81885  3.31%   311 1260s
 92194 35747  110.07385   26   70  112.53986  108.81885  3.31%   311 1280s
 93513 36149  110.07385   26  106  112.53986  108.81885  3.31%   311 1297s
 94833 36539 infeasible   24       112.53986  108.81885  3.31%   311 1317s
 96051 36983 infeasible   24       112.53986  108.81885  3.31%   312 1335s
 97259 37464  110.17845   25  147  112.53986  108.81885  3.31%   312 1353s
 98757 38112  109.52450   25  129  112.53986  108.81885  3.31%   311 1372s
 100513 38694  109.58401   27  140  112.53986  108.81885  3.31%   310 1391s
 101998 38998  109.85592   25  279  112.53986  108.81888  3.31%   309 1405s
 103022 39372  110.24969   22  101  112.53986  108.82420  3.30%   309 1420s
 104181 39587 infeasible   28       112.53986  108.82799  3.30%   308 1432s
 104808 39920  109.81885   29   84  112.53986  108.83205  3.29%   309 1450s
 105937 40225  109.17664   27  271  112.53986  108.83978  3.29%   309 1467s
 107032 40681  109.84180   33   93  112.53986  108.84731  3.28%   310 1486s
 108361 40967  110.71135   31  100  112.53986  108.85873  3.27%   309 1501s
 109512 41308  109.06478   29  108  112.53986  108.86739  3.26%   309 1516s
 110556 41642 infeasible   24       112.53986  108.87568  3.26%   309 1530s
 111552 41899 infeasible   38       112.53986  108.88170  3.25%   309 1544s
 112406 42204  111.33034   34  103  112.53986  108.88533  3.25%   309 1560s
 113397 42523 infeasible   28       112.53986  108.88946  3.24%   309 1573s
 114375 42815  110.49885   37   48  112.53986  108.90253  3.23%   309 1588s
 115336 43071  109.85808   27  118  112.53986  108.90594  3.23%   309 1603s
 116377 43408  109.39385   20  109  112.53986  108.91327  3.22%   309 1619s
 117512 43667  110.20379   27   92  112.53986  108.91965  3.22%   308 1632s
 118375 43909  110.49885   27   80  112.53986  108.92495  3.21%   308 1646s
 119330 44151 infeasible   24       112.53986  108.92986  3.21%   308 1658s
 120095 44407  110.51834   27   84  112.53986  108.93945  3.20%   308 1672s
 120804 44665  111.99023   32   44  112.53986  108.94472  3.19%   309 1688s
 121735 44920  109.16289   25  177  112.53986  108.95289  3.19%   309 1704s
 122334 44920  109.81885   24   71  112.53986  108.95462  3.19%   309 1705s
 122686 45260  109.99231   25  148  112.53986  108.95972  3.18%   309 1721s
 123637 45551  111.27057   31   70  112.53986  108.96756  3.17%   309 1737s
 124629 45786  109.29271   22  143  112.53986  108.97840  3.16%   309 1751s
 125385 46049  111.26385   25   76  112.53986  108.98441  3.16%   310 1768s
 126356 46315  110.06961   29  116  112.53986  108.99008  3.15%   310 1783s
 127294 46707  109.93045   28  182  112.53986  108.99740  3.15%   310 1801s
 128433 46991 infeasible   32       112.53986  109.00969  3.14%   310 1816s
 129368 47282  110.44238   26  100  112.53986  109.01766  3.13%   310 1832s
 130204 47574  112.23853   33   98  112.53986  109.02459  3.12%   310 1848s
 131212 47791  110.30423   32  306  112.53986  109.03318  3.12%   310 1865s
 132058 48043  110.00842   34  105  112.53986  109.03822  3.11%   310 1879s
 132705 48043  110.18372   28  108  112.53986  109.04112  3.11%   310 1880s
 133025 48319 infeasible   33       112.53986  109.04760  3.10%   310 1895s
 133942 48562  110.34606   34   96  112.53986  109.05651  3.10%   311 1909s
 134699 48762 infeasible   32       112.53986  109.06419  3.09%   311 1925s
 135564 49051  109.91387   28  101  112.53986  109.07081  3.08%   311 1943s
 136533 49299  110.29985   29  134  112.53986  109.07932  3.07%   311 1964s
 137300 49630  111.15599   24  123  112.53986  109.08773  3.07%   311 1981s
 138484 49906  110.96971   32  120  112.53986  109.10160  3.06%   311 1997s
 139355 50151  110.33111   26  103  112.53986  109.11318  3.04%   312 2015s
 140234 50464  110.23609   27  114  112.53986  109.12199  3.04%   312 2033s
 141223 50715 infeasible   26       112.53986  109.13125  3.03%   312 2051s
 142084 51015  111.28970   30  144  112.53986  109.13673  3.02%   313 2068s
 143018 51297  109.28906   30  141  112.53986  109.13885  3.02%   313 2086s
 143917 51705  109.81885   28   95  112.53986  109.14568  3.02%   313 2107s
 145179 51905 infeasible   26       112.53986  109.15562  3.01%   313 2125s
 145891 52162  111.51885   28   60  112.53986  109.15885  3.00%   314 2143s
 146849 52361     cutoff   30       112.53986  109.16258  3.00%   314 2164s
 147580 52666  110.30241   30   79  112.53986  109.17153  2.99%   314 2184s
 148480 52791  109.83215   28  133  112.53986  109.18028  2.99%   315 2208s
 148894 53214  110.26385   25   98  112.53986  109.18273  2.98%   315 2235s
 150459 53589  109.65693   27  170  112.53986  109.18921  2.98%   316 2254s
 151622 53863  110.35087   28   84  112.53986  109.20256  2.97%   316 2270s
 152591 54201  110.53886   29  225  112.53986  109.21407  2.96%   316 2289s
 153781 54460  110.73040   31   64  112.53986  109.22003  2.95%   316 2308s
 154678 54773  110.57338   27   99  112.53986  109.22771  2.94%   316 2328s
 155823 54941  111.70144   37  114  112.53986  109.23963  2.93%   316 2349s
 156609 55133 infeasible   33       112.53986  109.24373  2.93%   317 2363s
 157470 55422  112.11416   42   49  112.53986  109.24907  2.92%   317 2380s
 158327 55734  112.23771   37   82  112.53986  109.25459  2.92%   317 2397s
 159366 56029  110.52921   24   95  112.53986  109.26828  2.91%   317 2416s
 160424 56325  110.81171   27  121  112.53986  109.27466  2.90%   317 2434s
 161363 56650  111.31367   29   87  112.53986  109.28457  2.89%   317 2450s
 162398 56878  110.49885   33   44  112.53986  109.29357  2.88%   317 2467s
 163169 57141  112.17885   39   44  112.53986  109.29895  2.88%   317 2482s
 164054 57292 infeasible   29       112.53986  109.30578  2.87%   317 2498s
 165009 57504  109.64293   28  167  112.53986  109.31147  2.87%   317 2512s
 165865 57739  110.22845   27  107  112.53986  109.32091  2.86%   317 2530s
 166574 58007  109.86529   24  108  112.53986  109.32489  2.86%   317 2547s
 167534 58318  111.32878   37   83  112.53986  109.33156  2.85%   317 2562s
 168520 58667 infeasible   30       112.53986  109.33491  2.85%   317 2579s
 168925 58667  109.62474   29  167  112.53986  109.33673  2.85%   317 2580s
 169528 58869  111.49885   24   84  112.53986  109.34181  2.84%   317 2595s
 170438 59052  110.08080   21  207  112.53986  109.34781  2.84%   317 2610s
 171197 59397  111.07700   26  104  112.53986  109.35203  2.83%   318 2627s
 172353 59675  110.83885   30   84  112.53986  109.36047  2.83%   318 2644s
 173239 60074  109.94619   27  114  112.53986  109.36739  2.82%   318 2662s
 174322 60401  110.24550   27   97  112.53986  109.37193  2.81%   318 2683s
 175386 60663  110.32485   28  301  112.53986  109.37602  2.81%   318 2702s
 176281 61032  109.70807   33   99  112.53986  109.38085  2.81%   318 2720s
 177421 61471  110.11013   29   99  112.53986  109.38593  2.80%   318 2744s
 178798 61797  110.08362   36  114  112.53986  109.39206  2.80%   318 2765s
 179790 62218 infeasible   28       112.53986  109.39385  2.80%   318 2793s
 180958 62636  110.15931   25  175  112.53986  109.39385  2.80%   318 2818s
 182361 62903  110.07385   33   99  112.53986  109.39385  2.80%   318 2835s
 183177 63196  111.20306   33   87  112.53986  109.39385  2.80%   318 2855s
 184156 63557  111.35654   33   95  112.53986  109.39385  2.80%   319 2878s
 185345 63840  110.63606   22  117  112.53986  109.39436  2.80%   319 2900s
 186256 64210  110.11739   30   75  112.53986  109.40085  2.79%   319 2918s
 187420 64439 infeasible   29       112.53986  109.40843  2.78%   318 2937s
 188263 64744  111.05841   35  116  112.53986  109.41449  2.78%   319 2955s
 189322 64961  111.39135   28  137  112.53986  109.41876  2.77%   319 2976s
 190077 65191  111.45686   43   99  112.53986  109.42266  2.77%   319 2998s
 190848 65435  109.73385   26  163  112.53986  109.42624  2.77%   319 3015s
 191740 65760  111.06088   31  100  112.53986  109.43058  2.76%   320 3035s
 192885 65972     cutoff   32       112.53986  109.43506  2.76%   320 3061s
 193745 66278  109.93717   25   98  112.53986  109.43764  2.76%   319 3080s
 194678 66526  110.28363   27  230  112.53986  109.44380  2.75%   319 3095s
 195437 66726  111.86830   33   90  112.53986  109.44673  2.75%   320 3111s
 196230 67019     cutoff   32       112.53986  109.45052  2.75%   320 3134s
 197250 67312  110.07385   26   97  112.53986  109.45463  2.74%   320 3153s
 198239 67602 infeasible   28       112.53986  109.45914  2.74%   320 3173s
 199393 67923  111.83706   38   96  112.53986  109.46513  2.73%   320 3195s
 200459 68097  110.49885   27   82  112.53986  109.47131  2.73%   320 3211s
 201309 68437 infeasible   31       112.53986  109.47885  2.72%   320 3233s
 202459 68635     cutoff   33       112.53986  109.48376  2.72%   320 3250s
 203165 68985  110.84645   33   81  112.53986  109.48874  2.71%   320 3274s
 204364 69402     cutoff   31       112.53986  109.49362  2.71%   320 3304s
 205577 69402  111.44724   29   86  112.53986  109.49524  2.71%   320 3305s
 206225 69567  109.55712   33  111  112.53986  109.49885  2.70%   320 3339s
 206966 69929  109.49885   28   72  112.53986  109.49885  2.70%   320 3367s
 208752 70325  111.85885   34   41  112.53986  109.49885  2.70%   319 3391s
 210198 70513     cutoff   34       112.53986  109.49885  2.70%   319 3407s
 210970 70724  109.72552   25  121  112.53986  109.49885  2.70%   319 3426s
 212101 70970  109.82729   29  154  112.53986  109.50001  2.70%   319 3443s
 213015 71255  109.85004   28  150  112.53986  109.50451  2.70%   319 3461s
 213964 71579  110.32674   30  177  112.53986  109.50888  2.69%   319 3482s
 215059 71729 infeasible   29       112.53986  109.51256  2.69%   319 3495s
 215766 71955  110.67909   36  154  112.53986  109.51601  2.69%   319 3509s
 216472 72121  110.86265   43  119  112.53986  109.51789  2.69%   319 3530s
 217111 72391  110.74121   24  140  112.53986  109.52132  2.68%   319 3548s
 218017 72687  109.99456   28   98  112.53986  109.52621  2.68%   319 3566s
 219041 72956  110.32053   27  181  112.53986  109.53128  2.67%   319 3585s
 220149 73224  110.91589   35   89  112.53986  109.53552  2.67%   319 3600s

Cutting planes:
  Learned: 526
  Gomory: 10
  Lift-and-project: 9
  Cover: 14995
  Implied bound: 5099
  Projected implied bound: 28
  Clique: 339
  MIR: 716
  StrongCG: 516
  Flow cover: 3603
  GUB cover: 7
  Inf proof: 418
  Zero half: 237
  Network: 1
  RLT: 530
  Relax-and-lift: 925

Explored 221115 nodes (70492979 simplex iterations) in 3600.76 seconds (5990.55 work units)
Thread count was 8 (of 24 available processors)

Solution count 10: 112.54 112.54 112.54 ... 117.836

Time limit reached
Warning: max constraint violation (2.1651e-01) exceeds tolerance
Warning: max bound violation (2.1651e-01) exceeds tolerance
         (model may be infeasible or unbounded - try turning presolve off)
Best objective 1.125398590596e+02, best bound 1.095396018898e+02, gap 2.6660%
