
Gurobi 10.0.0 (win64) logging started Sat Jan 20 08:56:06 2024

Set parameter LogFile to value "C:/Users\Administrator\Documents\BNC_Repo\BNC_Tests\10_MIP_Results\n20m2\Instance_Class3_Parts20_Machines2_Instance2_logfileChe1021.txt"
Gurobi Optimizer version 10.0.0 build v10.0.0rc2 (win64)

CPU model: AMD EPYC 7513 32-Core Processor, instruction set [SSE2|AVX|AVX2]
Thread count: 24 physical cores, 24 logical processors, using up to 8 threads

Optimize a model with 14158 rows, 2601 columns and 68618 nonzeros
Model fingerprint: 0x22feab53
Variable types: 921 continuous, 1680 integer (1680 binary)
Coefficient statistics:
  Matrix range     [4e-06, 5e+02]
  Objective range  [1e+00, 1e+00]
  Bounds range     [1e+00, 1e+00]
  RHS range        [1e+00, 7e+02]
Presolve removed 4249 rows and 863 columns
Presolve time: 0.27s
Presolved: 9909 rows, 1738 columns, 60516 nonzeros
Variable types: 80 continuous, 1658 integer (1618 binary)
Found heuristic solution: objective 795.5785200
Found heuristic solution: objective 432.2924000
Root relaxation presolved: 9909 rows, 1738 columns, 60516 nonzeros


Use crossover to convert LP symmetric solution to basic solution...

Root relaxation: objective 7.966285e+01, 2097 iterations, 0.27 seconds (0.33 work units)

    Nodes    |    Current Node    |     Objective Bounds      |     Work
 Expl Unexpl |  Obj  Depth IntInf | Incumbent    BestBd   Gap | It/Node Time

     0     0   79.66285    0  178  432.29240   79.66285  81.6%     -    0s
H    0     0                     142.1432600   79.66285  44.0%     -    0s
H    0     0                     136.7032600   79.66285  41.7%     -    1s
     0     0   79.76485    0  594  136.70326   79.76485  41.7%     -    2s
H    0     0                     134.7032600   79.76485  40.8%     -    2s
     0     0   79.76934    0  577  134.70326   79.76934  40.8%     -    2s
     0     0   80.03274    0  367  134.70326   80.03274  40.6%     -    3s
     0     0   80.12133    0  562  134.70326   80.12133  40.5%     -    4s
     0     0   80.12144    0  444  134.70326   80.12144  40.5%     -    4s
     0     0   80.13985    0  324  134.70326   80.13985  40.5%     -    4s
     0     0   80.13985    0  147  134.70326   80.13985  40.5%     -    6s
H    0     0                     120.9154000   80.13985  33.7%     -    8s
H    0     0                     109.5154000   80.13985  26.8%     -    8s
     0     0   80.14183    0  447  109.51540   80.14183  26.8%     -    8s
     0     0   80.22510    0  322  109.51540   80.22510  26.7%     -    8s
     0     0   80.53263    0  482  109.51540   80.53263  26.5%     -    9s
     0     0   80.64129    0  306  109.51540   80.64129  26.4%     -   10s
     0     0   80.64591    0  322  109.51540   80.64591  26.4%     -   10s
     0     0   80.64608    0  365  109.51540   80.64608  26.4%     -   10s
     0     0   80.64608    0  377  109.51540   80.64608  26.4%     -   10s
     0     0   80.67822    0  416  109.51540   80.67822  26.3%     -   11s
H    0     0                      99.1849000   80.67822  18.7%     -   11s
     0     0   80.68832    0  296   99.18490   80.68832  18.6%     -   11s
H    0     0                      99.1545400   80.78094  18.5%     -   11s
     0     0   80.78094    0  345   99.15454   80.78094  18.5%     -   12s
     0     0   80.80033    0  312   99.15454   80.80033  18.5%     -   12s
     0     0   80.91660    0  331   99.15454   80.91660  18.4%     -   12s
     0     0   81.12796    0  340   99.15454   81.12796  18.2%     -   12s
     0     0   81.22024    0  322   99.15454   81.22024  18.1%     -   13s
     0     0   81.27706    0  323   99.15454   81.27706  18.0%     -   13s
     0     0   81.28508    0  324   99.15454   81.28508  18.0%     -   13s
     0     0   81.29683    0  338   99.15454   81.29683  18.0%     -   13s
     0     0   81.32940    0  337   99.15454   81.32940  18.0%     -   13s
     0     0   81.32940    0  337   99.15454   81.32940  18.0%     -   13s
     0     0   81.39557    0  280   99.15454   81.39557  17.9%     -   14s
     0     0   81.41561    0  266   99.15454   81.41561  17.9%     -   14s
     0     0   81.41561    0  266   99.15454   81.41561  17.9%     -   14s
     0     0   81.41879    0  261   99.15454   81.41879  17.9%     -   14s
     0     0   81.45490    0  264   99.15454   81.45490  17.9%     -   15s
     0     0   81.46663    0  269   99.15454   81.46663  17.8%     -   15s
     0     0   81.46663    0  261   99.15454   81.46663  17.8%     -   15s
     0     0   81.48295    0  253   99.15454   81.48295  17.8%     -   16s
     0     0   81.50744    0  260   99.15454   81.50744  17.8%     -   16s
H    0     0                      98.6456400   81.52802  17.4%     -   17s
     0     0   81.53823    0  257   98.64564   81.53823  17.3%     -   17s
     0     0   81.53823    0  212   98.64564   81.53823  17.3%     -   17s
H    0     0                      97.6359600   81.53823  16.5%     -   19s
     0     2   81.53823    0  192   97.63596   81.53823  16.5%     -   19s
     3     8   81.53823    2  198   97.63596   81.53823  16.5%  1081   20s
H   34    38                      97.1259600   81.53823  16.0%  1278   21s
H   66    69                      96.1101000   81.53823  15.2%  1018   23s
H   67    69                      94.5357200   81.53823  13.7%  1010   23s
H   73    78                      93.1859800   81.53823  12.5%   957   24s
H   98   101                      91.1866600   81.53823  10.6%   841   25s
H  300   289                      91.1459800   81.53823  10.5%   441   28s
   698   568   86.72518   47   84   91.14598   81.53823  10.5%   270   30s
H 1331   864                      91.0866600   81.78193  10.2%   231   37s
  1465   929   83.39178   21  324   91.08666   81.78193  10.2%   243   42s
  1468   931   84.62343   32  254   91.08666   81.78193  10.2%   242   45s
H 1479   890                      91.0577000   81.78193  10.2%   240   50s
H 1552   897                      90.8627800   81.78193  10.0%   274   52s
H 1591   883                      89.4963400   81.78193  8.62%   276   53s
H 1637   852                      89.2377200   81.78193  8.35%   274   53s
  1740   865   84.48825   26  109   89.23772   81.78193  8.35%   269   55s
H 1889   855                      89.1848400   81.78193  8.30%   268   58s
  2031   908   81.98915   17  173   89.18484   81.78193  8.30%   261   60s
  2848  1137   86.13555   18  108   89.18484   81.78193  8.30%   238   65s
H 2859  1088                      88.9331200   81.78193  8.04%   237   65s
H 3425  1107                      88.7465000   82.06496  7.53%   228   69s
  3442  1171   83.69964   28  150   88.74650   82.10202  7.49%   230   70s
  4411  1691   85.59413   37  136   88.74650   82.14148  7.44%   223   77s
  4882  1995   88.13100   51   46   88.74650   82.28977  7.28%   220   80s
  6041  2623   84.55767   32   93   88.74650   82.74853  6.76%   216   85s
H 6343  2673                      88.7275800   82.74853  6.74%   214   87s
  6660  2942   83.36358   35   93   88.72758   82.78754  6.69%   213   90s
  7803  3587 infeasible   55        88.72758   82.78754  6.69%   210   96s
  8842  4054   84.00698   34  108   88.72758   82.97195  6.49%   209  101s
  9794  4691   84.45928   29   93   88.72758   83.02761  6.42%   209  106s
 10873  5264   85.03092   42  128   88.72758   83.04734  6.40%   208  111s
 11657  5693   87.25547   35   95   88.72758   83.10763  6.33%   209  115s
 12624  6257   85.97674   41   85   88.72758   83.13346  6.30%   210  120s
 13689  6780   85.00686   30  118   88.72758   83.17221  6.26%   209  125s
 14599  7233   85.17887   27  141   88.72758   83.27294  6.15%   211  130s
 15764  7902     cutoff   30        88.72758   83.31934  6.10%   212  137s
 16479  8107   87.94919   24  197   88.72758   83.39055  6.02%   212  140s
 17751  8630   84.29668   24  367   88.72758   83.47313  5.92%   215  148s
 18284  9001   84.19099   19  145   88.72758   83.50246  5.89%   216  152s
 19098  9383   87.15125   42   90   88.72758   83.52363  5.87%   216  156s
 19910  9516   84.00408   25  112   88.72758   83.53105  5.86%   216  162s
 20229  9938   88.14583   37   82   88.72758   83.53105  5.86%   217  166s
 21104 10456   84.12454   32  172   88.72758   83.56534  5.82%   217  171s
 22180 11013   84.52366   31  100   88.72758   83.59769  5.78%   216  176s
 23195 11458   87.01805   45   64   88.72758   83.63609  5.74%   214  181s
 24115 11936   85.82912   36   61   88.72758   83.67408  5.70%   214  186s
 25217 12236   86.66461   38   83   88.72758   83.73385  5.63%   213  191s
 26012 12743   86.71469   21  107   88.72758   83.77727  5.58%   213  197s
 27055 12991   88.40440   26  259   88.72758   83.80821  5.54%   213  202s
 27727 13316   85.80071   32  133   88.72758   83.84084  5.51%   213  207s
 28419 13662   87.09053   31   85   88.72758   83.86988  5.47%   215  212s
 29227 13895   84.30347   32  126   88.72758   83.90554  5.43%   215  219s
 30213 14215   84.02334   22  143   88.72758   83.92375  5.41%   215  225s
 31038 14495     cutoff   49        88.72758   83.92375  5.41%   216  230s
 31763 14801   84.28406   28  145   88.72758   83.95446  5.38%   216  236s
 32454 15237   84.74175   29  143   88.72758   83.96484  5.37%   217  243s
 33479 15609   87.94512   54   48   88.72758   83.99083  5.34%   216  251s
H34040 15403                      88.5931200   83.99267  5.19%   216  251s
 34402 15724 infeasible   33        88.59312   84.00378  5.18%   216  257s
 35274 15971 infeasible   35        88.59312   84.00378  5.18%   216  264s
 36009 16251   84.79768   32  125   88.59312   84.01851  5.16%   216  271s
 36863 16524   86.53995   38   81   88.59312   84.03546  5.14%   216  277s
 37662 16774   85.67740   25  130   88.59312   84.06032  5.12%   217  283s
 38371 16937   87.85483   40  116   88.59312   84.08081  5.09%   218  289s
H38673 16327                      88.3464800   84.08380  4.82%   218  289s
 38929 16538   84.43408   20  148   88.34648   84.09168  4.82%   218  295s
H39171 16485                      88.3321600   84.09535  4.80%   218  295s
 39859 16791   87.10495   31   96   88.33216   84.13257  4.75%   218  302s
 40672 16954   86.13940   35  104   88.33216   84.15849  4.72%   219  309s
 41333 17327 infeasible   52        88.33216   84.17146  4.71%   220  317s
 42282 17508     cutoff   40        88.33216   84.19093  4.69%   220  323s
 42994 17801   85.10282   24  111   88.33216   84.20823  4.67%   222  330s
 43793 18048   85.29627   25  106   88.33216   84.21910  4.66%   222  336s
 44514 18303   86.90338   64   47   88.33216   84.22333  4.65%   222  343s
 45530 18304   86.08382   23  159   88.33216   84.23015  4.64%   223  350s
 46189 18577   84.33800   26  173   88.33216   84.24385  4.63%   225  358s
 47143 18984 infeasible   29        88.33216   84.25518  4.62%   225  368s
 48168 19223   86.86583   32  123   88.33216   84.27640  4.59%   225  376s
 49003 19458 infeasible   24        88.33216   84.30148  4.56%   226  384s
 49835 19718   85.41798   34   95   88.33216   84.31842  4.54%   226  391s
 50586 20010     cutoff   38        88.33216   84.34360  4.52%   227  399s
 51611 20314   84.93502   21  129   88.33216   84.36652  4.49%   227  407s
 52462 20762   86.09369   45   88   88.33216   84.38084  4.47%   227  415s
 53456 21119     cutoff   40        88.33216   84.39181  4.46%   227  424s
 54471 21541   85.12461   36  113   88.33216   84.40570  4.45%   227  433s
 55592 22002   86.60242   29   88   88.33216   84.42618  4.42%   227  441s
 56627 22347   87.91014   48   29   88.33216   84.44724  4.40%   226  448s
 57614 22734   86.14922   31   83   88.33216   84.46115  4.38%   226  456s
 58519 22999   86.14922   33   70   88.33216   84.47521  4.37%   227  462s
 59405 23367   85.55107   28  163   88.33216   84.48461  4.36%   226  469s
 60269 23758   87.49700   41   66   88.33216   84.49423  4.34%   226  475s
 61067 24026   85.01300   25  118   88.33216   84.50455  4.33%   226  481s
 61773 24302   85.99363   33  117   88.33216   84.51357  4.32%   227  488s
 62565 24703   86.15568   33   98   88.33216   84.52544  4.31%   227  495s
 63522 25093   85.36052   36   86   88.33216   84.53899  4.29%   227  503s
 64662 25491   85.95122   36  140   88.33216   84.54802  4.28%   226  511s
 65683 25798 infeasible   26        88.33216   84.55767  4.27%   225  519s
 66661 26036   85.30524   28   86   88.33216   84.56904  4.26%   225  525s
 67444 26368     cutoff   31        88.33216   84.58004  4.25%   225  532s
 68231 26575     cutoff   30        88.33216   84.58958  4.24%   225  539s
 68876 26955   86.75449   25   99   88.33216   84.59512  4.23%   225  547s
 69940 27322   84.85132   29   95   88.33216   84.60768  4.22%   225  555s
 70854 27695   86.05307   33  119   88.33216   84.61180  4.21%   225  562s
 71801 27963     cutoff   43        88.33216   84.61180  4.21%   224  569s
 72538 28274   87.13154   37   53   88.33216   84.61511  4.21%   224  576s
 73393 28519 infeasible   23        88.33216   84.63096  4.19%   224  584s
 74236 28818   85.01588   24  122   88.33216   84.63926  4.18%   224  591s
 75090 29148   86.09434   26   94   88.33216   84.64978  4.17%   224  598s
 75997 29458   87.78380   42   47   88.33216   84.66227  4.15%   224  606s
 76921 29679   85.82912   40   38   88.33216   84.66834  4.15%   224  613s
 77689 29973   87.22865   35   81   88.33216   84.67985  4.13%   224  620s
 78528 30255   85.42378   24  128   88.33216   84.69200  4.12%   224  628s
 79318 30509   87.97095   35   64   88.33216   84.69830  4.11%   224  634s
 80141 30881   88.06917   38   87   88.33216   84.70957  4.10%   224  642s
 81093 31281   86.00875   28  107   88.33216   84.72062  4.09%   224  651s
 82071 31484   86.46735   33  110   88.33216   84.73427  4.07%   224  657s
 82607 31734   85.40245   36   95   88.33216   84.74016  4.07%   224  664s
 83459 32039     cutoff   40        88.33216   84.75267  4.05%   224  671s
 84253 32360   84.88448   29  149   88.33216   84.76532  4.04%   224  679s
 85203 32693 infeasible   27        88.33216   84.77432  4.03%   224  686s
 86090 33035   85.47792   40  145   88.33216   84.78528  4.02%   224  694s
 86979 33433   85.96207   49   64   88.33216   84.79409  4.01%   224  702s
 88033 33791   86.68555   29   99   88.33216   84.80746  3.99%   223  710s
 88918 34163   85.89025   21  111   88.33216   84.81529  3.98%   223  718s
 89980 34384   86.99473   35   64   88.33216   84.82569  3.97%   223  724s
 90663 34728   85.81618   32   85   88.33216   84.83775  3.96%   223  731s
 91471 34936   85.95346   39   84   88.33216   84.84319  3.95%   223  738s
 92208 35154 infeasible   27        88.33216   84.85103  3.94%   223  744s
 92723 35361   85.49843   42  106   88.33216   84.85188  3.94%   223  750s
 93270 35607   85.16541   32  193   88.33216   84.85260  3.94%   224  757s
 94014 35877   86.90840   30   66   88.33216   84.85919  3.93%   224  764s
 95035 36177   85.94537   32  124   88.33216   84.86750  3.92%   224  771s
 95935 36557 infeasible   33        88.33216   84.87624  3.91%   224  779s
 96300 36557   85.53313   29  102   88.33216   84.87719  3.91%   223  780s
 97079 36867   86.56173   48   89   88.33216   84.88824  3.90%   223  788s
 97952 37101   87.95187   26  131   88.33216   84.89985  3.89%   223  796s
 98731 37381   85.05238   29  143   88.33216   84.90714  3.88%   223  803s
 99533 37614   86.48491   24   94   88.33216   84.91731  3.87%   224  811s
 100474 37979   85.50980   24  129   88.33216   84.92524  3.86%   223  819s
 101493 38478   85.88205   23   83   88.33216   84.93190  3.85%   223  828s
 102506 38627     cutoff   60        88.33216   84.93190  3.85%   223  835s
 102825 39455     cutoff   32        88.33216   84.93190  3.85%   223  855s
 105206 39684   87.89834   40   55   88.33216   84.95465  3.82%   223  864s
 106105 39954   85.52018   33  119   88.33216   84.96007  3.82%   223  872s
 106962 40389   86.15369   28  119   88.33216   84.96915  3.81%   223  882s
 108006 40688   85.42382   25  124   88.33216   84.97572  3.80%   222  891s
 108961 41019   86.30679   29   94   88.33216   84.98352  3.79%   222  901s
 109955 41388     cutoff   30        88.33216   84.99109  3.78%   222  911s
 110953 41720   86.65164   42  362   88.33216   84.99912  3.77%   222  922s
 112089 42024   85.44673   32  157   88.33216   85.00686  3.76%   222  930s
 112879 42393   87.85241   50   52   88.33216   85.01268  3.76%   222  939s
 113469 42393   85.05739   30   82   88.33216   85.01300  3.76%   222  940s
 113869 42691   86.75359   37   85   88.33216   85.01481  3.76%   222  949s
 114867 43051 infeasible   29        88.33216   85.02177  3.75%   222  958s
 115793 43430   87.49763   39  113   88.33216   85.03271  3.74%   222  967s
 116770 43767 infeasible   33        88.33216   85.03915  3.73%   221  977s
 117736 44028   86.38327   27   89   88.33216   85.04506  3.72%   221  984s
 118381 44407   86.83473   39   54   88.33216   85.05027  3.72%   221  996s
 119560 44677   86.93269   34   95   88.33216   85.05974  3.70%   221 1003s
 120376 45055   88.14333   33  105   88.33216   85.06622  3.70%   221 1013s
 121482 45446   87.63117   30   71   88.33216   85.07492  3.69%   221 1024s
 122564 45671   86.70395   45  121   88.33216   85.08440  3.68%   221 1032s
 123299 45972 infeasible   34        88.33216   85.09108  3.67%   221 1041s
 124232 46303   87.84881   53   67   88.33216   85.09860  3.66%   221 1051s
 125292 46600   86.23674   27  120   88.33216   85.10620  3.65%   221 1061s
 126267 46838   87.68532   29   91   88.33216   85.11427  3.64%   221 1068s
 126960 47368   86.44936   32   71   88.33216   85.11957  3.64%   221 1079s
 128222 47675   85.17225   23  121   88.33216   85.12638  3.63%   220 1089s
 129116 47938   86.61366   30  154   88.33216   85.13351  3.62%   220 1097s
 129841 48375   85.99435   27  158   88.33216   85.13991  3.61%   220 1106s
 130839 48740   86.30927   36   53   88.33216   85.14621  3.61%   220 1114s
 131774 49041     cutoff   54        88.33216   85.15534  3.60%   220 1123s
 132695 49388   88.16771   37   77   88.33216   85.16110  3.59%   220 1131s
 133598 49636   85.68136   33  117   88.33216   85.16944  3.58%   219 1139s
 134422 49946     cutoff   31        88.33216   85.17519  3.57%   219 1148s
 135288 50236   85.96994   27  105   88.33216   85.18230  3.57%   219 1155s
 136108 50450 infeasible   37        88.33216   85.19019  3.56%   219 1164s
 136948 50764     cutoff   33        88.33216   85.19730  3.55%   219 1173s
 137999 51087   85.81480   35  112   88.33216   85.20363  3.54%   219 1182s
 138901 51541   85.87484   29  113   88.33216   85.21179  3.53%   219 1192s
 139945 51846   85.90886   40   71   88.33216   85.21739  3.53%   219 1200s
 140879 52066   86.80754   32  115   88.33216   85.22194  3.52%   219 1207s
 141630 52520   86.28597   47   46   88.33216   85.22838  3.51%   219 1218s
 142832 52778     cutoff   49        88.33216   85.23427  3.51%   218 1226s
 143691 53063   87.36599   34   89   88.33216   85.24205  3.50%   218 1235s
 144613 53422   86.07818   29   99   88.33216   85.24693  3.49%   218 1244s
 145650 53842   86.11095   35   90   88.33216   85.25054  3.49%   218 1254s
 146669 54176 infeasible   38        88.33216   85.25579  3.48%   218 1262s
 147573 54508   85.46224   32  105   88.33216   85.26109  3.48%   218 1271s
 148497 54907 infeasible   41        88.33216   85.26893  3.47%   218 1281s
 149482 55203 infeasible   26        88.33216   85.27355  3.46%   217 1289s
 150342 55468     cutoff   45        88.33216   85.27859  3.46%   217 1296s
 151224 55779   86.93651   36   84   88.33216   85.28301  3.45%   217 1304s
 152098 56068   85.54112   30  115   88.33216   85.28901  3.45%   217 1312s
 152978 56369     cutoff   70        88.33216   85.29419  3.44%   217 1320s
 153933 56586   86.38702   34  106   88.33216   85.29869  3.43%   217 1327s
 154670 56930   86.20491   34  109   88.33216   85.30383  3.43%   217 1335s
 155643 57208   86.52110   44   88   88.33216   85.31054  3.42%   216 1343s
 156517 57532   85.96207   29   92   88.33216   85.31690  3.41%   216 1352s
 157519 57853   85.93810   42  111   88.33216   85.32352  3.41%   216 1361s
 158364 58132   85.92169   33  134   88.33216   85.32897  3.40%   216 1370s
 159275 58443   87.86871   41   60   88.33216   85.33315  3.40%   216 1379s
 160260 58789   87.51681   34   91   88.33216   85.33767  3.39%   216 1389s
 161365 58959   86.16665   42  117   88.33216   85.34318  3.38%   216 1398s
 162320 59418   86.61962   48   94   88.33216   85.34859  3.38%   216 1409s
 163525 59682   85.96726   37  121   88.33216   85.35258  3.37%   215 1416s
 164209 59996 infeasible   23        88.33216   85.35644  3.37%   215 1424s
 165008 60376   86.17651   33  113   88.33216   85.36186  3.36%   215 1433s
 165944 60601   86.48321   30  116   88.33216   85.36669  3.36%   215 1441s
 166742 60890   86.59144   35  109   88.33216   85.37043  3.35%   215 1450s
 167632 61222 infeasible   30        88.33216   85.37621  3.35%   215 1459s
 168625 61475   86.45885   30  121   88.33216   85.38368  3.34%   215 1468s
 169430 61823 infeasible   33        88.33216   85.38761  3.33%   215 1478s
 170336 62121   85.45356   34  110   88.33216   85.39148  3.33%   215 1487s
*170637 57882              72      88.0941200   85.39224  3.07%   214 1487s
 171249 58109     cutoff   40        88.09412   85.39664  3.06%   214 1497s
 172277 58428   88.00838   48   29   88.09412   85.40038  3.06%   214 1508s
 173312 58696   87.83296   42   94   88.09412   85.40450  3.05%   214 1517s
 174235 58963   87.21666   18  110   88.09412   85.40856  3.05%   214 1528s
 175096 59075     cutoff   39        88.09412   85.41287  3.04%   214 1535s
 175465 59403   87.23471   36  120   88.09412   85.41481  3.04%   214 1546s
 176541 59686   88.03040   50   33   88.09412   85.42122  3.03%   213 1554s
 177343 60018   86.94701   39   75   88.09412   85.42559  3.03%   213 1565s
 178415 60333 infeasible   38        88.09412   85.42931  3.02%   213 1575s
 179364 60609 infeasible   36        88.09412   85.43454  3.02%   213 1585s
 180288 60772   86.98542   35  108   88.09412   85.43675  3.02%   213 1593s
 181008 61079   86.37627   43   84   88.09412   85.44226  3.01%   213 1603s
 182018 61368   86.33556   45   94   88.09412   85.44623  3.01%   213 1614s
 183118 61623   86.06924   32   79   88.09412   85.45038  3.00%   212 1623s
 184017 61902   86.06919   31   81   88.09412   85.45630  2.99%   212 1633s
 184832 62058   87.15336   36   85   88.09412   85.46081  2.99%   212 1642s
 185622 62256   87.07953   40   90   88.09412   85.46224  2.99%   212 1651s
 186502 62462   85.59452   37  138   88.09412   85.46911  2.98%   212 1660s
 187356 62750   88.02115   47   62   88.09412   85.47384  2.97%   212 1670s
 188348 63106     cutoff   34        88.09412   85.47790  2.97%   212 1681s
 189390 63511   87.46497   48   38   88.09412   85.48116  2.97%   212 1694s
 190350 63511     cutoff   28        88.09412   85.48573  2.96%   212 1695s
 190576 63914   86.28562   32   97   88.09412   85.48573  2.96%   212 1709s
 191888 64364 infeasible   46        88.09412   85.48573  2.96%   211 1724s
 193347 64715   86.33452   44   61   88.09412   85.48573  2.96%   211 1738s
 194602 64922   88.02475   45  226   88.09412   85.48573  2.96%   211 1749s
 195715 65177 infeasible   49        88.09412   85.48573  2.96%   211 1762s
 196839 65495   85.52462   37  107   88.09412   85.48573  2.96%   211 1774s
 197911 65807     cutoff   53        88.09412   85.48573  2.96%   211 1784s
 198886 66187   86.01033   49   85   88.09412   85.48573  2.96%   211 1797s
 200142 66480   87.29877   46   72   88.09412   85.48859  2.96%   211 1808s
 201180 66809   87.29877   41  109   88.09412   85.49377  2.95%   211 1820s
 202202 67195   85.76542   27  136   88.09412   85.49722  2.95%   211 1832s
 203377 67350 infeasible   52        88.09412   85.50084  2.94%   210 1842s
 204087 67675   86.36557   31   92   88.09412   85.50435  2.94%   210 1853s
 205119 68015 infeasible   51        88.09412   85.50700  2.94%   210 1864s
 206049 68314   87.13869   57   54   88.09412   85.51029  2.93%   210 1877s
 207341 68528   85.87697   24  104   88.09412   85.51283  2.93%   210 1889s
 208141 68773   87.10459   35  102   88.09412   85.51311  2.93%   210 1900s
 209148 69109 infeasible   37        88.09412   85.51905  2.92%   210 1914s
 210359 69474   85.56638   40  116   88.09412   85.52424  2.92%   210 1926s
 211503 69733   86.43653   37   80   88.09412   85.52792  2.91%   209 1936s
 212386 69834   86.30293   32   76   88.09412   85.53132  2.91%   209 1946s
 212809 70029 infeasible   33        88.09412   85.53263  2.91%   209 1955s
 213685 70425   86.92460   48  104   88.09412   85.53641  2.90%   209 1969s
 215069 71016   86.59846   44   62   88.09412   85.53866  2.90%   209 1984s
 216544 71337   87.46328   36  103   88.09412   85.53993  2.90%   209 1998s
 217684 71530   86.93402   47   65   88.09412   85.53993  2.90%   209 2010s
 218671 71856   87.89219   50   34   88.09412   85.54177  2.90%   209 2021s
 219778 72132   86.88856   36  131   88.09412   85.54602  2.89%   209 2034s
 220748 72390   85.91396   41  109   88.09412   85.54890  2.89%   209 2046s
 221638 72667   85.82912   35  107   88.09412   85.55345  2.88%   209 2058s
 222696 72891   87.62385   36  110   88.09412   85.55720  2.88%   209 2069s
 223602 73176   87.67578   37   72   88.09412   85.56195  2.87%   209 2080s
 224644 73660     cutoff   44        88.09412   85.56491  2.87%   209 2098s
 226207 74003   87.30493   43   52   88.09412   85.56575  2.87%   208 2114s
 227618 74216   86.50411   49   86   88.09412   85.56575  2.87%   208 2126s
 228563 74463   85.61454   34  104   88.09412   85.56575  2.87%   208 2137s
 229483 74601     cutoff   37        88.09412   85.56627  2.87%   208 2147s
 230244 74822     cutoff   31        88.09412   85.57210  2.86%   208 2157s
 231122 74994   87.26096   27  104   88.09412   85.57616  2.86%   208 2168s
 231777 75229   87.94526   36   69   88.09412   85.57870  2.86%   208 2178s
 232601 75390   87.75986   51   75   88.09412   85.58153  2.85%   208 2186s
 233188 75589   87.06213   24  115   88.09412   85.58305  2.85%   208 2197s
 233993 75870   86.90655   33   63   88.09412   85.58787  2.84%   208 2208s
 235093 76142   87.75849   40   70   88.09412   85.59163  2.84%   208 2220s
 235951 76291     cutoff   38        88.09412   85.59490  2.84%   208 2232s
 236822 76500   85.96207   44   62   88.09412   85.59871  2.83%   208 2244s
 237672 76711   87.58274   32   94   88.09412   85.60338  2.83%   208 2255s
 238541 77026   86.77236   46   46   88.09412   85.60614  2.82%   208 2269s
 239677 77357   85.76919   37  144   88.09412   85.61046  2.82%   207 2282s
 240805 77521   87.21747   27   88   88.09412   85.61428  2.81%   207 2294s
 241749 77877   86.76189   33  121   88.09412   85.61980  2.81%   207 2307s
 242780 78286   86.77239   35  113   88.09412   85.61995  2.81%   207 2321s
 243829 78637   86.53513   46   86   88.09412   85.61995  2.81%   207 2333s
 244863 78827   85.65858   39   93   88.09412   85.62125  2.81%   207 2345s
 245685 79017   86.30482   32   83   88.09412   85.62811  2.80%   207 2357s
 246583 79356     cutoff   51        88.09412   85.63098  2.80%   207 2369s
 247344 79356   86.44589   28   94   88.09412   85.63190  2.79%   207 2370s
 247684 79666   87.41152   50   91   88.09412   85.63489  2.79%   207 2382s
 248655 79854   86.46616   28  160   88.09412   85.63746  2.79%   207 2393s
 249566 80217   86.25661   46  135   88.09412   85.64117  2.78%   207 2409s
 250889 80926 infeasible   46        88.09412   85.64549  2.78%   207 2428s
 252451 81397   86.33383   30   59   88.09412   85.64578  2.78%   206 2443s
 253583 82079   86.38675   35   84   88.09412   85.64578  2.78%   206 2463s
 255149 82814   87.84708   40   82   88.09412   85.64578  2.78%   206 2480s
 256624 83292   88.07300   52   32   88.09412   85.64578  2.78%   205 2493s
 257795 83722   86.75346   33   71   88.09412   85.64578  2.78%   205 2507s
 258836 84145   86.62092   30   77   88.09412   85.64578  2.78%   205 2520s
 260111 84556   87.46751   48   72   88.09412   85.64578  2.78%   205 2531s
 261021 84992   87.78507   49   58   88.09412   85.64578  2.78%   205 2546s
 262211 85282 infeasible   49        88.09412   85.64578  2.78%   204 2560s
 263177 85559   86.05647   27   97   88.09412   85.64578  2.78%   204 2570s
 263937 85762   85.88769   27   96   88.09412   85.64719  2.78%   204 2581s
 264752 85998     cutoff   37        88.09412   85.65196  2.77%   204 2592s
 265607 86302     cutoff   32        88.09412   85.65493  2.77%   204 2603s
 266543 86497   87.18012   38   97   88.09412   85.65804  2.77%   204 2614s
 267351 86708     cutoff   28        88.09412   85.66138  2.76%   204 2626s
 268207 86999   86.18211   30   96   88.09412   85.66500  2.76%   204 2641s
 269380 87242   86.28597   57   52   88.09412   85.66642  2.76%   204 2652s
 270272 87536   86.87876   55  113   88.09412   85.67098  2.75%   204 2668s
 271443 87900 infeasible   47        88.09412   85.67288  2.75%   204 2685s
 272498 88254   86.39241   53  106   88.09412   85.67288  2.75%   204 2699s
 273634 88602   86.54038   44   95   88.09412   85.67288  2.75%   204 2715s
 274731 88858 infeasible   51        88.09412   85.67288  2.75%   204 2729s
 275591 89160   85.67288   31   81   88.09412   85.67288  2.75%   204 2744s
 276618 89474 infeasible   39        88.09412   85.67288  2.75%   204 2760s
 277767 89793 infeasible   47        88.09412   85.67637  2.74%   204 2776s
 278898 90005   85.98408   29  180   88.09412   85.68018  2.74%   204 2789s
 279782 90271   86.80771   40  122   88.09412   85.68325  2.74%   204 2803s
 280869 90521 infeasible   64        88.09412   85.68796  2.73%   204 2817s
 281814 90704   86.95441   33   97   88.09412   85.69141  2.73%   204 2830s
 282702 91039     cutoff   38        88.09412   85.69543  2.72%   204 2846s
 283984 91161   86.61813   36   72   88.09412   85.69744  2.72%   204 2858s
 284823 91415   86.38910   32   87   88.09412   85.70086  2.72%   204 2872s
 285792 91592     cutoff   39        88.09412   85.70338  2.71%   204 2883s
 286579 91779   88.03412   38  328   88.09412   85.70658  2.71%   204 2895s
 287500 92090   86.52224   29   95   88.09412   85.71129  2.70%   204 2909s
 288589 92370   87.60864   30  107   88.09412   85.71478  2.70%   204 2922s
 289524 92531   86.99048   38   92   88.09412   85.71687  2.70%   204 2934s
 290447 92791   85.87977   32  144   88.09412   85.72205  2.69%   204 2953s
 291761 92972   87.48235   49   60   88.09412   85.72580  2.69%   204 2970s
 292819 93384   85.75492   41  128   88.09412   85.72580  2.69%   204 2989s
 294156 93820   86.27629   38  109   88.09412   85.72580  2.69%   204 3007s
 295552 94370   88.02388   47   72   88.09412   85.72580  2.69%   204 3032s
 297453 94499   85.92861   42   97   88.09412   85.72580  2.69%   204 3048s
 298426 94655   86.14922   24   98   88.09412   85.72969  2.68%   204 3063s
 299063 94892   86.54926   41  170   88.09412   85.73176  2.68%   204 3078s
 300174 95076 infeasible   36        88.09412   85.73632  2.68%   204 3091s
 301030 95380   85.95646   42   67   88.09412   85.73955  2.67%   204 3108s
 302199 95605     cutoff   35        88.09412   85.74323  2.67%   204 3123s
 303345 95774   86.63113   27   96   88.09412   85.74792  2.66%   204 3135s
 304220 96078   85.77325   44  131   88.09412   85.75184  2.66%   204 3151s
 305474 96324   86.20732   29  106   88.09412   85.75583  2.65%   204 3165s
 306530 96586   86.46932   28  106   88.09412   85.75941  2.65%   204 3179s
 307531 96797   85.94444   27   88   88.09412   85.76273  2.65%   204 3192s
 308522 96963   87.16042   33  184   88.09412   85.76698  2.64%   204 3205s
 309470 97222 infeasible   40        88.09412   85.77052  2.64%   204 3221s
 310719 97402   86.90748   33   94   88.09412   85.77461  2.63%   204 3235s
 311650 97654   86.35378   30  108   88.09412   85.77901  2.63%   204 3249s
 312356 97654   86.54934   38   90   88.09412   85.77980  2.63%   204 3250s
 312651 97772   87.81451   31   79   88.09412   85.78325  2.62%   204 3260s
 313297 98081   85.90656   39  111   88.09412   85.78562  2.62%   204 3279s
 314662 98347 infeasible   26        88.09412   85.79127  2.61%   204 3294s
 315805 98636   87.60706   36   70   88.09412   85.79633  2.61%   204 3311s
 316979 98843   86.83369   28   97   88.09412   85.79983  2.60%   204 3327s
H317119 95585                      88.0126000   85.79983  2.51%   204 3327s
 317936 95751   86.16598   28  133   88.01260   85.80202  2.51%   204 3346s
H318692 94015                      87.9587400   85.80202  2.45%   204 3346s
 318864 94249   87.94512   55   36   87.95874   85.80202  2.45%   204 3365s
 320130 94479   87.34263   25  108   87.95874   85.80633  2.45%   204 3383s
 321320 94759   86.83691   37  124   87.95874   85.80913  2.44%   204 3398s
 322473 94939   86.51561   34   75   87.95874   85.81311  2.44%   204 3412s
 323414 95264 infeasible   36        87.95874   85.81743  2.43%   204 3430s
 324700 95538 infeasible   31        87.95874   85.82110  2.43%   204 3448s
 325941 95900   86.78665   40   96   87.95874   85.82611  2.42%   204 3468s
H327352 88335                      87.7381400   85.82912  2.18%   203 3492s
H327559 86645                      87.6922200   85.82912  2.12%   203 3493s
 329049 86862   86.77058   36   72   87.69222   85.82912  2.12%   203 3509s
 330084 87314   85.96232   38  133   87.69222   85.82912  2.12%   203 3529s
H330854 83587                      87.5995800   85.82912  2.02%   203 3529s
 331476 83955   86.06209   34  140   87.59958   85.82912  2.02%   203 3550s
 332738 84410   85.89165   44   99   87.59958   85.82912  2.02%   202 3572s
 334339 84663   86.14292   41   72   87.59958   85.82912  2.02%   202 3587s
 335368 84963   87.25073   38   59   87.59958   85.82912  2.02%   202 3600s

Cutting planes:
  Learned: 296
  Gomory: 27
  Lift-and-project: 3
  Cover: 11083
  Implied bound: 1961
  Projected implied bound: 9
  Clique: 367
  MIR: 260
  StrongCG: 98
  Flow cover: 2071
  GUB cover: 35
  Inf proof: 71
  Zero half: 90
  Network: 1
  RLT: 331
  Relax-and-lift: 238
  BQP: 5
  PSD: 5

Explored 336286 nodes (67942495 simplex iterations) in 3600.48 seconds (3423.88 work units)
Thread count was 8 (of 24 available processors)

Solution count 10: 87.5996 87.5996 87.6922 ... 88.5931

Time limit reached
Best objective 8.759958000000e+01, best bound 8.582912039024e+01, gap 2.0211%
