
Gurobi 10.0.0 (win64) logging started Sat Jan 20 18:15:29 2024

Set parameter LogFile to value "C:/Users\Administrator\Documents\BNC_Repo\BNC_Tests\10_MIP_Results\n20m2\Instance_Class4_Parts20_Machines2_Instance1_logfileChe1021.txt"
Gurobi Optimizer version 10.0.0 build v10.0.0rc2 (win64)

CPU model: AMD EPYC 7513 32-Core Processor, instruction set [SSE2|AVX|AVX2]
Thread count: 24 physical cores, 24 logical processors, using up to 8 threads

Optimize a model with 14158 rows, 2601 columns and 67018 nonzeros
Model fingerprint: 0x111b2729
Variable types: 921 continuous, 1680 integer (1680 binary)
Coefficient statistics:
  Matrix range     [4e-06, 4e+02]
  Objective range  [1e+00, 1e+00]
  Bounds range     [1e+00, 1e+00]
  RHS range        [1e+00, 6e+02]
Presolve removed 4785 rows and 863 columns
Presolve time: 0.16s
Presolved: 9373 rows, 1738 columns, 54158 nonzeros
Variable types: 80 continuous, 1658 integer (1618 binary)
Found heuristic solution: objective 621.7564000
Found heuristic solution: objective 361.7407800
Root relaxation presolved: 9373 rows, 1738 columns, 54158 nonzeros


Use crossover to convert LP symmetric solution to basic solution...

Root relaxation: objective 5.387479e+01, 1565 iterations, 0.22 seconds (0.26 work units)

    Nodes    |    Current Node    |     Objective Bounds      |     Work
 Expl Unexpl |  Obj  Depth IntInf | Incumbent    BestBd   Gap | It/Node Time

     0     0   53.87479    0   44  361.74078   53.87479  85.1%     -    0s
H    0     0                     354.2369200   53.87479  84.8%     -    0s
H    0     0                     348.5899800   53.87479  84.5%     -    0s
H    0     0                     326.3654400   53.87479  83.5%     -    0s
H    0     0                     143.1540000   54.16142  62.2%     -    1s
H    0     0                     119.6856400   54.16142  54.7%     -    1s
     0     0   54.16142    0  232  119.68564   54.16142  54.7%     -    1s
H    0     0                      93.6848800   54.16142  42.2%     -    1s
     0     0   54.24190    0  237   93.68488   54.24190  42.1%     -    2s
     0     0   54.42579    0  147   93.68488   54.42579  41.9%     -    3s
H    0     0                      90.3231600   54.42579  39.7%     -    3s
     0     0   54.52003    0  165   90.32316   54.52003  39.6%     -    3s
     0     0   54.90512    0  184   90.32316   54.90512  39.2%     -    5s
     0     0   55.18181    0  202   90.32316   55.18181  38.9%     -    5s
     0     0   55.18181    0  427   90.32316   55.18181  38.9%     -    5s
     0     0   55.18181    0  159   90.32316   55.18181  38.9%     -    5s
     0     0   55.20119    0  170   90.32316   55.20119  38.9%     -    5s
     0     0   55.20119    0   92   90.32316   55.20119  38.9%     -    7s
H    0     0                      83.3974600   55.20119  33.8%     -    8s
     0     0   55.20119    0  237   83.39746   55.20119  33.8%     -    9s
     0     0   55.20119    0  226   83.39746   55.20119  33.8%     -    9s
     0     0   55.20119    0  184   83.39746   55.20119  33.8%     -    9s
     0     0   55.20119    0  190   83.39746   55.20119  33.8%     -    9s
H    0     0                      81.6481400   55.20119  32.4%     -   10s
H    0     0                      80.9681400   55.20119  31.8%     -   10s
     0     0   55.20119    0  234   80.96814   55.20119  31.8%     -   10s
     0     0   55.20119    0  222   80.96814   55.20119  31.8%     -   10s
     0     0   55.46698    0  404   80.96814   55.46698  31.5%     -   11s
     0     0   55.63360    0  412   80.96814   55.63360  31.3%     -   12s
H    0     0                      78.7483800   55.63360  29.4%     -   12s
H    0     0                      78.0683800   55.63360  28.7%     -   12s
     0     0   55.69948    0  426   78.06838   55.69948  28.7%     -   12s
H    0     0                      77.3262400   55.69948  28.0%     -   14s
     0     0   56.06479    0  301   77.32624   56.06479  27.5%     -   14s
     0     0   56.06479    0  297   77.32624   56.06479  27.5%     -   14s
     0     0   56.06479    0  248   77.32624   56.06479  27.5%     -   14s
H    0     0                      70.1011200   56.06479  20.0%     -   18s
H    0     0                      68.4475800   56.06479  18.1%     -   18s
H    0     2                      66.9526000   56.06479  16.3%     -   19s
     0     2   56.06479    0  222   66.95260   56.06479  16.3%     -   19s
     7    14   56.06479    3  226   66.95260   56.06479  16.3%  1689   20s
H   31    38                      66.2610600   56.06479  15.4%  1508   21s
H   69    70                      66.1457000   56.06479  15.2%  1050   22s
H  110   103                      65.4132800   56.06479  14.3%   862   22s
H  112   103                      62.7217400   56.06479  10.6%   854   22s
H  159   148                      62.5984400   56.06479  10.4%   660   23s
H  210   172                      62.0589000   56.06479  9.66%   530   24s
   248   175   58.82107    7  336   62.05890   56.06479  9.66%   495   25s
   617   385   58.53579   14  126   62.05890   56.06479  9.66%   375   30s
H  674   410                      62.0155000   56.06479  9.60%   380   31s
H  690   417                      61.6755000   56.06479  9.10%   381   33s
H  693   417                      61.2161000   56.06479  8.41%   380   33s
   772   440   56.91479   10  132   61.21610   56.06479  8.41%   372   35s
  1111   622   56.09312   11  184   61.21610   56.06479  8.41%   359   40s
H 1345   682                      60.9797200   56.06479  8.06%   355   46s
H 1346   678                      60.9210800   56.06479  7.97%   355   46s
H 1351   671                      60.8406400   56.06479  7.85%   357   46s
  1546   771   56.14979   15  170   60.84064   56.06479  7.85%   370   61s
  1549   773   56.28914   15  296   60.84064   56.06479  7.85%   369   65s
  1556   778   56.31979   11  521   60.84064   56.06479  7.85%   367   70s
  1572   795   56.08142   13  229   60.84064   56.06479  7.85%   389   75s
H 1719   812                      60.8015800   56.06479  7.79%   384   77s
  1805   819   56.48979   21  126   60.80158   56.06479  7.79%   382   81s
  2180   930   60.39267   45  101   60.80158   56.06479  7.79%   374   85s
  2755  1033   56.21502   25  105   60.80158   56.06479  7.79%   353   90s
  3199  1153   56.46024   23  205   60.80158   56.14979  7.65%   353   95s
H 3449  1102                      60.6128400   56.14979  7.36%   343   97s
  3872  1316   58.05989   20   92   60.61284   56.14979  7.36%   338  100s
H 4243  1250                      59.9373800   56.18145  6.27%   340  102s
  4785  1489   57.59294   24   86   59.93738   56.26256  6.13%   331  105s
H 5191  1526                      59.7673800   56.31979  5.77%   325  107s
H 5227  1600                      59.7622000   56.31979  5.76%   326  109s
  5392  1686   59.00067   32   80   59.76220   56.31979  5.76%   327  111s
  5785  1824   58.83979   40   62   59.76220   56.31979  5.76%   337  115s
  6465  2001   57.47546   21  129   59.76220   56.31979  5.76%   342  120s
  7264  2322 infeasible   26        59.76220   56.48979  5.48%   343  125s
  7963  2478   57.69544   30  155   59.76220   56.48979  5.48%   340  130s
  8567  2784   57.82979   24   75   59.76220   56.48979  5.48%   338  135s
  9267  2969     cutoff   23        59.76220   56.48979  5.48%   336  140s
  9911  3236   58.50683   26   93   59.76220   56.48979  5.48%   339  145s
H10670  3236                      59.3716000   56.48979  4.85%   338  148s
 10791  3407   58.77156   31   90   59.37160   56.48979  4.85%   338  151s
 11576  3619   57.53229   27  135   59.37160   56.48979  4.85%   340  156s
 11923  3726     cutoff   18        59.37160   56.48979  4.85%   342  160s
 12695  3952   57.38817   25  359   59.37160   56.51265  4.82%   345  166s
 13219  3994   58.28680   24  207   59.37160   56.56974  4.72%   343  170s
 14319  4114   57.59114   21  115   59.37160   56.85524  4.24%   343  177s
 14614  4205   57.55866   29  344   59.37160   56.91479  4.14%   349  182s
 15128  4372   56.91479   17  180   59.37160   56.91479  4.14%   351  188s
 15692  4519   59.23426   25  114   59.37160   56.91479  4.14%   356  194s
 16010  4519   57.35757   28  137   59.37160   56.91479  4.14%   357  195s
 16475  4618   57.95887   18  131   59.37160   56.91479  4.14%   359  203s
 16760  4782   57.30654   22  178   59.37160   56.91479  4.14%   361  210s
 17691  5232   58.44413   28  142   59.37160   56.96886  4.05%   364  218s
 19340  5572   57.51899   38  148   59.37160   57.16479  3.72%   356  225s
 20635  5821   58.57427   27  118   59.37160   57.27992  3.52%   352  232s
 21824  6093     cutoff   24        59.37160   57.32841  3.44%   350  240s
 23218  6519   58.16979   26   65   59.37160   57.44657  3.24%   346  249s
 24871  6622   57.48979   18  158   59.37160   57.48979  3.17%   337  264s
 25237  7101   59.28999   45   85   59.37160   57.48979  3.17%   335  276s
 27560  7362   58.48979   40   95   59.37160   57.48979  3.17%   324  286s
 29124  7620   58.74479   34   64   59.37160   57.48979  3.17%   318  295s
 30569  7971   59.16979   37  104   59.37160   57.48979  3.17%   315  303s
 31922  8269   58.74479   38   66   59.37160   57.48979  3.17%   310  310s
 33199  8549   57.52303   19  177   59.37160   57.48979  3.17%   306  317s
 34342  8698   57.60312   24  167   59.37160   57.48979  3.17%   303  322s
 35050  8859   58.53063   26  112   59.37160   57.50204  3.15%   302  327s
 35745  9036 infeasible   31        59.37160   57.51151  3.13%   302  332s
 36606  9233     cutoff   31        59.37160   57.52224  3.11%   301  337s
 37513  9360   57.63048   29  142   59.37160   57.53318  3.10%   299  343s
 38375  9477     cutoff   22        59.37160   57.55306  3.06%   299  348s
 39255  9552 infeasible   23        59.37160   57.57479  3.03%   298  353s
 39950  9642 infeasible   40        59.37160   57.58856  3.00%   297  358s
 40640  9723   59.13742   31   98   59.37160   57.60090  2.98%   298  363s
 41479  9820   58.59884   40   95   59.37160   57.61479  2.96%   297  368s
 42219  9958   58.62304   23   89   59.37160   57.64403  2.91%   297  374s
 43220 10160   58.71336   36   79   59.37160   57.65979  2.88%   296  381s
 44265 10370   58.91479   35   78   59.37160   57.65979  2.88%   294  388s
 45532 10518   59.05652   38   59   59.37160   57.65979  2.88%   292  394s
 46408 10681     cutoff   23        59.37160   57.65979  2.88%   291  399s
 47186 10681 infeasible   36        59.37160   57.69856  2.82%   290  400s
 48152 10900   58.74479   36   88   59.37160   57.73173  2.76%   290  411s
 49259 11091   58.74479   34   62   59.37160   57.74479  2.74%   288  419s
 50580 11246 infeasible   26        59.37160   57.74479  2.74%   286  427s
 51917 11408   58.74479   35   80   59.37160   57.74479  2.74%   285  434s
 52966 11481 infeasible   26        59.37160   57.74479  2.74%   285  440s
 53946 11588   58.74479   35   68   59.37160   57.74479  2.74%   285  446s
 54870 11726   58.74479   38   74   59.37160   57.74479  2.74%   284  452s
 55654 11816     cutoff   33        59.37160   57.74479  2.74%   284  457s
 56431 11879   58.61215   26  111   59.37160   57.77445  2.69%   284  464s
 57248 12042   59.28988   38   57   59.37160   57.80048  2.65%   284  472s
 58293 12023   58.51436   32  102   59.37160   57.82979  2.60%   283  481s
 59342 12130   58.99979   32   69   59.37160   57.82979  2.60%   284  491s
 60552 12238 infeasible   25        59.37160   57.82979  2.60%   284  502s
 61906 12412 infeasible   32        59.37160   57.82979  2.60%   284  514s
 63276 12620     cutoff   26        59.37160   57.82979  2.60%   285  529s
 64737 12735   59.16579   32  122   59.37160   57.82979  2.60%   285  540s
 65879 12813   58.25479   26  116   59.37160   57.82979  2.60%   285  550s
 67020 12921   58.13555   35  207   59.37160   57.82979  2.60%   286  560s
 68016 13003     cutoff   27        59.37160   57.82979  2.60%   287  569s
 68929 13110     cutoff   26        59.37160   57.82979  2.60%   288  577s
 69801 13227   59.28395   46  122   59.37160   57.82979  2.60%   288  586s
 70703 13220   58.84328   40   99   59.37160   57.82979  2.60%   289  593s
 71437 13280   59.36625   37  152   59.37160   57.83723  2.58%   290  602s
 72502 13268     cutoff   38        59.37160   57.86567  2.54%   290  610s
 73479 13376   58.50979   22   84   59.37160   57.89880  2.48%   290  619s
 74672 13593   59.09157   48   89   59.37160   57.91479  2.45%   289  626s
 75639 13747   59.18979   36   84   59.37160   57.91479  2.45%   289  633s
 76343 13893   58.79944   24  135   59.37160   57.91479  2.45%   289  641s
 77322 14097   58.93479   24  117   59.37160   57.93359  2.42%   288  649s
 78288 14154   59.18979   26   76   59.37160   57.94488  2.40%   288  657s
 79073 14262   59.08479   28   62   59.37160   57.96144  2.38%   288  665s
 79977 14370   58.09016   30  120   59.37160   57.98009  2.34%   288  674s
 80988 14466   58.25479   25  126   59.37160   57.99732  2.31%   288  681s
 81876 14530   58.74479   34   74   59.37160   58.01586  2.28%   288  689s
 82687 14662   58.25479   29  102   59.37160   58.03785  2.25%   288  696s
 83519 14647   59.09325   24  156   59.37160   58.06050  2.21%   287  704s
 84376 14646   59.24653   41   86   59.37160   58.07812  2.18%   287  712s
 85361 14682   59.16945   35   78   59.37160   58.08479  2.17%   287  722s
 86615 14667   58.64500   28  135   59.37160   58.08479  2.17%   288  730s
 87264 14678     cutoff   30        59.37160   58.08479  2.17%   288  741s
 88536 14718   59.08479   38   65   59.37160   58.08479  2.17%   289  752s
 89681 14749     cutoff   30        59.37160   58.08479  2.17%   289  761s
 90555 14867   59.08479   27   81   59.37160   58.08479  2.17%   289  773s
 91947 14832   59.28312   38   67   59.37160   58.08479  2.17%   288  780s
 92676 14914     cutoff   38        59.37160   58.09924  2.14%   288  788s
 93310 14937   59.18598   41  164   59.37160   58.12377  2.10%   289  796s
 94093 14935   59.10252   28   72   59.37160   58.14951  2.06%   289  803s
 94895 15029     cutoff   28        59.37160   58.16979  2.02%   289  813s
 95913 15096   59.16979   37   90   59.37160   58.16979  2.02%   290  825s
 97129 15223   59.16979   38   38   59.37160   58.16979  2.02%   291  838s
 98317 15359   58.16979   30   89   59.37160   58.16979  2.02%   291  852s
 99597 15493 infeasible   39        59.37160   58.16979  2.02%   292  866s
 100819 15654   58.16979   22  105   59.37160   58.16979  2.02%   292  880s
 102053 15828   58.26861   30   95   59.37160   58.16979  2.02%   292  894s
 103388 15900     cutoff   29        59.37160   58.16979  2.02%   292  906s
 104523 16166   58.16979   35  103   59.37160   58.16979  2.02%   292  922s
 106133 16280     cutoff   44        59.37160   58.16979  2.02%   290  931s
 107005 16356     cutoff   30        59.37160   58.16979  2.02%   289  938s
 107683 16426   59.10252   23   61   59.37160   58.16979  2.02%   289  946s
 108346 16454     cutoff   38        59.37160   58.16979  2.02%   289  953s
 108993 16448 infeasible   45        59.37160   58.18574  2.00%   289  959s
 109525 16440 infeasible   30        59.37160   58.20327  1.97%   289  966s
 110246 16513     cutoff   25        59.37160   58.21263  1.95%   289  975s
 111095 16528   59.21979   35   58   59.37160   58.21979  1.94%   289  983s
 111203 16537     cutoff   35        59.37160   58.21979  1.94%   289  991s
 111871 16501   58.93479   29  121   59.37160   58.21979  1.94%   289  998s
 112498 16478   59.08479   31   72   59.37160   58.24063  1.90%   290 1006s
 113183 16510   59.27077   31   78   59.37160   58.25479  1.88%   290 1017s
 114159 16504   58.29646   33  167   59.37160   58.25479  1.88%   290 1030s
 115250 16501     cutoff   37        59.37160   58.25479  1.88%   291 1042s
 116263 16534   58.25479   30  152   59.37160   58.25479  1.88%   291 1054s
 117375 16566 infeasible   27        59.37160   58.25479  1.88%   292 1066s
 118395 16573   58.84312   32   59   59.37160   58.25479  1.88%   293 1077s
 119536 16590   58.28557   30  100   59.37160   58.25479  1.88%   293 1089s
 120433 16581   59.17979   34  101   59.37160   58.25479  1.88%   293 1106s
 121986 16621   58.84539   30  309   59.37160   58.25479  1.88%   294 1122s
 123446 16609 infeasible   35        59.37160   58.25479  1.88%   294 1141s
 125074 16614   58.46035   32   68   59.37160   58.25479  1.88%   293 1153s
 126057 16593     cutoff   29        59.37160   58.25479  1.88%   294 1165s
 127100 16496   59.21752   31  138   59.37160   58.25479  1.88%   294 1175s
 127933 16405     cutoff   28        59.37160   58.27437  1.85%   295 1185s
 128916 16335   59.16979   36   84   59.37160   58.30726  1.79%   295 1196s
 129912 16287   59.23410   38  297   59.37160   58.33733  1.74%   295 1209s
 131124 16243   59.34309   36   64   59.37160   58.33979  1.74%   296 1225s
 132579 16226   59.33979   30   66   59.37160   58.33979  1.74%   296 1239s
 133714 16172   59.31304   36   61   59.37160   58.33979  1.74%   296 1251s
 134649 16055 infeasible   38        59.37160   58.34505  1.73%   297 1260s
 135336 15916   59.04269   28  126   59.37160   58.38525  1.66%   297 1271s
 136569 15766 infeasible   39        59.37160   58.41979  1.60%   297 1279s
 137442 15792   58.65979   34  131   59.37160   58.46404  1.53%   297 1291s
 138722 15911     cutoff   44        59.37160   58.48979  1.49%   296 1303s
 139900 15921   58.74479   37  108   59.37160   58.48979  1.49%   295 1311s
 140797 15778   58.71149   28  110   59.37160   58.50180  1.47%   295 1317s
 141180 15633     cutoff   41        59.37160   58.50979  1.45%   296 1331s
 141452 15420 infeasible   38        59.37160   58.50979  1.45%   296 1338s
 141880 15196   59.18509   36  327   59.37160   58.50979  1.45%   298 1348s
 142428 14991   59.27186   31  321   59.37160   58.50979  1.45%   299 1361s
 143170 14843     cutoff   28        59.37160   58.50979  1.45%   301 1375s
 144074 14845   58.50979   30  105   59.37160   58.50979  1.45%   303 1390s
 145186 14783   58.68479   35   81   59.37160   58.50979  1.45%   303 1407s
 146430 14776   58.74991   35  123   59.37160   58.50979  1.45%   304 1422s
 147758 14744     cutoff   35        59.37160   58.50979  1.45%   304 1435s
 148832 14612   58.84526   34  137   59.37160   58.50979  1.45%   304 1446s
 149825 14416     cutoff   43        59.37160   58.59479  1.31%   304 1466s
 151489 14263   58.96579   30  131   59.37160   58.59479  1.31%   304 1479s
 151834 14263     cutoff   32        59.37160   58.59479  1.31%   304 1480s
 152771 14124   59.08479   28   66   59.37160   58.65224  1.21%   304 1495s
 154227 13956   58.67979   28  143   59.37160   58.67979  1.17%   303 1512s
 155506 13797   58.94024   35  147   59.37160   58.67979  1.17%   304 1526s
 156778 13714   58.74479   43   88   59.37160   58.70839  1.12%   303 1543s
 158239 13685   59.25479   44   44   59.37160   58.74479  1.06%   303 1570s
 160773 13899 infeasible   49        59.37160   58.74479  1.06%   301 1599s
 163665 13888     cutoff   39        59.37160   58.74479  1.06%   298 1616s
 165199 13975   58.91479   41   67   59.37160   58.74479  1.06%   297 1633s
 167027 14048   59.08479   41   59   59.37160   58.74479  1.06%   296 1648s
 168452 14118   59.08479   43   98   59.37160   58.74479  1.06%   295 1659s
 169417 14192   59.07322   45   47   59.37160   58.74479  1.06%   294 1672s
 170583 14118   58.91479   45   55   59.37160   58.74479  1.06%   293 1680s
 171392 14062     cutoff   38        59.37160   58.75582  1.04%   293 1687s
 171870 14009   58.76479   33  134   59.37160   58.76479  1.02%   293 1695s
 172275 13939   59.09812   38  112   59.37160   58.76479  1.02%   293 1704s
 172908 13889   58.96479   43   90   59.37160   58.76479  1.02%   294 1715s
 173712 13815 infeasible   45        59.37160   58.76479  1.02%   294 1724s
 174393 13690 infeasible   30        59.37160   58.76479  1.02%   294 1735s
 175031 13634     cutoff   28        59.37160   58.76479  1.02%   295 1747s
 175953 13581   58.76479   47   44   59.37160   58.76479  1.02%   295 1759s
 176749 13530   58.76479   35  114   59.37160   58.76479  1.02%   295 1774s
 177887 13468   59.23146   27   92   59.37160   58.76479  1.02%   295 1788s
 178785 13437   58.76479   33   72   59.37160   58.76479  1.02%   295 1799s
 179654 13388     cutoff   38        59.37160   58.76479  1.02%   295 1812s
 180408 13253   58.94198   46  133   59.37160   58.76479  1.02%   296 1823s
 181294 13110   58.83909   26  302   59.37160   58.76643  1.02%   296 1835s
 182485 12941   58.96698   28   76   59.37160   58.79552  0.97%   295 1849s
 183857 12921   59.08479   37   80   59.37160   58.82979  0.91%   295 1873s
 186303 12861   59.08479   48   82   59.37160   58.82979  0.91%   293 1893s
 187970 12928   58.82979   35   81   59.37160   58.82979  0.91%   292 1913s
 189971 12853     cutoff   44        59.37160   58.82979  0.91%   291 1927s
 191116 12828   58.82979   29   81   59.37160   58.82979  0.91%   291 1941s
 192142 12662 infeasible   30        59.37160   58.82979  0.91%   290 1951s
 193264 12523   58.91954   37   65   59.37160   58.86872  0.85%   290 1962s
 194485 12808   59.08479   37   62   59.37160   58.90397  0.79%   289 1979s
 196465 12942   58.91479   37   45   59.37160   58.91479  0.77%   287 2004s
 198809 13105   59.25479   37   59   59.37160   58.91479  0.77%   285 2017s
 200279 13169   58.96201   39   62   59.37160   58.91479  0.77%   284 2027s
 201229 13242   58.91479   42   92   59.37160   58.91479  0.77%   283 2037s
 202352 13203     cutoff   39        59.37160   58.91968  0.76%   283 2043s
 202852 13131   58.93479   30  141   59.37160   58.93000  0.74%   283 2048s
 203168 13018 infeasible   30        59.37160   58.93479  0.74%   283 2054s
 203565 12925     cutoff   24        59.37160   58.93479  0.74%   283 2061s
 204030 12831 infeasible   29        59.37160   58.93479  0.74%   283 2073s
 204507 12812   59.25479   35  121   59.37160   58.93479  0.74%   284 2083s
 205141 12731     cutoff   31        59.37160   58.93479  0.74%   284 2092s
 205648 12711   59.10146   28  105   59.37160   58.93479  0.74%   284 2101s
 206195 12740     cutoff   44        59.37160   58.93479  0.74%   284 2111s
 206719 12659     cutoff   36        59.37160   58.93479  0.74%   284 2119s
 207368 12648   59.02035   38  107   59.37160   58.93479  0.74%   284 2129s
 207864 12648   59.08479   47   52   59.37160   58.93479  0.74%   284 2130s
 208125 12583   58.97730   50  126   59.37160   58.93479  0.74%   284 2142s
 208856 12413     cutoff   38        59.37160   58.93809  0.73%   284 2155s
 210060 12461   59.08479   37   67   59.37160   58.97540  0.67%   283 2173s
 211792 12318   59.16979   46   46   59.37160   58.99979  0.63%   282 2189s
 213228 12209   59.13650   42  107   59.37160   59.02021  0.59%   281 2199s
 214262 12076   59.06756   43  106   59.37160   59.04434  0.55%   280 2208s
 215007 11867 infeasible   50        59.37160   59.06756  0.51%   280 2218s
 215879 11609   59.08479   42  105   59.37160   59.08479  0.48%   280 2236s
 217393 11410   59.08479   43   75   59.37160   59.08479  0.48%   279 2252s
 218646 11193   59.31167   33   61   59.37160   59.08479  0.48%   279 2270s
 220109 10957     cutoff   61        59.37160   59.08479  0.48%   278 2288s
 221377 10770   59.24500   52   54   59.37160   59.08479  0.48%   277 2305s
 222681 10592   59.17570   43  133   59.37160   59.08479  0.48%   277 2324s
 224235 10439     cutoff   40        59.37160   59.08479  0.48%   276 2342s
 225572 10248     cutoff   54        59.37160   59.08479  0.48%   276 2359s
 226780 10248   59.27230   32   91   59.37160   59.08479  0.48%   275 2360s
 226979 10022   59.27972   47   62   59.37160   59.08479  0.48%   275 2378s
 228232  9835   59.08479   44   99   59.37160   59.08479  0.48%   275 2398s
 229776  9638 infeasible   45        59.37160   59.08479  0.48%   274 2417s
 231168  9463     cutoff   36        59.37160   59.08479  0.48%   274 2435s
 232523  9279     cutoff   31        59.37160   59.08479  0.48%   273 2455s
 234064  9169 infeasible   41        59.37160   59.08479  0.48%   272 2476s
 235601  9014     cutoff   27        59.37160   59.08479  0.48%   272 2493s
 236980  8905 infeasible   39        59.37160   59.08479  0.48%   271 2509s
 238097  8606   59.08479   44   97   59.37160   59.08479  0.48%   271 2525s
 239253  8473     cutoff   44        59.37160   59.09571  0.46%   270 2535s
 239849  8244 infeasible   28        59.37160   59.10479  0.45%   270 2547s
 240628  8022     cutoff   39        59.37160   59.10479  0.45%   270 2559s
 241410  7704     cutoff   30        59.37160   59.10479  0.45%   270 2571s
 242281  7464   59.16979   43   63   59.37160   59.13650  0.40%   270 2588s
 243359  7215   59.22228   54  117   59.37160   59.16979  0.34%   269 2613s
 245048  6995   59.16979   37  122   59.37160   59.16979  0.34%   269 2632s
 246077  6745     cutoff   38        59.37160   59.16979  0.34%   269 2652s
 247425  6474   59.16979   40   68   59.37160   59.16979  0.34%   269 2672s
 248455  6296   59.25479   34  143   59.37160   59.16979  0.34%   269 2691s
 249558  6039   59.20726   34   95   59.37160   59.16979  0.34%   269 2712s
 250875  5821     cutoff   45        59.37160   59.16979  0.34%   269 2729s
 251735  5519   59.18488   51  100   59.37160   59.16979  0.34%   269 2743s
 252628  5282     cutoff   38        59.37160   59.18979  0.31%   268 2754s
 253357  5146     cutoff   31        59.37160   59.18979  0.31%   269 2768s
 254134  5051 infeasible   38        59.37160   59.18979  0.31%   269 2786s
 254829  5047   59.18979   54   27   59.37160   59.18979  0.31%   270 2805s
 255954  4966 infeasible   44        59.37160   59.18979  0.31%   270 2821s
 256736  4866   59.18979   37   81   59.37160   59.18979  0.31%   270 2839s
 257558  4817     cutoff   23        59.37160   59.18979  0.31%   270 2857s
 258395  4653   59.21980   48   75   59.37160   59.18979  0.31%   270 2876s
 259342  4374     cutoff   37        59.37160   59.18979  0.31%   270 2892s
 260474  3995 infeasible   47        59.37160   59.18979  0.31%   270 2914s
 261786  3711     cutoff   41        59.37160   59.21979  0.26%   269 2945s
 263506  3385   59.28258   51   60   59.37160   59.25479  0.20%   269 2994s
 264929  3385     cutoff   45        59.37160   59.25479  0.20%   268 2995s
 267170  3126 infeasible   51        59.37160   59.25479  0.20%   267 3021s
 268423  2672   59.26623   38  122   59.37160   59.25479  0.20%   266 3041s
 269547  2651   59.31518   54   68   59.37160   59.26330  0.18%   266 3071s
 271782  2759   59.33042   52   19   59.37160   59.33042  0.07%   264 3158s
 277929  2728 infeasible   51        59.37160   59.33042  0.07%   259 3205s
 281063  2883   59.33042   55   14   59.37160   59.33042  0.07%   257 3249s
 284537  2904 infeasible   69        59.37160   59.33042  0.07%   254 3278s
 286858  2915   59.33042   48   16   59.37160   59.33042  0.07%   252 3306s
 289003  2853 infeasible   59        59.37160   59.33042  0.07%   250 3320s
 289873  2876   59.33042   54    8   59.37160   59.33042  0.07%   250 3344s
 291853  2871 infeasible   57        59.37160   59.33042  0.07%   248 3371s
 293883  2818 infeasible   57        59.37160   59.33042  0.07%   247 3384s
 294776  2813 infeasible   53        59.37160   59.33042  0.07%   246 3409s
 295850  2813 infeasible   52        59.37160   59.33042  0.07%   245 3410s
 296816  2793 infeasible   60        59.37160   59.33042  0.07%   245 3501s
 303281  2772 infeasible   54        59.37160   59.33042  0.07%   240 3514s
 304008  2772   59.33042   45   25   59.37160   59.33042  0.07%   240 3527s
 304823  2795 infeasible   49        59.37160   59.33042  0.07%   239 3550s
 306567  2843 infeasible   59        59.37160   59.33042  0.07%   238 3574s
 308436  2838 infeasible   48        59.37160   59.33042  0.07%   237 3595s
 309991  2836 infeasible   59        59.37160   59.33042  0.07%   236 3600s

Cutting planes:
  Learned: 429
  Gomory: 14
  Lift-and-project: 36
  Cover: 11841
  Implied bound: 1447
  Projected implied bound: 21
  Clique: 594
  MIR: 351
  StrongCG: 55
  Flow cover: 1994
  GUB cover: 1
  Inf proof: 287
  Zero half: 83
  Network: 1
  RLT: 256
  Relax-and-lift: 256
  BQP: 4

Explored 310266 nodes (73156952 simplex iterations) in 3600.29 seconds (3983.71 work units)
Thread count was 8 (of 24 available processors)

Solution count 10: 59.3716 59.3716 59.7622 ... 60.9797

Time limit reached
Best objective 5.937160000000e+01, best bound 5.933042000000e+01, gap 0.0694%
