
Gurobi 10.0.0 (win64) logging started Sat Jan 20 23:15:46 2024

Set parameter LogFile to value "C:/Users\Administrator\Documents\BNC_Repo\BNC_Tests\10_MIP_Results\n20m2\Instance_Class4_Parts20_Machines2_Instance4_logfileChe21.txt"
Gurobi Optimizer version 10.0.0 build v10.0.0rc2 (win64)

CPU model: AMD EPYC 7513 32-Core Processor, instruction set [SSE2|AVX|AVX2]
Thread count: 24 physical cores, 24 logical processors, using up to 8 threads

Optimize a model with 14158 rows, 2601 columns and 68736 nonzeros
Model fingerprint: 0xc123205f
Variable types: 921 continuous, 1680 integer (1680 binary)
Coefficient statistics:
  Matrix range     [4e-06, 5e+02]
  Objective range  [1e+00, 1e+00]
  Bounds range     [1e+00, 1e+00]
  RHS range        [1e+00, 7e+02]
Presolve removed 4102 rows and 886 columns
Presolve time: 0.28s
Presolved: 10056 rows, 1715 columns, 65165 nonzeros
Variable types: 80 continuous, 1635 integer (1595 binary)
Found heuristic solution: objective 581.8648000
Root relaxation presolved: 10056 rows, 1715 columns, 65165 nonzeros


Root relaxation: objective 6.554942e+01, 5277 iterations, 0.73 seconds (1.18 work units)

    Nodes    |    Current Node    |     Objective Bounds      |     Work
 Expl Unexpl |  Obj  Depth IntInf | Incumbent    BestBd   Gap | It/Node Time

     0     0   65.54942    0  156  581.86480   65.54942  88.7%     -    1s
H    0     0                     245.9449600   65.55266  73.3%     -    1s
H    0     0                     237.9549600   65.72734  72.4%     -    2s
     0     0   65.72734    0  485  237.95496   65.72734  72.4%     -    2s
     0     0   65.72734    0  432  237.95496   65.72734  72.4%     -    2s
     0     0   65.83830    0  452  237.95496   65.83830  72.3%     -    3s
H    0     0                     117.2877000   65.92655  43.8%     -    4s
     0     0   65.95397    0  210  117.28770   65.95397  43.8%     -    4s
H    0     0                     115.8386200   66.04343  43.0%     -    5s
H    0     0                     103.9351000   66.04343  36.5%     -    5s
H    0     0                      97.4945600   66.04343  32.3%     -    5s
H    0     0                      87.5040800   66.04343  24.5%     -    5s
     0     0   66.04343    0  425   87.50408   66.04343  24.5%     -    5s
     0     0   66.29942    0  233   87.50408   66.29942  24.2%     -    7s
H    0     0                      87.2393400   66.29942  24.0%     -    7s
H    0     0                      85.9259600   66.36483  22.8%     -    7s
     0     0   66.36483    0  261   85.92596   66.36483  22.8%     -    7s
     0     0   66.47321    0  412   85.92596   66.47321  22.6%     -    8s
     0     0   66.47608    0  346   85.92596   66.47608  22.6%     -    8s
H    0     0                      78.9786800   66.47608  15.8%     -   11s
     0     0   66.47608    0  216   78.97868   66.47608  15.8%     -   14s
     0     0   66.47608    0  253   78.97868   66.47608  15.8%     -   14s
     0     0   66.47608    0  387   78.97868   66.47608  15.8%     -   15s
     0     0   66.47608    0  385   78.97868   66.47608  15.8%     -   15s
     0     0   66.47608    0  370   78.97868   66.47608  15.8%     -   15s
     0     0   66.47608    0  377   78.97868   66.47608  15.8%     -   15s
     0     0   66.47608    0  367   78.97868   66.47608  15.8%     -   15s
     0     0   66.47608    0  351   78.97868   66.47608  15.8%     -   15s
     0     0   66.47608    0  335   78.97868   66.47608  15.8%     -   15s
     0     0   66.47608    0  391   78.97868   66.47608  15.8%     -   16s
     0     0   66.47608    0  254   78.97868   66.47608  15.8%     -   16s
     0     0   66.47608    0  365   78.97868   66.47608  15.8%     -   16s
H    0     0                      78.8204200   66.47608  15.7%     -   17s
     0     0   66.47608    0  248   78.82042   66.47608  15.7%     -   17s
     0     0   66.47608    0  287   78.82042   66.47608  15.7%     -   17s
     0     0   66.48331    0  366   78.82042   66.48331  15.7%     -   17s
     0     0   66.68080    0  292   78.82042   66.68080  15.4%     -   18s
     0     0   66.72593    0  347   78.82042   66.72593  15.3%     -   18s
     0     0   66.80878    0  323   78.82042   66.80878  15.2%     -   19s
     0     0   66.85248    0  257   78.82042   66.85248  15.2%     -   19s
     0     0   66.85770    0  249   78.82042   66.85770  15.2%     -   19s
     0     0   66.86194    0  255   78.82042   66.86194  15.2%     -   19s
     0     0   66.88833    0  270   78.82042   66.88833  15.1%     -   19s
     0     0   66.95623    0  271   78.82042   66.95623  15.1%     -   20s
     0     0   66.95623    0  211   78.82042   66.95623  15.1%     -   20s
H    0     0                      77.3943800   66.95623  13.5%     -   22s
     0     2   66.95623    0  193   77.39438   66.95623  13.5%     -   22s
H   32    39                      77.2057000   67.09955  13.1%  1108   24s
H   37    39                      76.8732800   67.09955  12.7%  1053   24s
H   64    72                      76.7548000   67.20870  12.4%   844   25s
H   67    72                      76.6814600   67.20870  12.4%   823   25s
H   68    72                      74.8548000   67.20870  10.2%   825   25s
H   70    72                      74.6016000   67.20870  9.91%   829   25s
H   76    78                      74.5130600   67.20870  9.80%   841   25s
H  106   104                      74.5130592   67.20870  9.80%   700   26s
   119   128   68.80613   12  178   74.51306   67.20870  9.80%   677   30s
   794   574   73.19196   45   38   74.51306   67.54197  9.36%   243   35s
  1250   834   70.13670    7  141   74.51306   67.58903  9.29%   226   40s
  1466   897   71.16115   17  345   74.51306   67.58903  9.29%   228   47s
  1468   898   71.43808   21  181   74.51306   67.58903  9.29%   228   51s
  1478   905   72.18656   18  407   74.51306   67.58903  9.29%   227   55s
  1495   925   67.58903   19  157   74.51306   67.58903  9.29%   253   60s
H 1592   936                      74.4230200   67.58903  9.18%   284   63s
H 1593   893                      74.3548000   67.58903  9.10%   285   63s
H 1628   874                      73.9130600   67.58903  8.56%   285   64s
  1678   893   69.23682   29  116   73.91306   67.58903  8.56%   285   65s
  2435  1077   70.60446   27   90   73.91306   67.58903  8.56%   261   70s
H 2647  1020                      73.7436600   67.67710  8.23%   254   71s
H 2811   985                      73.6902600   67.95977  7.78%   249   72s
  3266  1091   69.18029   27  163   73.69026   68.17309  7.49%   242   75s
H 3817  1250                      73.6568600   68.36569  7.18%   234   77s
H 4017  1362                      73.6485200   68.36569  7.17%   234   78s
  4230  1513   71.09501   40  120   73.64852   68.37593  7.16%   237   80s
  5184  2054   70.08908   35   72   73.64852   68.61031  6.84%   234   85s
  6697  2767   70.08240   25  124   73.64852   68.75594  6.64%   217   90s
* 7633  2957              82      73.1612800   68.84249  5.90%   212   93s
  8024  3272   70.50688   36   51   73.16128   68.84669  5.90%   209   95s
  9459  3860   69.05651   28  115   73.16128   68.93945  5.77%   206  101s
 10222  4305   69.87954   31  230   73.16128   68.94183  5.77%   209  105s
 11312  4857   70.54312   38  116   73.16128   68.94183  5.77%   213  110s
 12364  5303   68.94183   32  109   73.16128   68.94183  5.77%   214  115s
H12384  5229                      73.0884200   68.94183  5.67%   214  115s
 13631  5960   69.50096   30  292   73.08842   68.94183  5.67%   218  121s
 14739  6427   70.58256   34  126   73.08842   68.98177  5.62%   219  126s
*14988  6318              87      73.0286000   68.98467  5.54%   219  126s
 16022  6985   69.92892   40  112   73.02860   69.00383  5.51%   220  132s
 16887  7371   70.91356   29  104   73.02860   69.02778  5.48%   218  135s
 18362  7872   69.83567   33  130   73.02860   69.05091  5.45%   217  141s
H19786  8036                      72.8703400   69.10016  5.17%   217  144s
 19869  8379   70.27814   28  141   72.87034   69.10061  5.17%   217  148s
H20030  7982                      72.6348800   69.10061  4.87%   217  148s
 20690  8164   71.02850   34   76   72.63488   69.10061  4.87%   216  151s
 21355  8513   70.33477   32   94   72.63488   69.10061  4.87%   217  155s
 23342  9256   69.54985   29  135   72.63488   69.17473  4.76%   216  163s
 24387  9591   70.77803   32  112   72.63488   69.20105  4.73%   214  167s
 25359  9836   70.76491   37  157   72.63488   69.23682  4.68%   214  170s
H25985  9814                      72.6202400   69.24027  4.65%   214  170s
H27091  9766                      72.4423000   69.25939  4.39%   215  180s
 27441 10104   71.32148   38   92   72.44230   69.27688  4.37%   214  185s
 28627 10576   70.34504   36   88   72.44230   69.30978  4.32%   213  190s
 29904 11001 infeasible   25        72.44230   69.30978  4.32%   212  196s
 30902 11248   69.31232   35   89   72.44230   69.31085  4.32%   211  200s
 31647 11524     cutoff   42        72.44230   69.31232  4.32%   213  205s
 32429 11728   70.32156   36  131   72.44230   69.31232  4.32%   215  210s
 33133 12157   70.37921   33  146   72.44230   69.31232  4.32%   217  216s
*33906 11751              82      72.3178200   69.31232  4.16%   218  216s
 34402 11954   72.06169   39   89   72.31782   69.33942  4.12%   218  221s
 35265 12262   71.48232   30   57   72.31782   69.36524  4.08%   220  227s
 36227 12596   70.69041   34   68   72.31782   69.36623  4.08%   220  233s
 37353 12905   70.10622   34   95   72.31782   69.40437  4.03%   220  238s
 38236 13202   71.05890   43   68   72.31782   69.41817  4.01%   221  244s
 39374 13700   70.68842   38   47   72.31782   69.41841  4.01%   221  249s
 40575 13700   70.92469   36  142   72.31782   69.44655  3.97%   220  250s
 40780 14042   71.28044   35  106   72.31782   69.44983  3.97%   220  255s
 41889 14377   69.72548   33  133   72.31782   69.48944  3.91%   219  260s
 42991 14608   71.52970   31  229   72.31782   69.52149  3.87%   219  265s
 43627 14865   70.98203   37   91   72.31782   69.53337  3.85%   219  270s
 45144 15310   70.32967   34  125   72.31782   69.57975  3.79%   220  278s
 46125 15788   70.47959   29  112   72.31782   69.61382  3.74%   219  284s
*46953 15147              78      72.1541800   69.61962  3.51%   219  284s
 47205 15418   69.99414   30   90   72.15418   69.62988  3.50%   219  289s
 48061 15739   70.38136   34  106   72.15418   69.63599  3.49%   219  294s
 49014 16052   70.51263   31  111   72.15418   69.65965  3.46%   219  299s
 50125 16415   70.59997   35   81   72.15418   69.68990  3.42%   218  305s
 52035 16843   71.00598   35   70   72.15418   69.73264  3.36%   217  314s
 52909 17071     cutoff   47        72.15418   69.74484  3.34%   217  319s
 53701 17383   71.02312   30   93   72.15418   69.76004  3.32%   217  324s
 54740 17665   70.47390   36   99   72.15418   69.78856  3.28%   216  329s
 55630 17929   71.48168   41   64   72.15418   69.79205  3.27%   216  334s
 56514 18215   70.70284   30  119   72.15418   69.80989  3.25%   215  340s
 57577 18503   71.21140   32  121   72.15418   69.83282  3.22%   215  346s
 58687 18788   70.58256   35   82   72.15418   69.84982  3.19%   214  352s
 59778 19061   70.34085   28   88   72.15418   69.87123  3.16%   214  357s
 60840 19107 infeasible   36        72.15418   69.88737  3.14%   213  364s
 61011 19282   71.92039   31  116   72.15418   69.89318  3.13%   213  369s
 61773 19501   71.48110   35  123   72.15418   69.91007  3.11%   213  375s
 62788 19772   70.63549   41   74   72.15418   69.92730  3.09%   212  382s
 63821 20234   71.30075   31   80   72.15418   69.94490  3.06%   212  389s
 64340 20234   70.66887   31  105   72.15418   69.94490  3.06%   211  390s
 65129 20503   70.08921   37   75   72.15418   69.94490  3.06%   211  396s
 66237 20692 infeasible   46        72.15418   69.94744  3.06%   211  401s
 67198 20919   70.42873   28  132   72.15418   69.94744  3.06%   211  407s
 68053 21162   72.01159   54   51   72.15418   69.94744  3.06%   211  413s
 69053 21431   71.11087   26  115   72.15418   69.96218  3.04%   210  419s
 70040 21783   70.85088   35  113   72.15418   69.97350  3.02%   210  426s
 71098 21969   70.61169   37  103   72.15418   69.98082  3.01%   209  431s
 71947 22262     cutoff   34        72.15418   69.98335  3.01%   210  437s
 72957 22511 infeasible   39        72.15418   69.99349  2.99%   209  442s
 73752 22704 infeasible   40        72.15418   69.99783  2.99%   209  447s
 74304 22989   70.58003   36   43   72.15418   69.99783  2.99%   209  452s
 75042 23199   70.00037   30  108   72.15418   69.99783  2.99%   209  458s
 75952 23577   70.36163   36   83   72.15418   69.99783  2.99%   210  467s
 77319 23811   70.35832   33   62   72.15418   70.00037  2.99%   210  473s
 78259 24012 infeasible   44        72.15418   70.01590  2.96%   210  480s
 79124 24278   71.22879   32   88   72.15418   70.03471  2.94%   210  487s
 80287 24569     cutoff   33        72.15418   70.05034  2.92%   210  496s
 81423 24906   71.27274   36   74   72.15418   70.05329  2.91%   209  505s
 82674 25128 infeasible   35        72.15418   70.05368  2.91%   209  512s
 83589 25317   70.38574   30  191   72.15418   70.06641  2.89%   209  518s
 84484 25558   71.46786   36  101   72.15418   70.07607  2.88%   209  526s
 85440 25734   70.31793   37  107   72.15418   70.08770  2.86%   209  532s
 86301 25966   70.76681   39  105   72.15418   70.09183  2.86%   209  539s
 87245 26261   71.67217   37   94   72.15418   70.09960  2.85%   209  547s
 88450 26424   71.44394   37   63   72.15418   70.10622  2.84%   208  554s
 89262 26532   71.58003   43  118   72.15418   70.10622  2.84%   208  560s
 89930 26834   70.36550   27  157   72.15418   70.10678  2.84%   209  570s
 91464 27058   70.26682   33  111   72.15418   70.11915  2.82%   208  578s
 92665 27304   70.44156   33  129   72.15418   70.13080  2.80%   208  585s
 93620 27504   70.14030   35  155   72.15418   70.13892  2.79%   207  592s
 94605 27704   71.77488   36  103   72.15418   70.14399  2.79%   207  599s
 95312 27888   72.10749   49   28   72.15418   70.15340  2.77%   207  605s
 96160 28065   71.27486   40   93   72.15418   70.15951  2.76%   207  611s
 96991 28340   70.59079   35   92   72.15418   70.16689  2.75%   207  619s
 97901 28586   71.29156   34   54   72.15418   70.17122  2.75%   207  627s
 98918 28832   70.83052   33  107   72.15418   70.17122  2.75%   206  635s
 99898 29044   70.80200   34   93   72.15418   70.18358  2.73%   206  641s
 100825 29130 infeasible   33        72.15418   70.18779  2.73%   206  648s
 101551 29352   71.23143   40   69   72.15418   70.19790  2.71%   206  655s
 102537 29607 infeasible   34        72.15418   70.20331  2.70%   206  662s
 103603 29831   70.49484   44   79   72.15418   70.20929  2.70%   206  669s
 104467 30010   70.47902   38  173   72.15418   70.21207  2.69%   206  676s
 105257 30291     cutoff   32        72.15418   70.21207  2.69%   206  684s
 105535 30291     cutoff   45        72.15418   70.21236  2.69%   206  685s
 106396 30515 infeasible   35        72.15418   70.22042  2.68%   206  692s
 107541 30727   70.65129   36  114   72.15418   70.22858  2.67%   206  700s
 108569 30943   70.92629   34   75   72.15418   70.23255  2.66%   206  707s
 109411 31108   70.94570   33  112   72.15418   70.23949  2.65%   206  713s
 110255 31339   71.62200   36   77   72.15418   70.24671  2.64%   206  721s
 111319 31611 infeasible   34        72.15418   70.25124  2.64%   206  730s
 112537 31856   71.13151   37   94   72.15418   70.25124  2.64%   205  737s
 113465 31998   70.81649   41   74   72.15418   70.26257  2.62%   205  743s
 114201 32108   71.13405   48   29   72.15418   70.26464  2.62%   206  750s
 115044 32272   71.07583   36   92   72.15418   70.26500  2.62%   206  757s
 115980 32546     cutoff   46        72.15418   70.27222  2.61%   206  766s
 117114 32735 infeasible   33        72.15418   70.27707  2.60%   206  773s
 118044 32939   71.30537   31  133   72.15418   70.28405  2.59%   206  781s
 119124 33072   70.63549   34   96   72.15418   70.28671  2.59%   206  788s
 119954 33212   70.98913   27  142   72.15418   70.29538  2.58%   206  794s
 120735 33388   70.44334   30  126   72.15418   70.30051  2.57%   206  802s
 121699 33527   70.65208   34  126   72.15418   70.30642  2.56%   206  811s
 122649 33740   70.32168   30  112   72.15418   70.31330  2.55%   206  820s
 123931 34011   71.31068   40  106   72.15418   70.31539  2.55%   206  832s
 125408 34239 infeasible   35        72.15418   70.31539  2.55%   206  842s
 126468 34460   70.63549   36   76   72.15418   70.31539  2.55%   207  851s
 127444 34603 infeasible   32        72.15418   70.31793  2.54%   207  860s
 128454 34824   70.70025   30  165   72.15418   70.31793  2.54%   207  869s
 129524 35018   70.34675   42  133   72.15418   70.31793  2.54%   208  879s
 130632 35204   71.92524   40   97   72.15418   70.32581  2.53%   208  888s
 131646 35275   70.58003   44   95   72.15418   70.33143  2.53%   208  897s
 132077 35562   70.50192   30   95   72.15418   70.33254  2.52%   207  906s
 133340 35774   71.88695   39   83   72.15418   70.34331  2.51%   207  914s
 134520 36010   71.19007   32  176   72.15418   70.35073  2.50%   207  922s
 135470 36176   70.91770   31  107   72.15418   70.35384  2.50%   207  929s
 136369 36317   71.72005   41   58   72.15418   70.35442  2.49%   207  936s
 137064 36583   71.41737   31  102   72.15418   70.35964  2.49%   207  946s
 138203 36804   71.13425   34  104   72.15418   70.36274  2.48%   207  955s
 139388 37020   71.37159   34   65   72.15418   70.36991  2.47%   207  967s
 140802 37178   71.54146   34  106   72.15418   70.37085  2.47%   207  978s
 142094 37238     cutoff   43        72.15418   70.37085  2.47%   207  988s
 142979 37354   71.85179   31   78   72.15418   70.37085  2.47%   208  998s
 144105 37523   70.62768   34  112   72.15418   70.37085  2.47%   208 1009s
 145284 37659   72.08430   46   86   72.15418   70.37085  2.47%   208 1019s
 146373 37821   70.37415   42  103   72.15418   70.37085  2.47%   208 1030s
 147522 37985   70.37085   35   74   72.15418   70.37085  2.47%   208 1040s
 148581 38065   71.76326   34   87   72.15418   70.37085  2.47%   208 1047s
 149264 38202   71.71998   33  122   72.15418   70.37398  2.47%   209 1055s
 150183 38368   70.90012   34   76   72.15418   70.37969  2.46%   209 1063s
 151113 38523     cutoff   40        72.15418   70.38616  2.45%   208 1072s
 152155 38671   71.39900   38  183   72.15418   70.39050  2.44%   208 1079s
 152946 38842   71.54286   35  105   72.15418   70.39461  2.44%   208 1087s
 153894 38980   70.45503   31  124   72.15418   70.39815  2.43%   208 1095s
 154861 39069   70.63295   34   83   72.15418   70.40341  2.43%   208 1101s
 155349 39269   71.07738   42   59   72.15418   70.40515  2.42%   208 1110s
 156458 39528   70.70427   30  125   72.15418   70.41245  2.41%   208 1119s
 157556 39661   71.17519   39   95   72.15418   70.41696  2.41%   208 1127s
 158508 39764   70.64608   33   96   72.15418   70.42174  2.40%   208 1136s
 159556 39951   71.32354   29   80   72.15418   70.42378  2.40%   208 1145s
 160651 40131   71.81235   36   63   72.15418   70.42751  2.39%   208 1154s
 161778 40298   71.96319   31  101   72.15418   70.43339  2.38%   208 1164s
 162848 40432   70.91106   37  103   72.15418   70.44327  2.37%   208 1172s
 163794 40572   71.18224   29   90   72.15418   70.44556  2.37%   208 1180s
 164627 40717   70.76456   29  129   72.15418   70.45174  2.36%   208 1188s
 165648 40850     cutoff   33        72.15418   70.45715  2.35%   207 1195s
 166446 40953   71.57783   39   82   72.15418   70.46221  2.34%   207 1203s
 167287 41127   71.70060   27   96   72.15418   70.46707  2.34%   207 1211s
 168411 41159   71.99447   30   89   72.15418   70.47548  2.33%   207 1219s
 169342 41402   71.36379   36   83   72.15418   70.48000  2.32%   207 1228s
 170413 41552   72.12096   35   75   72.15418   70.48291  2.32%   207 1236s
 171332 41739 infeasible   30        72.15418   70.48939  2.31%   207 1245s
 172447 41894 infeasible   38        72.15418   70.49444  2.30%   207 1254s
 173501 42082   71.97615   36  100   72.15418   70.50033  2.29%   207 1263s
 174571 42211   71.54868   32   94   72.15418   70.50549  2.28%   207 1271s
 175541 42348 infeasible   42        72.15418   70.51352  2.27%   207 1278s
 176338 42464   70.66750   38  116   72.15418   70.51757  2.27%   207 1287s
 177387 42883   71.92246   41   56   72.15418   70.52348  2.26%   206 1303s
 179301 43018 infeasible   46        72.15418   70.52710  2.26%   206 1314s
 180470 43366   71.04184   31  122   72.15418   70.52710  2.26%   206 1333s
 182614 43531   71.70087   50   76   72.15418   70.52895  2.25%   205 1351s
 184304 43636   71.82681   37   93   72.15418   70.52964  2.25%   205 1365s
 185654 43809   71.04909   30  105   72.15418   70.52964  2.25%   204 1383s
 187391 43911 infeasible   55        72.15418   70.52964  2.25%   204 1397s
 188747 44022   71.76635   40   64   72.15418   70.52964  2.25%   204 1412s
 190139 44018 infeasible   57        72.15418   70.52964  2.25%   203 1423s
 191062 44201   71.21768   61   61   72.15418   70.52964  2.25%   203 1438s
 192356 44270   71.08056   42   83   72.15418   70.52964  2.25%   203 1451s
 193292 44410 infeasible   59        72.15418   70.52964  2.25%   203 1465s
 194460 44538 infeasible   45        72.15418   70.52964  2.25%   203 1480s
 195813 44624   70.53290   53   59   72.15418   70.52964  2.25%   203 1492s
 196750 44764   71.44653   41   85   72.15418   70.52964  2.25%   203 1506s
 198014 44785     cutoff   65        72.15418   70.52993  2.25%   203 1518s
 198942 45007   71.01774   34  109   72.15418   70.53233  2.25%   203 1528s
 200091 45083   71.55432   33  107   72.15418   70.53816  2.24%   203 1538s
 201140 45140   71.73195   47  117   72.15418   70.54273  2.23%   203 1547s
 202150 45309 infeasible   36        72.15418   70.54868  2.23%   203 1556s
 203219 45409   71.29848   30   86   72.15418   70.55306  2.22%   203 1565s
 204035 45564   71.59699   45   82   72.15418   70.55546  2.22%   203 1575s
 204999 45877   72.06812   54   71   72.15418   70.56096  2.21%   203 1592s
 206663 46026   71.71878   45   33   72.15418   70.56424  2.20%   203 1602s
 207781 46202   70.58003   37  120   72.15418   70.56895  2.20%   203 1612s
 208790 46298 infeasible   65        72.15418   70.57389  2.19%   203 1625s
 209880 46413   71.53524   55   36   72.15418   70.58003  2.18%   203 1637s
 211051 46587     cutoff   33        72.15418   70.58003  2.18%   203 1650s
 212348 46673   70.68850   42  108   72.15418   70.58003  2.18%   203 1666s
 213690 46925   72.06782   44   82   72.15418   70.58003  2.18%   203 1683s
 215467 47143 infeasible   37        72.15418   70.58003  2.18%   203 1698s
 217011 47317   70.58003   33   84   72.15418   70.58003  2.18%   203 1713s
 218226 47592   70.58256   33  138   72.15418   70.58003  2.18%   203 1730s
 219841 47809   71.64017   35   96   72.15418   70.58003  2.18%   202 1746s
 221334 48020   71.56252   45   79   72.15418   70.58003  2.18%   202 1761s
 222675 48217   70.60852   28  127   72.15418   70.58003  2.18%   202 1777s
 223984 48327   71.53826   35   93   72.15418   70.58003  2.18%   202 1790s
 225210 48551   70.59070   46   58   72.15418   70.58256  2.18%   202 1804s
 226383 48733 infeasible   34        72.15418   70.58256  2.18%   202 1817s
 227384 48861   70.58256   31   74   72.15418   70.58256  2.18%   203 1832s
 228388 49028   71.35176   50  100   72.15418   70.58256  2.18%   203 1849s
 229615 49177   70.90523   50   67   72.15418   70.58256  2.18%   203 1863s
 230778 49282   71.08468   39   94   72.15418   70.58256  2.18%   204 1881s
 232181 49432   71.58817   39  100   72.15418   70.58256  2.18%   204 1898s
 233346 49639     cutoff   45        72.15418   70.58256  2.18%   204 1917s
 234817 49788   71.62868   43   89   72.15418   70.58256  2.18%   204 1935s
 236182 49877   70.58256   35  125   72.15418   70.58256  2.18%   205 1955s
 237328 50046     cutoff   47        72.15418   70.58256  2.18%   205 1975s
 238890 50171   70.58256   33   78   72.15418   70.58256  2.18%   206 1991s
 240109 50295     cutoff   40        72.15418   70.58256  2.18%   206 2004s
 240955 50501     cutoff   52        72.15418   70.58256  2.18%   206 2020s
 242177 50695   70.74074   53   95   72.15418   70.58256  2.18%   207 2037s
 243213 50805   70.64950   63   60   72.15418   70.58256  2.18%   207 2061s
 244468 50918   70.81910   39  133   72.15418   70.58256  2.18%   207 2083s
 246111 51151   70.66581   44  148   72.15418   70.58256  2.18%   208 2102s
H246298 51151                      72.1541799   70.58256  2.18%   208 2102s
 247590 51322   71.58478   43  104   72.15418   70.58256  2.18%   208 2123s
 248909 51479   71.81860   49   79   72.15418   70.58256  2.18%   208 2141s
 250237 51612   71.65007   37  112   72.15418   70.58256  2.18%   208 2159s
 251564 51668   71.91779   47   81   72.15418   70.58256  2.18%   209 2174s
 252595 51668   71.54886   45   69   72.15418   70.58256  2.18%   209 2175s
 252691 51748     cutoff   42        72.15418   70.58490  2.17%   209 2193s
 253821 51955   71.69422   32   77   72.15418   70.58890  2.17%   209 2212s
 255432 52012     cutoff   60        72.15418   70.59197  2.17%   209 2221s
 256327 52030   71.58012   33   90   72.15418   70.59404  2.16%   209 2232s
 257186 52158   71.64785   35  110   72.15418   70.59857  2.16%   209 2244s
 257936 52158   71.31692   34  148   72.15418   70.59909  2.16%   209 2245s
 258326 52250   71.75263   38   93   72.15418   70.60180  2.15%   209 2256s
 259261 52331   71.16851   35   69   72.15418   70.60542  2.15%   209 2265s
 260176 52336     cutoff   36        72.15418   70.60945  2.14%   209 2276s
 260466 52395   71.87249   58   72   72.15418   70.61135  2.14%   209 2287s
 261411 52462 infeasible   36        72.15418   70.61672  2.13%   209 2298s
 262369 52560   70.78685   36   77   72.15418   70.62267  2.12%   209 2310s
 263437 52698   70.80450   32   99   72.15418   70.62766  2.12%   209 2324s
 264578 52837     cutoff   44        72.15418   70.63020  2.11%   209 2340s
 265999 52931   72.01178   40   46   72.15418   70.63520  2.11%   209 2358s
*266624 52882              78      72.1479200   70.63549  2.10%   209 2358s
H267453 52606                      72.1275200   70.63549  2.07%   209 2378s
 268893 52649   71.64925   38   90   72.12752   70.63549  2.07%   209 2395s
 270170 52674     cutoff   40        72.12752   70.63549  2.07%   210 2407s
 270810 52833   71.68784   40  104   72.12752   70.63549  2.07%   210 2427s
 272431 52908   72.05710   54   18   72.12752   70.63549  2.07%   210 2444s
 273494 52938   71.05080   45   86   72.12752   70.63795  2.07%   210 2458s
 274658 53113     cutoff   40        72.12752   70.64282  2.06%   210 2476s
 276070 53518   72.02872   34   49   72.12752   70.64840  2.05%   210 2502s
 278109 53523   71.03202   36   99   72.12752   70.65137  2.05%   210 2521s
 279428 53550     cutoff   56        72.12752   70.65547  2.04%   210 2539s
 280774 53640   71.34057   28   86   72.12752   70.66087  2.03%   209 2561s
 282142 53711   71.35557   45  107   72.12752   70.66162  2.03%   209 2574s
 283162 53847   71.58834   34   60   72.12752   70.66725  2.02%   209 2588s
 284283 53899   71.37501   49   67   72.12752   70.67071  2.02%   209 2599s
 285246 53948     cutoff   34        72.12752   70.67501  2.01%   209 2608s
 285963 53957   71.90465   55   98   72.12752   70.67833  2.01%   209 2620s
 287026 53997   70.72969   51   99   72.12752   70.68200  2.00%   209 2633s
 288058 54051 infeasible   41        72.12752   70.68588  2.00%   209 2655s
 289664 54105   70.97503   41   97   72.12752   70.68842  2.00%   209 2678s
 291231 54141   71.03634   38  124   72.12752   70.68842  2.00%   209 2697s
 292550 54239   71.69761   44   77   72.12752   70.68842  2.00%   210 2717s
 293909 54298   71.27061   41   82   72.12752   70.68842  2.00%   210 2733s
 294965 54392 infeasible   43        72.12752   70.68842  2.00%   210 2753s
 296399 54527   71.37646   31  107   72.12752   70.68842  2.00%   210 2773s
 297605 54675 infeasible   34        72.12752   70.68842  2.00%   210 2793s
 299048 54779   70.68842   32   76   72.12752   70.68842  2.00%   210 2813s
 300217 54866   70.68842   43   75   72.12752   70.68842  2.00%   210 2827s
 301092 54963   71.87748   36   61   72.12752   70.68842  2.00%   211 2848s
 302417 55051   71.44783   49   79   72.12752   70.68842  2.00%   211 2868s
 303664 55152   70.76447   37  117   72.12752   70.68842  2.00%   211 2891s
 305170 55301   71.46970   42   97   72.12752   70.68842  2.00%   211 2913s
 306594 55379   71.67003   39   88   72.12752   70.68842  2.00%   211 2932s
 307840 55485   71.83454   33   93   72.12752   70.68982  1.99%   211 2948s
 309062 55574   72.11007   52   57   72.12752   70.69392  1.99%   211 2967s
 310489 55576   71.43125   49   84   72.12752   70.69766  1.98%   211 2984s
 311660 55654   71.25003   32  112   72.12752   70.70281  1.98%   212 3002s
 313061 55663   71.37731   33  116   72.12752   70.70693  1.97%   211 3017s
 313935 55746   71.53311   43   81   72.12752   70.70997  1.97%   212 3031s
 315173 55825   70.82077   36  204   72.12752   70.71698  1.96%   211 3040s
 315768 55863   71.40176   40  113   72.12752   70.72029  1.95%   211 3056s
 317130 55828   71.34178   38   80   72.12752   70.72736  1.94%   212 3078s
 318952 55821   72.10633   38   81   72.12752   70.73139  1.94%   211 3097s
 320460 55891     cutoff   41        72.12752   70.73208  1.93%   211 3109s
 321388 55902   71.75439   32  107   72.12752   70.73694  1.93%   211 3122s
 322443 55865   71.05880   45   83   72.12752   70.74071  1.92%   211 3138s
 323269 55903     cutoff   53        72.12752   70.74134  1.92%   212 3153s
 324248 55909   71.18744   37  124   72.12752   70.74134  1.92%   212 3168s
 325258 55916 infeasible   37        72.12752   70.74134  1.92%   212 3186s
 326237 55937   71.54073   38  121   72.12752   70.74134  1.92%   212 3201s
 327145 55983   70.90012   38   92   72.12752   70.74134  1.92%   212 3218s
 328178 56042   71.88949   40   65   72.12752   70.74134  1.92%   212 3233s
 329234 56090   71.22511   32  111   72.12752   70.74134  1.92%   213 3245s
 330230 56106   71.88010   44   34   72.12752   70.74822  1.91%   213 3256s
 330934 56114   70.91525   33   90   72.12752   70.75051  1.91%   213 3269s
 331731 56146   71.43690   40   95   72.12752   70.75432  1.90%   213 3287s
 332980 56209   71.76977   39  114   72.12752   70.75722  1.90%   213 3306s
 334527 56243   71.63570   32   78   72.12752   70.75975  1.90%   212 3319s
 335457 56302   71.53261   39  161   72.12752   70.76450  1.89%   213 3332s
 336498 56244   71.60878   51   55   72.12752   70.76717  1.89%   213 3342s
 337302 56245     cutoff   37        72.12752   70.77140  1.88%   213 3353s
 338204 56258   71.67441   35   87   72.12752   70.77686  1.87%   213 3365s
 339277 56310     cutoff   35        72.12752   70.78372  1.86%   213 3381s
 340416 56273     cutoff   33        72.12752   70.78859  1.86%   213 3396s
 341670 56332   72.11744   43   49   72.12752   70.79427  1.85%   213 3412s
 342793 56317   71.07550   34  142   72.12752   70.79427  1.85%   213 3425s
 343717 56297   70.79430   43   84   72.12752   70.79427  1.85%   213 3439s
 344859 56473   71.21826   28  123   72.12752   70.79862  1.84%   213 3460s
 346315 56429   71.82433   43   68   72.12752   70.80236  1.84%   213 3467s
 346837 56519     cutoff   49        72.12752   70.80512  1.83%   213 3485s
 348257 56641   70.82010   43  135   72.12752   70.81237  1.82%   213 3501s
 349369 56652   71.13659   38   73   72.12752   70.81667  1.82%   213 3519s
 350444 56651 infeasible   41        72.12752   70.82010  1.81%   214 3535s
 351448 56685   71.79755   39   96   72.12752   70.82010  1.81%   214 3551s
 352565 56684     cutoff   40        72.12752   70.82010  1.81%   214 3567s
 353721 56701   70.87816   30  147   72.12752   70.82236  1.81%   214 3583s
 354472 56702     cutoff   45        72.12752   70.82755  1.80%   214 3597s
 355523 56712   72.09036   38   51   72.12752   70.83204  1.80%   214 3600s

Cutting planes:
  Learned: 347
  Gomory: 19
  Lift-and-project: 3
  Cover: 13576
  Implied bound: 1745
  Projected implied bound: 12
  Clique: 296
  MIR: 257
  StrongCG: 124
  Flow cover: 2025
  GUB cover: 19
  Inf proof: 269
  Zero half: 55
  RLT: 264
  Relax-and-lift: 239
  BQP: 2

Explored 355672 nodes (76281419 simplex iterations) in 3600.19 seconds (4010.30 work units)
Thread count was 8 (of 24 available processors)

Solution count 10: 72.1275 72.1275 72.1479 ... 72.8703

Time limit reached
Best objective 7.212752000000e+01, best bound 7.083473619797e+01, gap 1.7924%
