
Gurobi 10.0.0 (win64) logging started Sat Jan 20 13:56:18 2024

Set parameter LogFile to value "C:/Users\Administrator\Documents\BNC_Repo\BNC_Tests\10_MIP_Results\n20m2\Instance_Class3_Parts20_Machines2_Instance4_logfileChe21.txt"
Gurobi Optimizer version 10.0.0 build v10.0.0rc2 (win64)

CPU model: AMD EPYC 7513 32-Core Processor, instruction set [SSE2|AVX|AVX2]
Thread count: 24 physical cores, 24 logical processors, using up to 8 threads

Optimize a model with 14158 rows, 2601 columns and 67136 nonzeros
Model fingerprint: 0xbc64744d
Variable types: 921 continuous, 1680 integer (1680 binary)
Coefficient statistics:
  Matrix range     [4e-06, 4e+02]
  Objective range  [1e+00, 1e+00]
  Bounds range     [1e+00, 1e+00]
  RHS range        [1e+00, 7e+02]
Presolve removed 6885 rows and 983 columns
Presolve time: 0.19s
Presolved: 7273 rows, 1618 columns, 41494 nonzeros
Variable types: 80 continuous, 1538 integer (1498 binary)
Found heuristic solution: objective 569.0588800
Found heuristic solution: objective 425.0814000
Root relaxation presolved: 7273 rows, 1618 columns, 41494 nonzeros


Use crossover to convert LP symmetric solution to basic solution...

Root relaxation: objective 1.396022e+02, 1275 iterations, 0.13 seconds (0.13 work units)

    Nodes    |    Current Node    |     Objective Bounds      |     Work
 Expl Unexpl |  Obj  Depth IntInf | Incumbent    BestBd   Gap | It/Node Time

     0     0  139.60216    0  140  425.08140  139.60216  67.2%     -    0s
H    0     0                     421.6831800  139.60216  66.9%     -    0s
H    0     0                     291.4033800  139.60216  52.1%     -    1s
     0     0  140.37317    0  286  291.40338  140.37317  51.8%     -    1s
     0     0  140.37654    0  282  291.40338  140.37654  51.8%     -    1s
     0     0  140.37809    0  374  291.40338  140.37809  51.8%     -    1s
     0     0  140.37822    0  355  291.40338  140.37822  51.8%     -    1s
H    0     0                     285.9433800  140.42227  50.9%     -    2s
     0     0  140.42227    0  458  285.94338  140.42227  50.9%     -    2s
H    0     0                     252.7563000  140.47205  44.4%     -    3s
H    0     0                     247.0076400  140.47205  43.1%     -    3s
H    0     0                     231.3301800  140.47205  39.3%     -    3s
H    0     0                     230.8294600  140.47205  39.1%     -    3s
     0     0  140.47205    0  446  230.82946  140.47205  39.1%     -    3s
     0     0  140.51615    0  427  230.82946  140.51615  39.1%     -    3s
     0     0  140.68103    0  482  230.82946  140.68103  39.1%     -    4s
H    0     0                     229.6747200  140.68103  38.7%     -    4s
     0     0  140.79082    0  472  229.67472  140.79082  38.7%     -    5s
H    0     0                     192.8339200  140.79082  27.0%     -    5s
     0     0  140.79082    0  496  192.83392  140.79082  27.0%     -    5s
     0     0  140.79082    0  462  192.83392  140.79082  27.0%     -    6s
     0     0  140.79082    0  466  192.83392  140.79082  27.0%     -    6s
H    0     0                     191.1738800  140.79082  26.4%     -    7s
H    0     0                     186.8253400  140.79082  24.6%     -    7s
H    0     0                     177.5161800  140.79082  20.7%     -    7s
     0     0  140.79082    0  361  177.51618  140.79082  20.7%     -    7s
H    0     0                     176.5686800  140.79082  20.3%     -    8s
H    0     0                     174.6272400  140.79082  19.4%     -    8s
H    0     0                     172.1184600  140.79082  18.2%     -    8s
H    0     0                     170.5474800  140.79082  17.4%     -    8s
     0     0  140.79082    0  381  170.54748  140.79082  17.4%     -    8s
     0     0  140.79082    0  342  170.54748  140.79082  17.4%     -    9s
H    0     0                     170.0374800  140.79082  17.2%     -    9s
     0     0  140.79082    0  332  170.03748  140.79082  17.2%     -    9s
H    0     0                     168.5045400  140.79082  16.4%     -   10s
H    0     0                     165.6978200  140.79082  15.0%     -   12s
     0     0  140.79082    0  402  165.69782  140.79082  15.0%     -   12s
     0     0  140.79082    0  233  165.69782  140.79082  15.0%     -   12s
H    0     0                     165.6166600  140.79082  15.0%     -   13s
     0     2  140.79082    0  233  165.61666  140.79082  15.0%     -   13s
    23    30  141.70802    5  125  165.61666  140.79082  15.0%  1294   15s
H   34    38                     164.2945200  140.79082  14.3%  1132   15s
H   70    75                     163.2077000  140.79082  13.7%   803   16s
H   72    75                     163.0966600  140.79082  13.7%   806   16s
H   73    75                     162.9860600  140.79082  13.6%   803   16s
H   74    75                     162.8283400  140.79082  13.5%   793   16s
H  103   117                     161.8083400  140.79082  13.0%   660   17s
H  117   117                     161.6383400  140.79082  12.9%   617   17s
H  153   158                     160.9930400  140.79082  12.5%   572   18s
H  153   158                     160.1887800  140.79082  12.1%   572   18s
H  162   158                     159.5426600  140.79082  11.8%   570   18s
H  261   275                     157.8839200  140.79082  10.8%   453   19s
H  352   309                     157.5435000  140.79082  10.6%   401   19s
   382   344  146.46315   25  179  157.54350  140.79082  10.6%   423   20s
H  446   352                     157.3735000  140.79082  10.5%   433   24s
H  463   352                     156.8454800  140.79082  10.2%   434   24s
H  464   352                     156.0126600  140.79082  9.76%   434   24s
   465   383     cutoff   32       156.01266  140.79082  9.76%   435   25s
H  466   383                     155.5399800  140.79082  9.48%   434   25s
  1042   760 infeasible   27       155.53998  140.79082  9.48%   325   30s
  1469   941  147.47669   22  233  155.53998  140.79082  9.48%   314   36s
  1476   946  147.30718   29  211  155.53998  141.72724  8.88%   313   40s
  1482   950  152.51848   31  296  155.53998  141.74127  8.87%   311   45s
H 1483   902                     154.8235000  141.74127  8.45%   311   48s
  1491   917  144.40350   15  226  154.82350  142.05011  8.25%   339   50s
H 1630   927                     154.7288000  144.15501  6.83%   367   53s
  1694   942  151.80377   26  146  154.72880  144.15501  6.83%   369   55s
  1875   959  147.95078   18  228  154.72880  144.15501  6.83%   377   60s
  2219  1069  144.42694   20  130  154.72880  144.15501  6.83%   369   67s
  2385  1101  146.39480   17  271  154.72880  144.15792  6.83%   366   71s
  2822  1162  144.18958   20  215  154.72880  144.18775  6.81%   360   75s
  3270  1361  144.42694   22  142  154.72880  144.29751  6.74%   353   80s
  4353  1892  146.60554   31   94  154.72880  144.41964  6.66%   324   86s
  5399  2444  146.41226   37   69  154.72880  144.42694  6.66%   295   91s
  6300  2814  147.27087   34   99  154.72880  144.42694  6.66%   282   96s
  6825  3151  144.44161   26  236  154.72880  144.42694  6.66%   277  100s
H 7858  3454                     153.9757200  144.53153  6.13%   267  104s
  7867  3654  145.31778   26  156  153.97572  144.53153  6.13%   267  106s
  8413  3865  148.54027   28  142  153.97572  144.53153  6.13%   264  111s
  9136  4256  146.49018   24  160  153.97572  144.60017  6.09%   262  115s
  9992  4643 infeasible   30       153.97572  144.86322  5.92%   257  120s
 11003  5096  153.25399   43   72  153.97572  145.14375  5.74%   254  125s
 12114  5648  148.82863   27  123  153.97572  145.29179  5.64%   249  131s
 13505  6254  148.04138   22  171  153.97572  145.49769  5.51%   244  138s
 14086  6594  148.67598   23   71  153.97572  145.59982  5.44%   243  141s
 15449  7254  146.23703   24  116  153.97572  145.66615  5.40%   240  147s
 16236  7509  150.93524   42   73  153.97572  145.66615  5.40%   238  150s
 17507  7989  149.00585   36  107  153.97572  145.76203  5.33%   237  157s
 17914  8233  152.67597   33  193  153.97572  145.76203  5.33%   237  160s
 19289  8988  152.36291   31   76  153.97572  145.91561  5.23%   237  168s
 20235  9420 infeasible   31       153.97572  145.99806  5.18%   235  173s
 21314  9447  146.80922   23  105  153.97572  146.04365  5.15%   232  183s
H21335  9447                     153.9757181  146.04365  5.15%   232  183s
 21361  9896  147.59743   24  119  153.97572  146.05837  5.14%   232  188s
 22437 10233  150.72678   31  165  153.97572  146.08907  5.12%   231  193s
 23333 10657  153.32186   52   99  153.97572  146.15587  5.08%   230  198s
 24307 11033  153.74014   45  185  153.97572  146.24199  5.02%   229  203s
 25332 11510  148.29107   19  190  153.97572  146.32306  4.97%   227  207s
 26356 11866 infeasible   43       153.97572  146.36949  4.94%   226  212s
 27385 12283 infeasible   34       153.97572  146.41226  4.91%   225  217s
 28395 12756     cutoff   39       153.97572  146.44609  4.89%   224  222s
 29592 13146  152.50779   44  173  153.97572  146.49417  4.86%   221  227s
 30679 13424 infeasible   24       153.97572  146.56105  4.82%   221  231s
 31392 13724  149.25374   28  107  153.97572  146.60486  4.79%   221  235s
 33392 14482  151.82593   35   77  153.97572  146.72929  4.71%   218  242s
 34208 14781  151.17955   45   54  153.97572  146.78162  4.67%   217  246s
 35065 14990 infeasible   41       153.97572  146.84134  4.63%   216  250s
 36639 15514 infeasible   36       153.97572  146.93796  4.57%   216  258s
 37397 15867     cutoff   49       153.97572  146.97784  4.54%   216  262s
 38479 16165 infeasible   38       153.97572  147.03764  4.51%   215  267s
 39468 16483  151.62947   35   51  153.97572  147.10481  4.46%   214  270s
 41238 17017  149.34363   30   69  153.97572  147.20336  4.40%   213  278s
 41922 17349  151.03769   45   61  153.97572  147.23742  4.38%   213  283s
 42862 17676  147.70213   34  199  153.97572  147.27396  4.35%   212  287s
 43683 17954  149.95343   23  142  153.97572  147.31518  4.33%   212  291s
 44607 18312     cutoff   52       153.97572  147.37475  4.29%   212  296s
 45626 18601  148.89910   29   96  153.97572  147.39866  4.27%   212  300s
 47379 19264  153.35625   38   83  153.97572  147.48277  4.22%   211  309s
 48218 19586  148.86738   33  134  153.97572  147.51814  4.19%   211  314s
 49130 19950  148.79409   33  101  153.97572  147.54343  4.18%   211  318s
 50206 20312  149.85194   37   78  153.97572  147.56917  4.16%   211  323s
 51204 20631  151.76341   31  129  153.97572  147.60735  4.14%   210  327s
 52132 20993  152.51848   41   51  153.97572  147.63470  4.12%   210  332s
 53122 21248  152.17616   38   83  153.97572  147.65926  4.10%   210  337s
 53963 21648  150.14671   35   89  153.97572  147.71088  4.07%   210  341s
 54926 21934 infeasible   33       153.97572  147.74735  4.05%   209  346s
 55732 22226     cutoff   39       153.97572  147.75617  4.04%   209  350s
 56518 22521  150.90598   34  111  153.97572  147.76803  4.03%   209  355s
 57388 22834  148.08223   21  134  153.97572  147.80034  4.01%   209  360s
 58084 23076  149.75675   36  136  153.97572  147.81798  4.00%   210  365s
 58754 23284  148.87049   39  133  153.97572  147.84761  3.98%   210  370s
 59403 23544  149.26474   26   76  153.97572  147.87361  3.96%   211  375s
 60162 23913  151.31879   36  108  153.97572  147.88964  3.95%   211  382s
 61136 24290  148.90539   32   89  153.97572  147.91365  3.94%   211  388s
 62091 24624 infeasible   34       153.97572  147.94389  3.92%   210  395s
 63034 24900     cutoff   42       153.97572  147.96248  3.91%   210  401s
 63871 25237  148.09470   35  101  153.97572  147.99359  3.89%   210  407s
 64862 25600     cutoff   53       153.97572  148.02757  3.86%   211  413s
 65741 25998 infeasible   38       153.97572  148.04449  3.85%   211  420s
 66631 26395  150.64663   34  103  153.97572  148.06306  3.84%   211  427s
 67517 26920  151.65373   38   92  153.97572  148.06306  3.84%   211  435s
 68607 27335  149.39744   27  135  153.97572  148.06306  3.84%   212  441s
 69448 27800  149.89269   30  118  153.97572  148.06306  3.84%   212  448s
 70369 28121  149.00373   25   92  153.97572  148.06306  3.84%   213  456s
 71210 28481  148.84061   25  128  153.97572  148.06306  3.84%   213  463s
 72000 28816  153.90230   49   63  153.97572  148.06306  3.84%   214  470s
 72917 29185  150.42296   43   71  153.97572  148.06306  3.84%   215  477s
 73823 29519  149.28542   29  191  153.97572  148.06306  3.84%   215  484s
 74802 29773  149.94773   30   95  153.97572  148.06306  3.84%   216  490s
 75571 30092  152.72687   45   92  153.97572  148.06306  3.84%   216  497s
 76481 30369  150.07454   29  129  153.97572  148.12192  3.80%   216  504s
 77369 30652  150.67414   41   66  153.97572  148.13213  3.80%   216  511s
 78238 30890  153.91584   48   39  153.97572  148.15202  3.78%   216  517s
 78916 31215  150.61870   37   95  153.97572  148.16765  3.77%   217  525s
 79821 31465  150.82436   38  126  153.97572  148.16765  3.77%   218  532s
 80503 31875  150.71517   40  119  153.97572  148.16765  3.77%   219  540s
 81481 32265 infeasible   32       153.97572  148.16765  3.77%   220  549s
 82570 32672  150.80567   37   94  153.97572  148.16765  3.77%   220  558s
 83765 33130  150.04786   39  101  153.97572  148.18586  3.76%   220  568s
 85257 33480  149.53124   33   98  153.97572  148.18981  3.76%   220  576s
 86260 33871  151.82593   36   69  153.97572  148.20128  3.75%   220  584s
 86823 33871  149.80082   32  103  153.97572  148.20313  3.75%   220  585s
 87360 34149  151.80162   47  100  153.97572  148.21446  3.74%   220  592s
 88181 34453     cutoff   39       153.97572  148.23321  3.73%   220  600s
 89254 34620  153.25389   60   43  153.97572  148.24495  3.72%   220  606s
H89638 34620                     153.9757170  148.25558  3.71%   220  606s
 89800 34961  152.63099   35  115  153.97572  148.26289  3.71%   220  616s
 91077 35245  153.24179   44  148  153.97572  148.28330  3.70%   220  624s
 92044 35501  148.57961   22  166  153.97572  148.30508  3.68%   220  632s
 92835 35839  150.34723   30  158  153.97572  148.32067  3.67%   220  639s
 93818 36070  152.11211   39  227  153.97572  148.34140  3.66%   220  646s
 94765 36305  150.79746   33  105  153.97572  148.36053  3.65%   220  652s
 95595 36575  148.50069   35  151  153.97572  148.38163  3.63%   221  659s
 96448 36832  151.12203   41   90  153.97572  148.40147  3.62%   221  667s
 97336 37184     cutoff   53       153.97572  148.42237  3.61%   221  674s
 98295 37434  152.45054   36   65  153.97572  148.44361  3.59%   221  682s
 99294 37664  150.37441   41  113  153.97572  148.46834  3.58%   221  690s
 99995 37965  152.12072   37  134  153.97572  148.47830  3.57%   221  697s
 100963 38247  148.63572   31  149  153.97572  148.49532  3.56%   221  704s
 101863 38500  149.70284   32  103  153.97572  148.51918  3.54%   221  710s
 102664 38838  150.12141   31  148  153.97572  148.54623  3.53%   221  719s
 103692 39146     cutoff   43       153.97572  148.56333  3.52%   221  727s
 104650 39365  149.35298   32  135  153.97572  148.57600  3.51%   221  734s
 105404 39649  149.18694   32   83  153.97572  148.59456  3.49%   221  742s
 106314 39997     cutoff   31       153.97572  148.60844  3.49%   221  750s
 107359 40286  153.19694   25  117  153.97572  148.62143  3.48%   221  758s
 108306 40595  149.18325   32  122  153.97572  148.64621  3.46%   221  765s
 109266 40827  149.22922   30  148  153.97572  148.66006  3.45%   220  772s
 110100 41146  149.82366   39  100  153.97572  148.67827  3.44%   220  780s
 111014 41431  150.69116   40  141  153.97572  148.69155  3.43%   220  788s
 112071 41654  150.77084   37   88  153.97572  148.70394  3.42%   220  795s
 112924 41920  152.79839   41   63  153.97572  148.71599  3.42%   220  804s
 113963 42302  153.19299   36  214  153.97572  148.73101  3.41%   220  813s
 115102 42584 infeasible   34       153.97572  148.73101  3.41%   220  821s
 116033 42944  148.93801   41  139  153.97572  148.76156  3.39%   219  830s
 117107 43262  151.18738   41   63  153.97572  148.77392  3.38%   219  838s
 118100 43627  149.96377   35  117  153.97572  148.78161  3.37%   219  846s
 119135 43926  151.95972   39   90  153.97572  148.79106  3.37%   219  854s
 120161 44214  152.89113   39  229  153.97572  148.80446  3.36%   218  862s
 121024 44480  152.07974   46  289  153.97572  148.81740  3.35%   218  869s
 121867 44811 infeasible   30       153.97572  148.83443  3.34%   218  877s
 122829 45160  151.67747   35   82  153.97572  148.84646  3.33%   218  885s
 123857 45432     cutoff   31       153.97572  148.85472  3.33%   218  892s
 124630 45727  151.12254   45   56  153.97572  148.86021  3.32%   218  900s
 125488 46018     cutoff   36       153.97572  148.87821  3.31%   218  906s
 126310 46329 infeasible   46       153.97572  148.88603  3.31%   218  914s
 127326 46604  149.99879   38  148  153.97572  148.90217  3.30%   218  922s
 128172 46847  153.68916   54   46  153.97572  148.91083  3.29%   218  930s
 129113 47117     cutoff   45       153.97572  148.92555  3.28%   217  937s
 130093 47407  149.92962   32   94  153.97572  148.93841  3.27%   217  944s
 130928 47672  149.23697   36  111  153.97572  148.94743  3.27%   217  952s
 131849 47916  150.18691   28   75  153.97572  148.95828  3.26%   217  960s
 132593 48250  151.93052   42   49  153.97572  148.96811  3.25%   217  969s
 133641 48634  150.54761   44   91  153.97572  148.98226  3.24%   217  979s
 134808 48874     cutoff   36       153.97572  148.99679  3.23%   216  986s
 135572 49168  152.80238   54  177  153.97572  149.00181  3.23%   216  994s
 136451 49437  150.06208   33   93  153.97572  149.00737  3.23%   216 1001s
 137391 49720     cutoff   36       153.97572  149.01829  3.22%   216 1009s
 138246 49955  149.76994   23  139  153.97572  149.02855  3.21%   216 1016s
 138953 50274  153.71622   37  256  153.97572  149.03745  3.21%   216 1025s
 140061 50546  149.67864   38   87  153.97572  149.04396  3.20%   216 1032s
 140925 50836 infeasible   43       153.97572  149.05459  3.20%   216 1041s
 141948 51172  150.23976   40   63  153.97572  149.06457  3.19%   215 1052s
 142819 51462 infeasible   44       153.97572  149.06715  3.19%   215 1060s
 143686 51785 infeasible   41       153.97572  149.07482  3.18%   215 1068s
 144651 52045  151.40334   29  119  153.97572  149.08942  3.17%   215 1076s
 145505 52223     cutoff   31       153.97572  149.09676  3.17%   215 1083s
 146264 52386  149.48968   27  200  153.97572  149.10705  3.16%   215 1090s
 146849 52664  151.41995   33   76  153.97572  149.11095  3.16%   215 1098s
 147741 52956     cutoff   31       153.97572  149.12127  3.15%   215 1107s
 148703 53292  151.28414   38   58  153.97572  149.13576  3.14%   215 1117s
 149681 53612  150.15297   34   84  153.97572  149.14482  3.14%   215 1127s
 150638 53924  149.39814   24   86  153.97572  149.15670  3.13%   215 1136s
 151629 54216  152.24007   40   92  153.97572  149.16417  3.12%   215 1146s
 152615 54491  152.48285   45   68  153.97572  149.17514  3.12%   214 1157s
 153497 54751 infeasible   36       153.97572  149.18249  3.11%   214 1166s
 154263 55058  151.26526   42  180  153.97572  149.18805  3.11%   214 1177s
 155190 55484  149.98617   37  100  153.97572  149.19807  3.10%   214 1187s
 156231 55839  150.25961   47   82  153.97572  149.20729  3.10%   214 1198s
 157382 56132  150.04838   37   83  153.97572  149.21186  3.09%   214 1206s
 158292 56420  152.97241   50   32  153.97572  149.22483  3.09%   214 1216s
 159156 56608  150.70257   40  109  153.97572  149.23540  3.08%   213 1224s
 159944 56949  149.73087   36  132  153.97572  149.24544  3.07%   214 1234s
 160896 57377  150.62398   32  107  153.97572  149.25511  3.07%   213 1246s
 162063 57662  152.47027   43  200  153.97572  149.26435  3.06%   213 1256s
 162989 57916  152.09113   33   67  153.97572  149.26993  3.06%   213 1264s
 163852 58307  151.23783   35  125  153.97572  149.27667  3.05%   213 1275s
 164947 58604  150.28518   44   98  153.97572  149.28509  3.05%   213 1286s
 165724 58938  150.66266   28  106  153.97572  149.29314  3.04%   213 1297s
 166460 59124  151.01421   30  114  153.97572  149.29355  3.04%   212 1305s
 167059 59447 infeasible   42       153.97572  149.29375  3.04%   213 1316s
 168084 59805  151.43591   30  144  153.97572  149.29954  3.04%   213 1328s
 169225 60130  151.85889   32  136  153.97572  149.31045  3.03%   213 1340s
 170393 60571  152.28809   38  119  153.97572  149.31734  3.03%   212 1353s
 171571 60949     cutoff   53       153.97572  149.32741  3.02%   212 1364s
 172277 60949  151.49166   47   47  153.97572  149.32808  3.02%   212 1365s
 172702 61232  152.50018   27   77  153.97572  149.33296  3.02%   212 1375s
 173680 61533  151.04692   43   92  153.97572  149.34268  3.01%   212 1386s
 174874 61900  150.24137   34  106  153.97572  149.35056  3.00%   212 1398s
 175989 62250  151.98334   51   67  153.97572  149.35989  3.00%   212 1410s
 177149 62581 infeasible   36       153.97572  149.36715  2.99%   211 1423s
 178123 62879  150.98919   42   76  153.97572  149.37435  2.99%   211 1432s
 178983 63157  151.31919   36   77  153.97572  149.38072  2.98%   211 1441s
 180025 63469  152.84585   47   40  153.97572  149.38575  2.98%   211 1452s
 181158 63628  152.16714   29  155  153.97572  149.39627  2.97%   211 1458s
 181689 63934  149.75161   34   77  153.97572  149.39841  2.97%   211 1471s
 182797 64250     cutoff   35       153.97572  149.40148  2.97%   211 1481s
 183795 64514  153.12243   48   72  153.97572  149.40849  2.97%   211 1493s
 184883 64819  153.76242   38  204  153.97572  149.41597  2.96%   211 1503s
 185815 65119     cutoff   34       153.97572  149.42415  2.96%   210 1512s
 186698 65414  150.88092   19   76  153.97572  149.42757  2.95%   210 1522s
 187651 65777  150.50944   36  116  153.97572  149.44144  2.94%   210 1532s
 188739 65991  149.80257   31  107  153.97572  149.44685  2.94%   210 1542s
 189494 66199  150.39337   27  145  153.97572  149.45050  2.94%   210 1551s
 190277 66489  150.11021   32  140  153.97572  149.46039  2.93%   210 1560s
 191226 66810  151.66132   32  116  153.97572  149.46711  2.93%   210 1570s
 192165 67237  151.31590   42  128  153.97572  149.47689  2.92%   210 1581s
 193270 67527  150.43746   49  160  153.97572  149.48354  2.92%   210 1591s
 194231 67845  151.36806   30   95  153.97572  149.49155  2.91%   210 1601s
 195247 68185  153.42057   48   68  153.97572  149.49763  2.91%   209 1612s
 196400 68601  149.78520   42   72  153.97572  149.50468  2.90%   209 1625s
 197523 68870  150.32681   36  104  153.97572  149.51010  2.90%   209 1634s
 198394 69040     cutoff   44       153.97572  149.51695  2.90%   209 1644s
 198932 69356  151.93052   32   54  153.97572  149.51903  2.89%   209 1655s
 199931 69672 infeasible   36       153.97572  149.52674  2.89%   209 1666s
 201169 69911  152.93696   48   69  153.97572  149.53329  2.89%   209 1677s
 201966 70267  150.53784   48   56  153.97572  149.53983  2.88%   209 1688s
 203038 70583  153.30304   39   69  153.97572  149.54668  2.88%   208 1699s
 204094 70853  151.98067   43   73  153.97572  149.55367  2.87%   208 1708s
 205103 71238     cutoff   32       153.97572  149.56089  2.87%   208 1719s
 206205 71592  150.22821   39  102  153.97572  149.56672  2.86%   208 1730s
 207215 71941  151.21692   43   55  153.97572  149.57387  2.86%   208 1741s
 208342 72184  151.93052   33   67  153.97572  149.57976  2.85%   208 1750s
 209045 72427  153.87899   24  109  153.97572  149.58592  2.85%   208 1760s
 210076 72722  149.93758   45  112  153.97572  149.59468  2.85%   208 1770s
 211132 73067  151.78060   33  124  153.97572  149.60349  2.84%   208 1780s
 212188 73549  150.24673   39   84  153.97572  149.60949  2.84%   207 1793s
 213382 73889     cutoff   40       153.97572  149.61066  2.83%   207 1804s
 214479 74206  151.24636   41  112  153.97572  149.61066  2.83%   207 1815s
 215459 74518  150.00137   31  155  153.97572  149.61711  2.83%   207 1825s
 216436 74871  151.82593   39   50  153.97572  149.62347  2.83%   207 1837s
 217552 75182  153.42896   44  183  153.97572  149.63001  2.82%   207 1849s
 218794 75491  150.27048   35  154  153.97572  149.63287  2.82%   206 1860s
 219742 75802  151.85439   37   52  153.97572  149.63993  2.82%   206 1871s
 220740 76053  152.01856   46   95  153.97572  149.64475  2.81%   206 1882s
 221710 76240 infeasible   40       153.97572  149.65209  2.81%   206 1891s
 222603 76506  153.37320   39   54  153.97572  149.65612  2.81%   206 1903s
 223709 76813  150.77915   41  103  153.97572  149.66448  2.80%   206 1915s
 224800 77207  153.69749   51  108  153.97572  149.66963  2.80%   206 1929s
 225939 77427  153.16486   42   36  153.97572  149.67473  2.79%   206 1938s
 226622 77695  153.16486   43   32  153.97572  149.67473  2.79%   206 1948s
 227565 78076  150.32120   31   79  153.97572  149.68299  2.79%   205 1961s
 228769 78306  151.38284   48   52  153.97572  149.68995  2.78%   205 1971s
 229578 78623  152.41735   41   75  153.97572  149.69405  2.78%   205 1982s
 230662 78991 infeasible   37       153.97572  149.69939  2.78%   205 1995s
 231826 79311 infeasible   43       153.97572  149.70702  2.77%   205 2006s
 232782 79667 infeasible   45       153.97572  149.71391  2.77%   205 2020s
 234045 79967  152.40707   48   77  153.97572  149.71952  2.76%   205 2032s
 235118 80318 infeasible   40       153.97572  149.72518  2.76%   205 2044s
 236295 80626  150.66741   31  104  153.97572  149.72708  2.76%   205 2055s
 237346 80958  150.55789   43   86  153.97572  149.73235  2.76%   205 2068s
 238444 81273  152.51827   42   69  153.97572  149.73592  2.75%   204 2080s
 239439 81596  152.21232   44  106  153.97572  149.74560  2.75%   204 2092s
 240579 81959  153.44154   59   43  153.97572  149.75228  2.74%   204 2104s
 241651 82273  153.42059   54   88  153.97572  149.75873  2.74%   204 2115s
 242628 82628 infeasible   31       153.97572  149.76302  2.74%   204 2126s
 243711 82955 infeasible   55       153.97572  149.76684  2.73%   204 2137s
 244750 83294  151.00530   40   81  153.97572  149.77392  2.73%   204 2149s
 245818 83545  151.08915   35  117  153.97572  149.77753  2.73%   204 2159s
 246744 83737  152.13647   44  101  153.97572  149.78380  2.72%   204 2171s
 247370 84126  151.95545   42   56  153.97572  149.78488  2.72%   203 2185s
 248624 84479     cutoff   44       153.97572  149.79137  2.72%   203 2197s
 249759 84853  149.85100   34   98  153.97572  149.79714  2.71%   203 2209s
 250618 84853  150.62446   29   68  153.97572  149.79773  2.71%   203 2210s
 250991 85201  152.87688   37   92  153.97572  149.80158  2.71%   203 2222s
 252191 85420  151.62867   28  126  153.97572  149.80664  2.71%   203 2234s
 253042 85714     cutoff   38       153.97572  149.81243  2.70%   203 2245s
 254103 86043  153.11105   45   70  153.97572  149.81701  2.70%   203 2258s
 255206 86332  150.75303   44   83  153.97572  149.82434  2.70%   203 2269s
 256119 86674  149.82978   42   43  153.97572  149.82978  2.69%   203 2283s
 257231 86992  152.53320   34  172  153.97572  149.82987  2.69%   203 2295s
 258323 87325  152.40237   30   84  153.97572  149.83680  2.69%   202 2307s
 259410 87619  151.93052   36   77  153.97572  149.84214  2.68%   202 2318s
 260412 87934  150.64150   44  107  153.97572  149.84871  2.68%   202 2330s
 261493 88172     cutoff   40       153.97572  149.85411  2.68%   202 2340s
 262325 88437  150.46096   34  194  153.97572  149.85974  2.67%   202 2351s
 263225 88716  151.56595   33   93  153.97572  149.86491  2.67%   202 2362s
 264145 89035  151.30112   39   84  153.97572  149.87231  2.66%   202 2374s
 265311 89462  150.70181   45  114  153.97572  149.88025  2.66%   202 2388s
 266590 89750  150.74990   32   72  153.97572  149.88507  2.66%   202 2399s
 267691 90096  151.93052   35  100  153.97572  149.89020  2.65%   202 2413s
 268868 90346  151.93052   27   91  153.97572  149.89594  2.65%   202 2423s
 269763 90621  150.85435   35   99  153.97572  149.89986  2.65%   202 2435s
 270916 90930  150.41618   43   80  153.97572  149.90343  2.64%   201 2448s
 272075 91286  150.54266   39   79  153.97572  149.91005  2.64%   201 2462s
 273234 91638  150.56368   35   81  153.97572  149.91556  2.64%   201 2476s
 274458 91931  151.35796   40   72  153.97572  149.92036  2.63%   201 2489s
 275479 92280  151.31374   35   82  153.97572  149.92397  2.63%   201 2501s
 276547 92559  153.95167   50   28  153.97572  149.92804  2.63%   201 2514s
 277652 92854 infeasible   39       153.97572  149.93188  2.63%   201 2525s
 278676 93135  152.27399   43   43  153.97572  149.93751  2.62%   201 2537s
 279816 93390 infeasible   50       153.97572  149.94248  2.62%   201 2548s
 280755 93716  150.94228   45   95  153.97572  149.94781  2.62%   200 2561s
 281891 94015 infeasible   49       153.97572  149.95263  2.61%   200 2573s
 282891 94383 infeasible   35       153.97572  149.95774  2.61%   200 2587s
 284074 94577  151.93052   30   62  153.97572  149.96249  2.61%   200 2600s
 284921 94884  152.83033   42   57  153.97572  149.96773  2.60%   200 2614s
 286050 95268  150.46624   37   92  153.97572  149.97301  2.60%   200 2627s
 287164 95621  150.81779   37   87  153.97572  149.97796  2.60%   200 2640s
 288254 95701     cutoff   46       153.97572  149.98229  2.59%   200 2651s
 288541 95981     cutoff   49       153.97572  149.98285  2.59%   200 2664s
 289541 96355  150.49127   38   57  153.97572  149.98885  2.59%   200 2679s
 290848 96681  153.82860   50   45  153.97572  149.99333  2.59%   200 2691s
 292000 97002  152.31372   36   87  153.97572  149.99770  2.58%   200 2704s
 293139 97389  153.48384   45   70  153.97572  150.00483  2.58%   200 2718s
 294487 97662  151.12926   38   91  153.97572  150.00969  2.58%   199 2731s
 295547 97991     cutoff   34       153.97572  150.01494  2.57%   199 2744s
 296574 98357  151.82593   36   96  153.97572  150.01792  2.57%   199 2760s
 297857 98863     cutoff   49       153.97572  150.02475  2.57%   199 2778s
 299407 99311  150.37724   37   86  153.97572  150.02850  2.56%   199 2790s
 300590 99567  153.22164   41  219  153.97572  150.03062  2.56%   199 2800s
 301489 99825 infeasible   52       153.97572  150.03478  2.56%   199 2812s
 302493 100169  151.02740   39   87  153.97572  150.03868  2.56%   199 2826s
 303709 100512 infeasible   30       153.97572  150.04248  2.55%   198 2841s
 304862 100815     cutoff   37       153.97572  150.04742  2.55%   198 2855s
 306096 101221  150.15004   40   80  153.97572  150.04838  2.55%   198 2872s
 307518 101627 infeasible   49       153.97572  150.04838  2.55%   198 2886s
 308860 102052 infeasible   53       153.97572  150.04838  2.55%   198 2902s
 310141 102551  150.75745   36  135  153.97572  150.04838  2.55%   198 2919s
 311499 103058  151.27514   36  101  153.97572  150.04838  2.55%   198 2935s
 312828 103485  150.22552   35  126  153.97572  150.04838  2.55%   197 2952s
 314208 103961  151.90642   38   41  153.97572  150.04838  2.55%   197 2973s
 315879 104379     cutoff   44       153.97572  150.04838  2.55%   197 2992s
 317354 104728     cutoff   48       153.97572  150.04838  2.55%   197 3009s
 317548 104728  151.27887   41   65  153.97572  150.04838  2.55%   197 3010s
 318749 105032  151.32221   33   71  153.97572  150.04838  2.55%   197 3025s
 319821 105516  150.04838   34   89  153.97572  150.04838  2.55%   197 3041s
 321112 105982  150.80252   37   95  153.97572  150.04838  2.55%   197 3058s
 322420 106292  153.75984   55   45  153.97572  150.04838  2.55%   196 3073s
 323637 106617 infeasible   42       153.97572  150.04838  2.55%   196 3085s
 324608 106899  153.97165   39   82  153.97572  150.04958  2.55%   196 3096s
 325795 107134  152.28909   31   96  153.97572  150.05583  2.55%   196 3108s
 326853 107497  152.12938   41  100  153.97572  150.05966  2.54%   196 3121s
 327968 107785  152.43922   55   52  153.97572  150.06384  2.54%   196 3137s
 329238 108154  150.49846   38  125  153.97572  150.06925  2.54%   196 3152s
 330464 108479  151.37313   46   42  153.97572  150.07308  2.53%   196 3167s
 331597 108856  153.18437   39   88  153.97572  150.07607  2.53%   196 3183s
 332837 109227  150.12909   37  133  153.97572  150.08027  2.53%   196 3196s
 334011 109537     cutoff   41       153.97572  150.08335  2.53%   196 3210s
 335047 109881  151.30267   52  106  153.97572  150.08719  2.53%   196 3224s
 336228 110146  152.52486   48   73  153.97572  150.08978  2.52%   196 3236s
 337294 110398  150.74880   31  113  153.97572  150.09403  2.52%   196 3250s
 338164 110724  150.98248   41   81  153.97572  150.09625  2.52%   195 3263s
 339381 111072 infeasible   43       153.97572  150.10192  2.52%   195 3276s
 340589 111480  152.38328   44   52  153.97572  150.10512  2.51%   195 3292s
 341872 111808  153.81125   51   36  153.97572  150.10834  2.51%   195 3305s
 343009 112127  151.28630   31   84  153.97572  150.11288  2.51%   195 3320s
 344148 112507  151.17955   35   71  153.97572  150.11647  2.51%   195 3334s
 345386 112796  151.92785   37   84  153.97572  150.12047  2.50%   195 3347s
 346576 113132  151.82593   30   98  153.97572  150.12470  2.50%   195 3362s
 347887 113551  153.41415   41   99  153.97572  150.12798  2.50%   195 3378s
 349087 113858  151.21305   30   93  153.97572  150.12803  2.50%   195 3393s
 350383 114258  150.46574   44   71  153.97572  150.13277  2.50%   195 3407s
 351705 114608  153.07878   38   43  153.97572  150.13791  2.49%   195 3420s
 352872 115068  152.20623   50   80  153.97572  150.14231  2.49%   194 3438s
 354350 115423  151.91703   40   94  153.97572  150.14510  2.49%   194 3453s
 355730 115829  151.76370   29   78  153.97572  150.15004  2.48%   194 3468s
 357068 116089  151.84467   39   66  153.97572  150.15252  2.48%   194 3481s
 358171 116483  151.84756   50   60  153.97572  150.15297  2.48%   194 3498s
 359545 116921  150.70835   37   99  153.97572  150.15297  2.48%   194 3513s
 360966 117254  150.87965   46   67  153.97572  150.15297  2.48%   194 3528s
 362182 117690  151.31742   35   69  153.97572  150.15297  2.48%   194 3542s
 363553 118073  153.22321   48   79  153.97572  150.15297  2.48%   194 3558s
 364944 118395     cutoff   46       153.97572  150.15297  2.48%   193 3570s
 365687 118777  151.93052   39   82  153.97572  150.15297  2.48%   193 3584s
 366882 119190  151.32249   38  108  153.97572  150.15297  2.48%   193 3598s
 368092 119216  151.89819   38   56  153.97572  150.15297  2.48%   193 3600s

Cutting planes:
  Learned: 362
  Gomory: 50
  Lift-and-project: 13
  Cover: 5444
  Implied bound: 1604
  Projected implied bound: 54
  Clique: 1217
  MIR: 260
  StrongCG: 106
  Flow cover: 1995
  Inf proof: 506
  Zero half: 192
  Network: 7
  RLT: 353
  Relax-and-lift: 246
  BQP: 20
  PSD: 2

Explored 368150 nodes (71216527 simplex iterations) in 3600.23 seconds (2959.48 work units)
Thread count was 8 (of 24 available processors)

Solution count 10: 153.976 153.976 153.976 ... 157.373

Time limit reached
Warning: max constraint violation (1.1387e-01) exceeds tolerance
Warning: max bound violation (1.1387e-01) exceeds tolerance
         (model may be infeasible or unbounded - try turning presolve off)
Best objective 1.539757170344e+02, best bound 1.501529674823e+02, gap 2.4827%
