
Gurobi 10.0.0 (win64) logging started Sat Jan 20 21:15:41 2024

Set parameter LogFile to value "C:/Users\Administrator\Documents\BNC_Repo\BNC_Tests\10_MIP_Results\n20m2\Instance_Class4_Parts20_Machines2_Instance3_logfileChe1021.txt"
Gurobi Optimizer version 10.0.0 build v10.0.0rc2 (win64)

CPU model: AMD EPYC 7513 32-Core Processor, instruction set [SSE2|AVX|AVX2]
Thread count: 24 physical cores, 24 logical processors, using up to 8 threads

Optimize a model with 14158 rows, 2601 columns and 67018 nonzeros
Model fingerprint: 0x3c64876f
Variable types: 921 continuous, 1680 integer (1680 binary)
Coefficient statistics:
  Matrix range     [4e-06, 4e+02]
  Objective range  [1e+00, 1e+00]
  Bounds range     [1e+00, 1e+00]
  RHS range        [1e+00, 6e+02]
Presolve removed 5911 rows and 928 columns
Presolve time: 0.25s
Presolved: 8247 rows, 1673 columns, 48176 nonzeros
Variable types: 80 continuous, 1593 integer (1553 binary)
Found heuristic solution: objective 609.5923400
Root relaxation presolved: 8247 rows, 1673 columns, 48176 nonzeros


Use crossover to convert LP symmetric solution to basic solution...

Root relaxation: objective 9.411219e+01, 1680 iterations, 0.16 seconds (0.19 work units)

    Nodes    |    Current Node    |     Objective Bounds      |     Work
 Expl Unexpl |  Obj  Depth IntInf | Incumbent    BestBd   Gap | It/Node Time

     0     0   94.11219    0   73  609.59234   94.11219  84.6%     -    0s
H    0     0                     287.8910800   94.11219  67.3%     -    0s
H    0     0                     185.2960600   94.11219  49.2%     -    1s
H    0     0                     180.2560600   94.11219  47.8%     -    1s
H    0     0                     177.3160600   94.32150  46.8%     -    1s
     0     0   94.32732    0  606  177.31606   94.32732  46.8%     -    1s
     0     0   94.34373    0  536  177.31606   94.34373  46.8%     -    1s
     0     0   94.42827    0  496  177.31606   94.42827  46.7%     -    1s
     0     0   94.60475    0  488  177.31606   94.60475  46.6%     -    1s
     0     0   94.60475    0  339  177.31606   94.60475  46.6%     -    3s
H    0     0                     173.6700200   94.60475  45.5%     -    3s
     0     0   94.63358    0  446  173.67002   94.63358  45.5%     -    3s
     0     0   94.63833    0  429  173.67002   94.63833  45.5%     -    3s
     0     0   94.63873    0  432  173.67002   94.63873  45.5%     -    3s
H    0     0                     150.7597600   94.64756  37.2%     -    3s
H    0     0                     142.6083600   94.64756  33.6%     -    3s
     0     0   94.64756    0  426  142.60836   94.64756  33.6%     -    3s
     0     0   94.64756    0  426  142.60836   94.64756  33.6%     -    3s
     0     0   94.66750    0  226  142.60836   94.66750  33.6%     -    4s
H    0     0                     138.0623200   94.66750  31.4%     -    4s
     0     0   94.67661    0  295  138.06232   94.67661  31.4%     -    4s
     0     0   94.68639    0  465  138.06232   94.68639  31.4%     -    4s
     0     0   94.68953    0  489  138.06232   94.68953  31.4%     -    5s
     0     0   94.68953    0  496  138.06232   94.68953  31.4%     -    5s
     0     0   94.73124    0  276  138.06232   94.73124  31.4%     -    5s
H    0     0                     136.4750000   94.73124  30.6%     -    5s
     0     0   94.74086    0  205  136.47500   94.74086  30.6%     -    6s
     0     0   94.74135    0  476  136.47500   94.74135  30.6%     -    6s
     0     0   94.74138    0  450  136.47500   94.74138  30.6%     -    6s
     0     0   94.76321    0  492  136.47500   94.76321  30.6%     -    7s
     0     0   94.76413    0  168  136.47500   94.76413  30.6%     -    7s
     0     0   94.76445    0  478  136.47500   94.76445  30.6%     -    7s
     0     0   94.76445    0  488  136.47500   94.76445  30.6%     -    7s
H    0     0                     134.7130800   94.78923  29.6%     -    8s
     0     0   94.78923    0  199  134.71308   94.78923  29.6%     -    8s
     0     0   94.79762    0  520  134.71308   94.79762  29.6%     -    9s
     0     0   94.79772    0  238  134.71308   94.79772  29.6%     -    9s
H    0     0                     130.9582200   94.85059  27.6%     -   10s
H    0     0                     129.6982200   94.85059  26.9%     -   10s
     0     0   94.85059    0  500  129.69822   94.85059  26.9%     -   10s
     0     0   94.85545    0  275  129.69822   94.85545  26.9%     -   10s
H    0     0                     120.3637600   94.85695  21.2%     -   11s
     0     0   94.85695    0  520  120.36376   94.85695  21.2%     -   11s
     0     0   94.85797    0  493  120.36376   94.85797  21.2%     -   11s
     0     0   94.85821    0  527  120.36376   94.85821  21.2%     -   12s
     0     0   94.86499    0  495  120.36376   94.86499  21.2%     -   12s
     0     0   94.86713    0  531  120.36376   94.86713  21.2%     -   13s
     0     0   94.86737    0  527  120.36376   94.86737  21.2%     -   13s
     0     0   94.86741    0  526  120.36376   94.86741  21.2%     -   13s
H    0     0                     116.2524400   94.86741  18.4%     -   14s
H    0     0                     111.3226600   94.86860  14.8%     -   15s
     0     0   94.92321    0  274  111.32266   94.92321  14.7%     -   15s
H    0     0                     110.4826600   94.92321  14.1%     -   15s
     0     0   94.92453    0  318  110.48266   94.92453  14.1%     -   16s
     0     0   94.92460    0  300  110.48266   94.92460  14.1%     -   16s
     0     0   94.95640    0  290  110.48266   94.95640  14.1%     -   18s
     0     0   94.95885    0  523  110.48266   94.95885  14.1%     -   19s
     0     0   94.95917    0  462  110.48266   94.95917  14.1%     -   19s
     0     0   94.95963    0  482  110.48266   94.95963  14.1%     -   19s
H    0     0                     108.7083200   94.95968  12.6%     -   20s
     0     0   94.95968    0  466  108.70832   94.95968  12.6%     -   20s
H    0     0                     108.2652600   94.95968  12.3%     -   20s
H    0     0                     108.2626600   94.95984  12.3%     -   21s
     0     0   94.95984    0  325  108.26266   94.95984  12.3%     -   21s
     0     0   94.96054    0  305  108.26266   94.96054  12.3%     -   22s
     0     0   94.96076    0  306  108.26266   94.96076  12.3%     -   22s
H    0     0                     108.2146600   94.96076  12.2%     -   23s
     0     0   94.96133    0  317  108.21466   94.96133  12.2%     -   23s
H    0     0                     106.8025800   94.96291  11.1%     -   24s
H    0     0                     105.1129400   94.96291  9.66%     -   24s
     0     0   94.96291    0  427  105.11294   94.96291  9.66%     -   24s
     0     0   94.96394    0  393  105.11294   94.96394  9.66%     -   24s
     0     0   94.96406    0  430  105.11294   94.96406  9.66%     -   25s
     0     0   94.96941    0  418  105.11294   94.96941  9.65%     -   26s
     0     0   94.97587    0  413  105.11294   94.97587  9.64%     -   26s
     0     0   94.97868    0  440  105.11294   94.97868  9.64%     -   27s
     0     0   94.97991    0  456  105.11294   94.97991  9.64%     -   27s
     0     0   94.97991    0  469  105.11294   94.97991  9.64%     -   28s
     0     0   94.97992    0  458  105.11294   94.97992  9.64%     -   28s
     0     0   95.06238    0  430  105.11294   95.06238  9.56%     -   29s
     0     0   95.06335    0  492  105.11294   95.06335  9.56%     -   29s
H    0     0                     104.9277000   95.06359  9.40%     -   30s
     0     0   95.06359    0  460  104.92770   95.06359  9.40%     -   30s
     0     0   95.12891    0  456  104.92770   95.12891  9.34%     -   31s
H    0     0                     104.7577000   95.12891  9.19%     -   31s
     0     0   95.13191    0  459  104.75770   95.13191  9.19%     -   32s
H    0     0                     103.9210600   95.13216  8.46%     -   32s
     0     0   95.13216    0  472  103.92106   95.13216  8.46%     -   32s
     0     0   95.13741    0  453  103.92106   95.13741  8.45%     -   34s
     0     0   95.13801    0  428  103.92106   95.13801  8.45%     -   34s
     0     0   95.13801    0  416  103.92106   95.13801  8.45%     -   34s
     0     0   95.13826    0  368  103.92106   95.13826  8.45%     -   35s
     0     0   95.14583    0  412  103.92106   95.14583  8.44%     -   36s
     0     0   95.14606    0  385  103.92106   95.14606  8.44%     -   36s
     0     0   95.14631    0  436  103.92106   95.14631  8.44%     -   37s
     0     0   95.14632    0  382  103.92106   95.14632  8.44%     -   37s
     0     0   95.14642    0  365  103.92106   95.14642  8.44%     -   38s
     0     0   95.14642    0   61  103.92106   95.14642  8.44%     -   38s
     0     0   95.14642    0  437  103.92106   95.14642  8.44%     -   39s
     0     0   95.14642    0  333  103.92106   95.14642  8.44%     -   40s
     0     0   95.14642    0  282  103.92106   95.14642  8.44%     -   40s
     0     0   95.14642    0  290  103.92106   95.14642  8.44%     -   41s
     0     0   95.14644    0  482  103.92106   95.14644  8.44%     -   41s
     0     0   95.14666    0  474  103.92106   95.14666  8.44%     -   41s
     0     0   95.14690    0  523  103.92106   95.14690  8.44%     -   42s
     0     0   95.14696    0  513  103.92106   95.14696  8.44%     -   42s
     0     0   95.14702    0  513  103.92106   95.14702  8.44%     -   43s
H    0     0                     102.5702400   95.14702  7.24%     -   43s
     0     0   95.14703    0  495  102.57024   95.14703  7.24%     -   43s
     0     0   95.14703    0  526  102.57024   95.14703  7.24%     -   44s
     0     0   95.14703    0  503  102.57024   95.14703  7.24%     -   44s
     0     2   95.14703    0  502  102.57024   95.14703  7.24%     -   46s
    31    40   95.36364    5  258  102.57024   95.24289  7.14%  2102   50s
   117   129   95.36364   12  154  102.57024   95.24289  7.14%  1112   55s
   455   336   95.88660   11   94  102.57024   95.26395  7.12%   480   60s
   489   392   96.57673   14  103  102.57024   95.26395  7.12%   494   65s
H  492   392                     102.0827600   95.26395  6.68%   493   65s
H  497   392                     102.0364200   95.26395  6.64%   492   65s
H  847   631                     101.8439800   95.36364  6.36%   361   68s
   907   670   95.69783    8  179  101.84398   95.36364  6.36%   355   71s
H 1212   818                     101.4259600   95.36364  5.98%   329   73s
  1343   988  100.19255   29   89  101.42596   95.36364  5.98%   318   76s
  1453   989   98.37385   18  365  101.42596   95.36364  5.98%   319   87s
  1457   992  100.23167   14  388  101.42596   95.36364  5.98%   318   90s
  1462   995   99.78559   24  504  101.42596   95.36364  5.98%   317   95s
  1467   998   96.04820   30  497  101.42596   95.36364  5.98%   315  100s
  1471  1001   97.81750   41  463  101.42596   95.36364  5.98%   315  105s
H 1545   999                     101.2900200   95.36364  5.85%   355  109s
  1579  1022   95.80790   20  156  101.29002   95.36364  5.85%   355  110s
H 1582   973                     101.1937200   95.36364  5.76%   355  110s
  1934  1091   96.39860   30  102  101.19372   95.36364  5.76%   330  115s
  2613  1266     cutoff   52       101.19372   95.36364  5.76%   308  120s
H 2744  1210                     101.0227000   95.36364  5.60%   303  121s
H 3199  1227                     100.7142000   95.36364  5.31%   304  125s
  3741  1355   99.51816   19  208  100.71420   95.36364  5.31%   305  130s
  4657  1713   95.58134   25  144  100.71420   95.38740  5.29%   306  136s
  5747  2334   96.05908   23  146  100.71420   95.49233  5.18%   294  140s
  6763  2866   96.90710   27  155  100.71420   95.59656  5.08%   288  145s
  8019  3494   97.28084   27  116  100.71420   95.73370  4.95%   283  151s
  8988  3937   96.58006   21  106  100.71420   95.80160  4.88%   275  160s
 10053  4572   98.07069   32  218  100.71420   95.82456  4.85%   271  166s
 10840  4962   98.39539   31  274  100.71420   95.88660  4.79%   269  170s
 11902  5546   96.53298   24   80  100.71420   95.88660  4.79%   264  175s
 12787  5925     cutoff   27       100.71420   95.95266  4.73%   264  180s
 13550  6166   96.15581   37  144  100.71420   95.98178  4.70%   269  186s
 14302  6609   96.65565   33  164  100.71420   95.99367  4.69%   273  192s
 14782  6881   98.67579   35  197  100.71420   96.00661  4.67%   275  195s
 15378  7189   99.35514   46   52  100.71420   96.01002  4.67%   276  200s
 16160  7530   98.29145   26  115  100.71420   96.01002  4.67%   275  205s
 17072  7681   96.20979   26  149  100.71420   96.01002  4.67%   276  213s
 17402  8123   96.16633   36  181  100.71420   96.01002  4.67%   276  218s
 18493  8612   96.01002   31  106  100.71420   96.01002  4.67%   275  225s
 19724  8934   96.11462   38   93  100.71420   96.01002  4.67%   274  231s
 20663  9413   99.03395   46   74  100.71420   96.01002  4.67%   272  237s
 22058  9841   96.01325   32  109  100.71420   96.01002  4.67%   269  244s
 23073 10279 infeasible   35       100.71420   96.01002  4.67%   269  250s
 24197 10639   98.41990   39   87  100.71420   96.01002  4.67%   268  257s
 25326 11035   98.11240   38  118  100.71420   96.01002  4.67%   269  263s
 26333 11324   96.02261   28  141  100.71420   96.01002  4.67%   270  269s
 27255 11604   98.99620   34  134  100.71420   96.01158  4.67%   271  275s
 28312 12010   96.11462   30  134  100.71420   96.01325  4.67%   270  281s
 29333 12244   97.30339   26  138  100.71420   96.02377  4.66%   270  286s
 30080 12602   96.84312   37  109  100.71420   96.03016  4.65%   271  293s
 30985 12936     cutoff   37       100.71420   96.04820  4.63%   271  300s
 31956 13277   97.93941   30  147  100.71420   96.06325  4.62%   271  305s
 32826 13605   98.91925   30  249  100.71420   96.07726  4.60%   271  312s
 33631 13943   96.95135   27  126  100.71420   96.09639  4.59%   271  318s
 34348 14279   97.23070   23  115  100.71420   96.09912  4.58%   272  324s
 35262 14546   96.24536   32  129  100.71420   96.11462  4.57%   272  331s
 36187 14774   98.14894   33   98  100.71420   96.11462  4.57%   274  338s
 36888 15004   96.55760   21  204  100.71420   96.11462  4.57%   276  344s
 37645 15397   98.03077   19  114  100.71420   96.11717  4.56%   276  350s
 38555 15670   97.97439   35  110  100.71420   96.13725  4.54%   277  356s
H38914 15670                     100.7142000   96.14176  4.54%   278  356s
 39174 15858 infeasible   50       100.71420   96.14378  4.54%   279  362s
 39750 16157   96.82793   44   79  100.71420   96.15061  4.53%   281  370s
 40452 16458   98.67604   37   95  100.71420   96.16126  4.52%   282  378s
 41332 16710   97.22554   36   76  100.71420   96.17099  4.51%   283  384s
 42174 16912   98.64184   36  187  100.71420   96.18765  4.49%   284  391s
 42907 17254 infeasible   37       100.71420   96.20535  4.48%   285  399s
 43920 17365   98.90427   36  165  100.71420   96.22379  4.46%   286  405s
 44490 17747   98.77698   31  204  100.71420   96.24381  4.44%   287  414s
 45635 18110   99.37054   38   78  100.71420   96.26353  4.42%   287  422s
 46549 18352   99.25028   32  157  100.71420   96.29241  4.39%   288  429s
 47194 18650  100.23512   38  176  100.71420   96.30497  4.38%   290  437s
 48066 18964   96.46862   37  172  100.71420   96.30497  4.38%   293  447s
 49047 19522   99.73990   40   67  100.71420   96.30497  4.38%   295  459s
 50464 20345   99.30316   38  153  100.71420   96.30497  4.38%   295  472s
 52129 21007   98.40717   40  202  100.71420   96.30497  4.38%   295  484s
 53592 21485     cutoff   45       100.71420   96.30497  4.38%   295  496s
 54773 21796   97.81394   35  106  100.71420   96.30497  4.38%   296  506s
 55509 22182   97.90423   29  130  100.71420   96.30497  4.38%   297  516s
 56532 22600   97.05277   28  150  100.71420   96.30497  4.38%   298  526s
 57579 23007   96.30497   28  118  100.71420   96.30497  4.38%   299  539s
 58862 23432   99.30084   42  146  100.71420   96.30497  4.38%   299  550s
 59867 23902   96.85441   33  139  100.71420   96.30497  4.38%   299  562s
 61131 24292   97.95384   25  101  100.71420   96.30497  4.38%   299  573s
 62201 24546     cutoff   35       100.71420   96.30497  4.38%   299  583s
 62975 24872   99.43693   27  190  100.71420   96.30497  4.38%   301  594s
 63882 25269   96.71071   32  169  100.71420   96.30497  4.38%   302  605s
 64922 25623   97.40110   37  109  100.71420   96.30497  4.38%   302  615s
 65806 25979     cutoff   35       100.71420   96.30497  4.38%   303  625s
 66735 26318   96.57409   30  223  100.71420   96.30497  4.38%   303  636s
 67651 26651   99.74507   31  123  100.71420   96.30497  4.38%   304  646s
 68615 26945   99.68857   38  142  100.71420   96.33092  4.35%   304  656s
 69495 27240 infeasible   26       100.71420   96.34061  4.34%   304  665s
 70505 27639   97.96149   25  117  100.71420   96.34933  4.33%   305  676s
 71558 27909   99.04926   44   65  100.71420   96.36286  4.32%   305  685s
 72371 28144   97.95096   22  188  100.71420   96.37612  4.31%   306  694s
 73195 28546   97.98901   33   93  100.71420   96.38981  4.29%   307  704s
 73829 28546   99.57085   35  235  100.71420   96.39167  4.29%   307  705s
 74231 28820   98.12869   34  108  100.71420   96.40220  4.28%   307  712s
 74973 29074   98.45497   43  131  100.71420   96.41325  4.27%   307  725s
 75810 29399   96.95135   28   83  100.71420   96.42812  4.26%   306  734s
 76818 29665 infeasible   36       100.71420   96.44718  4.24%   307  742s
 77521 29959   96.63914   20  205  100.71420   96.45479  4.23%   307  749s
 78299 30170   98.58993   41  108  100.71420   96.46657  4.22%   308  756s
 78932 30336   99.34971   44  130  100.71420   96.46657  4.22%   309  765s
 79528 30456   97.23226   35  132  100.71420   96.46657  4.22%   311  774s
 80008 30717   98.88798   26  132  100.71420   96.46657  4.22%   312  783s
 80830 31116   98.97069   38   72  100.71420   96.47326  4.21%   312  793s
 81896 31567   98.16444   30   93  100.71420   96.49271  4.19%   313  804s
 82948 32050   98.49797   33   88  100.71420   96.50883  4.18%   313  815s
 84159 32444   98.57940   32  113  100.71420   96.51979  4.16%   313  825s
 85185 32867   98.74937   34   82  100.71420   96.53174  4.15%   313  840s
 86484 33467     cutoff   31       100.71420   96.53298  4.15%   313  858s
 88203 33861   98.64354   49   46  100.71420   96.53298  4.15%   313  873s
 89599 34167   96.91004   32  131  100.71420   96.53298  4.15%   314  883s
 90518 34472   98.05985   27   68  100.71420   96.53298  4.15%   313  895s
 91435 34981   99.25331   29  119  100.71420   96.53298  4.15%   313  908s
 92738 35468     cutoff   37       100.71420   96.53298  4.15%   314  921s
 93971 35784   99.89652   40   88  100.71420   96.53298  4.15%   314  932s
 95015 36138     cutoff   32       100.71420   96.53298  4.15%   314  943s
 96003 36486   98.68598   25   66  100.71420   96.53298  4.15%   314  954s
 96984 36885  100.04491   26  160  100.71420   96.53298  4.15%   314  964s
 97983 37264   96.54426   28  132  100.71420   96.54426  4.14%   315  976s
 99081 37639   98.64271   32  132  100.71420   96.54426  4.14%   315  986s
 100067 38045   97.09341   30  102  100.71420   96.56131  4.12%   315  996s
 101193 38433 infeasible   43       100.71420   96.57449  4.11%   314 1005s
 102211 38816   99.20381   37   79  100.71420   96.58281  4.10%   314 1015s
 103279 39081   99.75396   28  144  100.71420   96.59222  4.09%   313 1024s
 103979 39397   97.98577   36  128  100.71420   96.60033  4.08%   314 1034s
 104999 39724     cutoff   25       100.71420   96.61411  4.07%   314 1042s
 105871 39942   97.83883   41   92  100.71420   96.62404  4.06%   313 1050s
 106566 40353   99.67290   31  107  100.71420   96.62816  4.06%   314 1059s
 107521 40624   97.08986   27  118  100.71420   96.63758  4.05%   313 1067s
 108340 40888   99.30497   32  276  100.71420   96.64396  4.04%   313 1076s
 109200 41211   98.58008   33  136  100.71420   96.65313  4.03%   313 1085s
 110186 41517   97.46625   38   94  100.71420   96.66268  4.02%   313 1094s
 111024 41781   98.14125   31  105  100.71420   96.67160  4.01%   313 1103s
 111814 42063   97.21425   23  152  100.71420   96.68020  4.01%   313 1112s
 112788 42256   96.86517   30  135  100.71420   96.69354  3.99%   313 1120s
 113415 42541   98.16062   32  282  100.71420   96.69951  3.99%   313 1129s
 114253 42816   98.10192   33  125  100.71420   96.71084  3.97%   313 1138s
 115132 43240 infeasible   31       100.71420   96.72590  3.96%   313 1149s
 116123 43595   97.83608   29   91  100.71420   96.73911  3.95%   313 1160s
 117038 43880   96.96715   26  132  100.71420   96.75001  3.94%   313 1169s
 117801 44422     cutoff   32       100.71420   96.75688  3.93%   313 1182s
 119051 44766   97.43291   38   95  100.71420   96.76499  3.92%   313 1192s
 120057 45113   97.52527   36  211  100.71420   96.76926  3.92%   313 1201s
 120903 45646   97.93530   33  176  100.71420   96.78291  3.90%   313 1211s
 121985 45948   96.78591   26  147  100.71420   96.78591  3.90%   312 1219s
 122721 46263   96.99535   33  223  100.71420   96.78591  3.90%   312 1228s
 123463 46581   99.10859   28   91  100.71420   96.79332  3.89%   312 1237s
 124305 46847     cutoff   34       100.71420   96.80084  3.89%   312 1246s
 125092 47169   99.20894   24   72  100.71420   96.81117  3.88%   312 1256s
 126026 47615   98.35394   26  126  100.71420   96.82214  3.86%   312 1268s
 127199 47973     cutoff   38       100.71420   96.82766  3.86%   312 1281s
 128187 48295   98.73357   37  137  100.71420   96.82793  3.86%   312 1294s
 129141 48479  100.01377   26   92  100.71420   96.82793  3.86%   312 1303s
 129825 48773  100.22055   24  121  100.71420   96.82793  3.86%   313 1314s
 130602 49019   98.07607   31  106  100.71420   96.82793  3.86%   313 1323s
 131343 49254   98.28983   33  122  100.71420   96.82928  3.86%   313 1333s
 131961 49740   97.34700   24  141  100.71420   96.83510  3.85%   313 1347s
 133165 50113   96.99967   23  137  100.71420   96.84460  3.84%   313 1359s
 134135 50568   97.13081   38  134  100.71420   96.85441  3.83%   312 1372s
 135367 50798   98.51959   28  190  100.71420   96.86078  3.83%   312 1382s
 136073 51200   99.17783   34   63  100.71420   96.86804  3.82%   312 1395s
 137216 51588 infeasible   34       100.71420   96.87630  3.81%   312 1407s
 138304 51846   98.05985   26  110  100.71420   96.89068  3.80%   312 1417s
 139135 52220   98.57721   31  123  100.71420   96.89629  3.79%   312 1429s
 140292 52514   98.93824   33  140  100.71420   96.90710  3.78%   311 1440s
 141158 52862   98.51981   34  108  100.71420   96.91450  3.77%   311 1452s
 142049 53188   98.24403   37  125  100.71420   96.92303  3.76%   311 1463s
 142908 53516   97.65237   36  133  100.71420   96.93319  3.75%   311 1473s
 143866 53792   99.32790   34   87  100.71420   96.94208  3.75%   311 1484s
 144816 54051   98.14894   28  106  100.71420   96.94751  3.74%   311 1497s
 145712 54213   96.95135   30  139  100.71420   96.95135  3.74%   312 1508s
 146382 54503 infeasible   41       100.71420   96.95135  3.74%   313 1522s
 147512 54761   98.26566   34  114  100.71420   96.95135  3.74%   313 1534s
 148288 54932 infeasible   36       100.71420   96.95135  3.74%   314 1545s
 149022 55313   98.45541   29  105  100.71420   96.95135  3.74%   314 1559s
 149301 55313   98.59887   35  137  100.71420   96.95135  3.74%   314 1560s
 150129 55534   98.60190   29  177  100.71420   96.95135  3.74%   315 1569s
 150851 56066 infeasible   38       100.71420   96.95135  3.74%   315 1586s
 152307 56422     cutoff   35       100.71420   96.95135  3.74%   315 1601s
 153542 56746   98.58039   38   76  100.71420   96.95135  3.74%   315 1615s
 154647 57017   97.93073   30  132  100.71420   96.95135  3.74%   315 1625s
 155450 57380   98.19817   33  114  100.71420   96.95789  3.73%   315 1638s
 156458 57626   99.19198   29  168  100.71420   96.96260  3.72%   315 1651s
 157159 57969   97.95494   38  115  100.71420   96.96596  3.72%   315 1664s
 157936 57969   99.60330   34   68  100.71420   96.96780  3.72%   315 1665s
 158242 58284   97.12183   23  137  100.71420   96.97197  3.72%   315 1676s
 159162 58557 infeasible   47       100.71420   96.98544  3.70%   315 1688s
 160113 58779   99.37355   28  193  100.71420   96.98953  3.70%   315 1701s
 160929 59180     cutoff   47       100.71420   96.99252  3.70%   315 1714s
 162059 59542   99.00118   37   58  100.71420   96.99967  3.69%   315 1727s
 163002 59941   97.39274   39  107  100.71420   97.00262  3.69%   315 1741s
 164060 60219   99.91628   38  135  100.71420   97.00988  3.68%   315 1752s
 164945 60477   98.78641   40   91  100.71420   97.01392  3.67%   315 1763s
 165849 60987   97.05651   25  200  100.71420   97.01392  3.67%   315 1778s
 167147 61342   98.46334   29  145  100.71420   97.01777  3.67%   315 1789s
 168176 61594   98.80193   25  188  100.71420   97.02312  3.66%   315 1800s
 168981 61897   98.65796   33  184  100.71420   97.02866  3.66%   315 1811s
 170018 62174   98.99006   37  102  100.71420   97.03356  3.65%   314 1822s
 170975 62541   98.05032   40  132  100.71420   97.04097  3.65%   314 1833s
 171888 62835   97.42569   29  148  100.71420   97.04430  3.64%   314 1844s
 172798 63194     cutoff   40       100.71420   97.05091  3.64%   314 1856s
 173862 63601   97.95910   26  122  100.71420   97.05875  3.63%   314 1867s
 174790 63999   97.28445   29  106  100.71420   97.06398  3.62%   314 1878s
 175911 64339   98.22937   31  125  100.71420   97.07099  3.62%   313 1889s
 176853 64522   97.75597   38  167  100.71420   97.07762  3.61%   313 1900s
 177434 64744   98.80423   41   64  100.71420   97.07950  3.61%   313 1909s
 178190 65134   97.68886   33  147  100.71420   97.08638  3.60%   313 1922s
 179313 65245   98.29213   35  144  100.71420   97.09227  3.60%   313 1937s
 179699 65538   97.90383   31  108  100.71420   97.09284  3.60%   313 1947s
 180576 65905   99.00285   41  153  100.71420   97.09969  3.59%   313 1958s
 181566 66292   97.55706   24  171  100.71420   97.10439  3.58%   312 1970s
 182576 66685   97.51806   24  128  100.71420   97.10983  3.58%   312 1985s
 183806 66998     cutoff   37       100.71420   97.11295  3.58%   312 1997s
 184727 67300   97.18821   29  176  100.71420   97.11852  3.57%   312 2009s
 185590 67679   98.69209   41  106  100.71420   97.12183  3.57%   312 2020s
 186647 67999   98.84419   28  109  100.71420   97.12885  3.56%   312 2032s
 187563 68230   99.29379   29   78  100.71420   97.13627  3.55%   312 2043s
 188498 68504     cutoff   46       100.71420   97.13892  3.55%   312 2053s
 189219 68801   99.86861   32   66  100.71420   97.14455  3.54%   312 2064s
 189921 68801     cutoff   38       100.71420   97.14616  3.54%   311 2065s
 190150 69215   99.66762   28  139  100.71420   97.15069  3.54%   311 2076s
 191313 69373   98.95309   41  179  100.71420   97.15723  3.53%   311 2086s
 191978 69679   99.35863   48  115  100.71420   97.15912  3.53%   311 2099s
 192931 69926   97.79470   35  202  100.71420   97.16455  3.52%   311 2109s
 193770 70220   97.51806   27  125  100.71420   97.17034  3.52%   311 2121s
 194724 70790   98.40986   32   48  100.71420   97.17729  3.51%   311 2139s
 196281 71305   98.41513   31  118  100.71420   97.17937  3.51%   311 2153s
 197416 71708   97.47926   32  121  100.71420   97.17937  3.51%   310 2166s
 198503 72007   99.02250   28  159  100.71420   97.18184  3.51%   310 2178s
 199172 72261   98.77442   41   85  100.71420   97.18452  3.50%   309 2187s
 199941 72526   97.54535   27  161  100.71420   97.18736  3.50%   309 2199s
 200891 72645   98.40986   30   50  100.71420   97.19048  3.50%   309 2211s
 201623 72898   97.94013   27  157  100.71420   97.19076  3.50%   309 2222s
 202445 73205   98.18925   30  142  100.71420   97.19446  3.49%   309 2233s
 203252 73556   98.51475   39  183  100.71420   97.20013  3.49%   309 2245s
 204141 73928   99.01211   37  133  100.71420   97.20428  3.49%   309 2257s
 205000 74254   98.37220   40   96  100.71420   97.20650  3.48%   308 2270s
 205947 74678   97.66415   34   95  100.71420   97.21287  3.48%   308 2284s
 206944 75027   99.64947   32  125  100.71420   97.21740  3.47%   308 2298s
 207885 75307   97.74607   28  112  100.71420   97.22228  3.47%   308 2311s
 208822 75558     cutoff   36       100.71420   97.22548  3.46%   308 2322s
 209554 75685   97.35246   29  220  100.71420   97.22554  3.46%   308 2333s
 210075 76212   98.84871   37  139  100.71420   97.22554  3.46%   309 2357s
 211840 76639   99.83681   32   94  100.71420   97.22941  3.46%   309 2375s
 213044 76970   99.67253   35   97  100.71420   97.23477  3.45%   309 2393s
 214176 77350   98.51639   27  152  100.71420   97.23975  3.45%   309 2411s
 215324 77679  100.57145   41   76  100.71420   97.24530  3.44%   308 2431s
 216722 78091   98.12947   27  333  100.71420   97.24579  3.44%   308 2448s
 217834 78439   98.01106   48   77  100.71420   97.24579  3.44%   308 2465s
 218862 78886   97.58740   34  139  100.71420   97.25187  3.44%   308 2483s
 220046 79328     cutoff   29       100.71420   97.25968  3.43%   307 2501s
 221233 79629  100.64028   29   80  100.71420   97.26364  3.43%   307 2516s
 222067 80035   98.18494   30  100  100.71420   97.26616  3.42%   307 2533s
 223144 80316   98.82363   29  119  100.71420   97.27193  3.42%   307 2549s
 224174 80465   98.84475   38   92  100.71420   97.27454  3.42%   307 2561s
 224841 81085   99.73603   46   92  100.71420   97.27544  3.41%   307 2582s
 226561 81476   97.49430   38   94  100.71420   97.28234  3.41%   307 2601s
 227808 81869   99.43783   45   56  100.71420   97.28659  3.40%   307 2615s
 228847 82183   97.50256   26   94  100.71420   97.29129  3.40%   307 2629s
 229888 82415   98.98751   39   97  100.71420   97.29873  3.39%   306 2643s
 230486 82784   99.03674   43   94  100.71420   97.30016  3.39%   306 2659s
 231729 83022   97.61708   24  187  100.71420   97.30642  3.38%   306 2671s
 232507 83320   97.87367   28  104  100.71420   97.30887  3.38%   306 2686s
 233443 83716   98.14894   28  112  100.71420   97.31108  3.38%   306 2701s
 234636 84135   99.05388   36  201  100.71420   97.31626  3.37%   305 2716s
 235707 84454   99.54498   39   87  100.71420   97.31932  3.37%   305 2729s
 236192 84454   99.49917   42   99  100.71420   97.32079  3.37%   305 2730s
 236642 84752   99.42146   45   41  100.71420   97.32404  3.37%   305 2742s
 237507 85168   97.47413   29  109  100.71420   97.32770  3.36%   305 2757s
 238589 85610   98.68740   37   49  100.71420   97.32770  3.36%   305 2773s
 239699 85995   99.69467   28  110  100.71420   97.32770  3.36%   305 2790s
 240838 86177  100.58605   47   66  100.71420   97.33109  3.36%   305 2803s
 241390 86515   97.85300   40  133  100.71420   97.33229  3.36%   305 2817s
 242431 86867   97.58362   21  138  100.71420   97.33667  3.35%   305 2834s
 243497 87077   99.99086   34  113  100.71420   97.34140  3.35%   305 2846s
 244189 87552 infeasible   44       100.71420   97.34437  3.35%   305 2865s
 245251 88186   97.35071   28  136  100.71420   97.34838  3.34%   305 2889s
 246771 88643   97.62265   32  104  100.71420   97.35071  3.34%   304 2909s
 247996 88995   97.92246   31  115  100.71420   97.35342  3.34%   304 2924s
 249112 89362   97.86119   18  124  100.71420   97.35864  3.33%   304 2939s
 250188 89658     cutoff   32       100.71420   97.36460  3.33%   304 2954s
 251267 89968     cutoff   44       100.71420   97.37076  3.32%   304 2968s
 252263 90436   98.29290   45  116  100.71420   97.37499  3.32%   304 2984s
 253410 91025   97.51806   32   76  100.71420   97.37860  3.31%   304 3002s
 254808 91356   99.20894   26   84  100.71420   97.37860  3.31%   303 3015s
 255728 91633   98.89186   36  126  100.71420   97.38249  3.31%   303 3029s
 256030 91633   98.04329   33  162  100.71420   97.38301  3.31%   303 3030s
 256679 92074   99.09358   27  101  100.71420   97.38618  3.30%   303 3046s
 257860 92443   97.96725   34  137  100.71420   97.38804  3.30%   303 3063s
 258955 92811     cutoff   57       100.71420   97.39214  3.30%   303 3078s
 260114 93205   97.59774   32   87  100.71420   97.39982  3.29%   303 3093s
 261217 93523   99.62123   42   96  100.71420   97.40495  3.29%   303 3108s
 262060 93914   99.36423   31   93  100.71420   97.40890  3.28%   303 3127s
 263064 94276 infeasible   45       100.71420   97.41346  3.28%   303 3141s
 264015 94765   97.46576   37  147  100.71420   97.41346  3.28%   303 3158s
 265108 95031   97.87670   33  222  100.71420   97.41346  3.28%   303 3174s
 265666 95332   98.13351   31  107  100.71420   97.41346  3.28%   303 3191s
 266578 95754   98.39237   37  169  100.71420   97.41867  3.27%   303 3210s
 267805 96216  100.64028   36  117  100.71420   97.42124  3.27%   303 3230s
 269049 96512   98.15333   29  150  100.71420   97.42756  3.26%   302 3249s
 270113 96617   97.83183   26   81  100.71420   97.43229  3.26%   303 3270s
H270463 96617                     100.7141999   97.43229  3.26%   303 3270s
 270647 97939   98.29122   29  105  100.71420   97.43229  3.26%   303 3325s
 274363 97991  100.35450   34   58  100.71420   97.43438  3.26%   303 3354s
 274506 98559   97.81144   43  105  100.71420   97.43438  3.26%   303 3381s
 276210 99311 infeasible   58       100.71420   97.43614  3.25%   303 3414s
 278341 99311   98.30248   37   76  100.71420   97.43614  3.25%   302 3415s
 278625 99772   98.53027   39  130  100.71420   97.43614  3.25%   302 3439s
 280281 100341     cutoff   35       100.71420   97.43614  3.25%   302 3466s
 282061 100806   97.50540   36  116  100.71420   97.43614  3.25%   301 3490s
 283620 101338   97.88117   34  162  100.71420   97.43614  3.25%   301 3514s
 285216 101748   98.39416   43   90  100.71420   97.43614  3.25%   301 3541s
 286416 102329   97.79009   27   98  100.71420   97.43614  3.25%   301 3567s
 288096 102850   98.51769   44  121  100.71420   97.43614  3.25%   300 3591s
 289493 103040   99.09226   46   91  100.71420   97.43614  3.25%   300 3600s

Cutting planes:
  Learned: 397
  Gomory: 54
  Lift-and-project: 16
  Cover: 7361
  Implied bound: 2143
  Projected implied bound: 34
  Clique: 520
  MIR: 458
  StrongCG: 254
  Flow cover: 2560
  GUB cover: 1
  Inf proof: 492
  Zero half: 143
  Network: 3
  RLT: 448
  Relax-and-lift: 836

Explored 290030 nodes (87119102 simplex iterations) in 3600.37 seconds (4825.09 work units)
Thread count was 8 (of 24 available processors)

Solution count 10: 100.714 100.714 100.714 ... 102.036

Time limit reached
Warning: max constraint violation (2.3443e-04) exceeds tolerance
Warning: max bound violation (2.3443e-04) exceeds tolerance
Best objective 1.007141998916e+02, best bound 9.743614060284e+01, gap 3.2548%
