
Gurobi 10.0.0 (win64) logging started Sat Jan 20 22:15:44 2024

Set parameter LogFile to value "C:/Users\Administrator\Documents\BNC_Repo\BNC_Tests\10_MIP_Results\n20m2\Instance_Class4_Parts20_Machines2_Instance3_logfileChe2021.txt"
Gurobi Optimizer version 10.0.0 build v10.0.0rc2 (win64)

CPU model: AMD EPYC 7513 32-Core Processor, instruction set [SSE2|AVX|AVX2]
Thread count: 24 physical cores, 24 logical processors, using up to 8 threads

Optimize a model with 14158 rows, 2601 columns and 67018 nonzeros
Model fingerprint: 0x3c64876f
Variable types: 921 continuous, 1680 integer (1680 binary)
Coefficient statistics:
  Matrix range     [4e-06, 4e+02]
  Objective range  [1e+00, 1e+00]
  Bounds range     [1e+00, 1e+00]
  RHS range        [1e+00, 6e+02]
Presolve removed 5911 rows and 928 columns
Presolve time: 0.27s
Presolved: 8247 rows, 1673 columns, 48176 nonzeros
Variable types: 80 continuous, 1593 integer (1553 binary)
Found heuristic solution: objective 609.5923400
Root relaxation presolved: 8247 rows, 1673 columns, 48176 nonzeros


Use crossover to convert LP symmetric solution to basic solution...

Root relaxation: objective 9.411219e+01, 1680 iterations, 0.19 seconds (0.19 work units)

    Nodes    |    Current Node    |     Objective Bounds      |     Work
 Expl Unexpl |  Obj  Depth IntInf | Incumbent    BestBd   Gap | It/Node Time

     0     0   94.11219    0   73  609.59234   94.11219  84.6%     -    0s
H    0     0                     499.2462400   94.11219  81.1%     -    0s
H    0     0                     224.7287000   94.11236  58.1%     -    1s
H    0     0                     209.1754600   94.11236  55.0%     -    1s
     0     0   94.12301    0  547  209.17546   94.12301  55.0%     -    1s
     0     0   94.12301    0  440  209.17546   94.12301  55.0%     -    1s
H    0     0                     194.4450000   94.12301  51.6%     -    1s
     0     0   94.12315    0  331  194.44500   94.12315  51.6%     -    1s
     0     0   94.46510    0  454  194.44500   94.46510  51.4%     -    2s
H    0     0                     182.4492400   94.46510  48.2%     -    2s
     0     0   94.47151    0  418  182.44924   94.47151  48.2%     -    2s
     0     0   94.56714    0  498  182.44924   94.56714  48.2%     -    3s
H    0     0                     178.3290000   94.56714  47.0%     -    3s
     0     0   94.59354    0  470  178.32900   94.59354  47.0%     -    3s
     0     0   94.59440    0  453  178.32900   94.59440  47.0%     -    3s
     0     0   94.59441    0  475  178.32900   94.59441  47.0%     -    3s
H    0     0                     168.5524000   94.69094  43.8%     -    4s
     0     0   94.69094    0  460  168.55240   94.69094  43.8%     -    4s
H    0     0                     143.0855400   94.69094  33.8%     -    4s
     0     0   94.69351    0  517  143.08554   94.69351  33.8%     -    4s
     0     0   94.69428    0  480  143.08554   94.69428  33.8%     -    5s
     0     0   94.69434    0  458  143.08554   94.69434  33.8%     -    5s
H    0     0                     135.9324000   94.69439  30.3%     -    6s
H    0     0                     131.3444000   94.69439  27.9%     -    6s
H    0     0                     123.0853800   94.69439  23.1%     -    6s
H    0     0                     120.5058200   94.69439  21.4%     -    6s
H    0     0                     117.3495800   94.69439  19.3%     -    6s
H    0     0                     111.9322200   94.69439  15.4%     -    6s
     0     0   94.69439    0  473  111.93222   94.69439  15.4%     -    6s
H    0     0                     109.5169600   94.69439  13.5%     -    6s
     0     0   94.70638    0  461  109.51696   94.70638  13.5%     -    7s
     0     0   94.70994    0  449  109.51696   94.70994  13.5%     -    7s
     0     0   94.70994    0  428  109.51696   94.70994  13.5%     -    7s
     0     0   94.72511    0  242  109.51696   94.72511  13.5%     -    8s
     0     0   94.72827    0  480  109.51696   94.72827  13.5%     -    8s
     0     0   94.72910    0  497  109.51696   94.72910  13.5%     -    8s
     0     0   94.72919    0  465  109.51696   94.72919  13.5%     -    9s
H    0     0                     109.3691000   94.83606  13.3%     -   10s
H    0     0                     106.1401400   94.83606  10.7%     -   10s
     0     0   94.83606    0  532  106.14014   94.83606  10.7%     -   10s
     0     0   94.83695    0  301  106.14014   94.83695  10.6%     -   10s
     0     0   94.83731    0  318  106.14014   94.83731  10.6%     -   10s
     0     0   94.83736    0  310  106.14014   94.83736  10.6%     -   10s
     0     0   94.91354    0  483  106.14014   94.91354  10.6%     -   11s
     0     0   94.91620    0  468  106.14014   94.91620  10.6%     -   11s
     0     0   94.92711    0  502  106.14014   94.92711  10.6%     -   12s
     0     0   94.93141    0  501  106.14014   94.93141  10.6%     -   12s
     0     0   94.93143    0  488  106.14014   94.93143  10.6%     -   12s
     0     0   94.99051    0  442  106.14014   94.99051  10.5%     -   13s
     0     0   94.99608    0  437  106.14014   94.99608  10.5%     -   13s
     0     0   94.99725    0  452  106.14014   94.99725  10.5%     -   14s
     0     0   94.99775    0  451  106.14014   94.99775  10.5%     -   14s
     0     0   94.99790    0  470  106.14014   94.99790  10.5%     -   14s
     0     0   95.00634    0  337  106.14014   95.00634  10.5%     -   15s
     0     0   95.00758    0  352  106.14014   95.00758  10.5%     -   16s
     0     0   95.00794    0  375  106.14014   95.00794  10.5%     -   16s
     0     0   95.00830    0  354  106.14014   95.00830  10.5%     -   17s
     0     0   95.00835    0  369  106.14014   95.00835  10.5%     -   17s
     0     0   95.01726    0  289  106.14014   95.01726  10.5%     -   18s
     0     0   95.01912    0  262  106.14014   95.01912  10.5%     -   19s
     0     0   95.01949    0  472  106.14014   95.01949  10.5%     -   19s
     0     0   95.01971    0  297  106.14014   95.01971  10.5%     -   20s
     0     0   95.03824    0  453  106.14014   95.03824  10.5%     -   21s
     0     0   95.04033    0  476  106.14014   95.04033  10.5%     -   21s
     0     0   95.04069    0  476  106.14014   95.04069  10.5%     -   21s
     0     0   95.04232    0  472  106.14014   95.04232  10.5%     -   22s
     0     0   95.04258    0  478  106.14014   95.04258  10.5%     -   22s
     0     0   95.04270    0  495  106.14014   95.04270  10.5%     -   22s
H    0     0                     105.4695600   95.04270  9.89%     -   23s
     0     0   95.04982    0  222  105.46956   95.04982  9.88%     -   24s
H    0     0                     104.7769400   95.05352  9.28%     -   25s
     0     0   95.05352    0  307  104.77694   95.05352  9.28%     -   25s
     0     0   95.05384    0  218  104.77694   95.05384  9.28%     -   25s
     0     0   95.05422    0  233  104.77694   95.05422  9.28%     -   25s
     0     0   95.05422    0  228  104.77694   95.05422  9.28%     -   25s
     0     0   95.09674    0  497  104.77694   95.09674  9.24%     -   26s
     0     0   95.10767    0  482  104.77694   95.10767  9.23%     -   27s
     0     0   95.10895    0  487  104.77694   95.10895  9.23%     -   27s
     0     0   95.10977    0  498  104.77694   95.10977  9.23%     -   27s
     0     0   95.10993    0  505  104.77694   95.10993  9.23%     -   28s
     0     0   95.12310    0  242  104.77694   95.12310  9.21%     -   29s
     0     0   95.12598    0  283  104.77694   95.12598  9.21%     -   29s
     0     0   95.12986    0  243  104.77694   95.12986  9.21%     -   29s
     0     0   95.13082    0  246  104.77694   95.13082  9.21%     -   30s
     0     0   95.13086    0  473  104.77694   95.13086  9.21%     -   30s
     0     0   95.13221    0  431  104.77694   95.13221  9.21%     -   32s
H    0     0                     104.6195600   95.13221  9.07%     -   32s
H    0     0                     103.9251600   95.13239  8.46%     -   33s
     0     0   95.13239    0  263  103.92516   95.13239  8.46%     -   33s
     0     0   95.13354    0  447  103.92516   95.13354  8.46%     -   34s
     0     0   95.13354    0  467  103.92516   95.13354  8.46%     -   35s
     0     0   95.13354    0  458  103.92516   95.13354  8.46%     -   37s
     0     0   95.13354    0  370  103.92516   95.13354  8.46%     -   37s
     0     0   95.13354    0   61  103.92516   95.13354  8.46%     -   39s
     0     0   95.13354    0  390  103.92516   95.13354  8.46%     -   40s
     0     0   95.13354    0  233  103.92516   95.13354  8.46%     -   40s
     0     0   95.13354    0  257  103.92516   95.13354  8.46%     -   41s
     0     0   95.13354    0  208  103.92516   95.13354  8.46%     -   41s
     0     0   95.13354    0  380  103.92516   95.13354  8.46%     -   41s
     0     0   95.13354    0  393  103.92516   95.13354  8.46%     -   41s
     0     0   95.13354    0  402  103.92516   95.13354  8.46%     -   42s
     0     0   95.13445    0  381  103.92516   95.13445  8.46%     -   42s
     0     0   95.13458    0  371  103.92516   95.13458  8.46%     -   42s
     0     0   95.13847    0  319  103.92516   95.13847  8.45%     -   43s
     0     0   95.13870    0  264  103.92516   95.13870  8.45%     -   43s
     0     0   95.13949    0  462  103.92516   95.13949  8.45%     -   44s
     0     0   95.13958    0  493  103.92516   95.13958  8.45%     -   44s
     0     0   95.14047    0  285  103.92516   95.14047  8.45%     -   45s
     0     0   95.14047    0  233  103.92516   95.14047  8.45%     -   46s
     0     2   95.14047    0  213  103.92516   95.14047  8.45%     -   47s
    39    45   95.36382    7  265  103.92516   95.16282  8.43%  1313   50s
H   67    71                     103.8296800   95.16282  8.35%  1071   51s
H  112   106                     103.4666000   95.16282  8.03%   885   53s
   143   141   95.58424   19  123  103.46660   95.16282  8.03%   781   55s
H  144   141                     103.3267800   95.16282  7.90%   776   55s
H  148   141                     102.1863200   95.16282  6.87%   773   55s
H  158   153                     101.7663200   95.16282  6.49%   754   57s
H  213   186                     101.2108600   95.16282  5.98%   652   58s
   255   219 infeasible   32       101.21086   95.16282  5.98%   595   60s
   673   511   96.26295   17   93  101.21086   95.19070  5.95%   345   65s
H  833   579                     101.1973200   95.19070  5.94%   328   67s
H  834   569                     100.8700200   95.19070  5.63%   328   67s
   858   576     cutoff   30       100.87002   95.22875  5.59%   323   70s
  1269   931   98.18084   12  142  100.87002   95.27437  5.55%   316   75s
  1550  1009   98.77224   14  370  100.87002   95.27437  5.55%   291   84s
  1552  1010   99.45963   40   74  100.87002   95.27437  5.55%   291   86s
  1558  1014  100.11401   33  320  100.87002   95.27437  5.55%   290   90s
  1564  1018  100.34880   27  368  100.87002   95.27437  5.55%   289   95s
  1568  1021   97.23450   14  285  100.87002   95.27437  5.55%   288  100s
  1635  1070   95.49648   17  203  100.87002   95.27437  5.55%   343  105s
  1954  1221   96.98202   22  141  100.87002   95.27437  5.55%   339  110s
  2696  1334   99.98788   32  125  100.87002   95.36364  5.46%   294  115s
  3335  1381   98.37715   22  214  100.87002   95.36364  5.46%   271  120s
  4521  1679   98.19511   23   89  100.87002   95.36364  5.46%   247  125s
  5749  2378   99.70999   30   92  100.87002   95.88660  4.94%   224  130s
  7288  3292 infeasible   40       100.87002   95.88660  4.94%   208  135s
  9143  4319   95.88660   17  104  100.87002   95.88660  4.94%   198  141s
 10309  4892   99.94389   41   55  100.87002   95.88660  4.94%   201  145s
 11570  5712   99.90625   37   66  100.87002   95.88660  4.94%   206  151s
 12619  6320   99.10064   51   43  100.87002   95.93281  4.89%   208  156s
 13549  6897   96.54186   27  115  100.87002   95.96638  4.86%   210  161s
 14191  7305   99.72997   43  149  100.87002   95.99458  4.83%   209  166s
 15732  7787   96.21148   36  108  100.87002   96.01002  4.82%   202  170s
 16791  8414   97.17676   42   82  100.87002   96.01002  4.82%   197  175s
 18271  9155  100.80632   32   76  100.87002   96.01002  4.82%   193  180s
 20030  9998     cutoff   32       100.87002   96.01002  4.82%   188  187s
 21087 10362   96.37610   28  120  100.87002   96.01002  4.82%   184  190s
 22725 10795   99.26399   43   81  100.87002   96.02228  4.81%   183  195s
 23849 11383  100.05669   31  160  100.87002   96.04070  4.79%   185  201s
 25454 12039     cutoff   48       100.87002   96.06272  4.77%   183  207s
 26081 12369     cutoff   28       100.87002   96.06820  4.76%   183  210s
 27620 12977   97.50886   34   82  100.87002   96.09105  4.74%   182  216s
 28839 13492   97.55348   25  205  100.87002   96.09912  4.73%   183  223s
 29482 13871 infeasible   43       100.87002   96.11480  4.71%   183  227s
 30417 14247   97.57376   44  100  100.87002   96.13741  4.69%   183  230s
 32011 14880   97.66415   30   87  100.87002   96.16941  4.66%   183  238s
 32666 15199   96.49231   18  282  100.87002   96.18419  4.65%   183  242s
 33570 15440   99.21561   29  111  100.87002   96.20576  4.62%   183  246s
 34200 15711     cutoff   28       100.87002   96.21794  4.61%   184  250s
 34800 15998   97.93737   31  140  100.87002   96.25608  4.57%   185  255s
 35580 16305   99.51606   38   57  100.87002   96.27783  4.55%   185  261s
 36331 16704   97.03556   31  125  100.87002   96.30105  4.53%   186  266s
 37144 17246   97.83183   29   93  100.87002   96.30497  4.53%   187  273s
 38240 17808   98.18292   35  107  100.87002   96.30497  4.53%   187  279s
 39278 18453   96.82793   30   82  100.87002   96.30497  4.53%   188  286s
 40388 18944   96.38575   34  142  100.87002   96.30497  4.53%   188  293s
 41391 19354   96.99527   21  185  100.87002   96.30497  4.53%   189  300s
 42276 20007 infeasible   62       100.87002   96.30497  4.53%   189  309s
 43568 20710  100.84283   35   75  100.87002   96.30497  4.53%   189  317s
 44944 21039   97.43614   40   71  100.87002   96.30497  4.53%   188  322s
 45595 21788   98.87775   33   82  100.87002   96.30497  4.53%   189  331s
 46914 22376     cutoff   49       100.87002   96.30497  4.53%   188  339s
 48067 22873   96.57850   27  199  100.87002   96.30497  4.53%   189  347s
 49126 23469   96.99509   28  128  100.87002   96.30497  4.53%   188  354s
 50045 23469   97.43614   39   66  100.87002   96.30497  4.53%   188  355s
 50273 24150   98.14894   34  127  100.87002   96.30497  4.53%   188  362s
 51421 24764 infeasible   24       100.87002   96.30497  4.53%   188  369s
 52608 25226  100.82398   60   46  100.87002   96.30497  4.53%   187  376s
 53605 25664   99.37529   28  133  100.87002   96.30497  4.53%   187  383s
 54584 26152   97.45497   34  108  100.87002   96.32301  4.51%   187  389s
 55545 26435   99.89825   32  114  100.87002   96.32380  4.51%   187  395s
 56223 26653     cutoff   32       100.87002   96.33247  4.50%   187  400s
 56918 26947   99.37529   27  130  100.87002   96.34115  4.49%   188  406s
 57677 27355   98.93733   41  112  100.87002   96.35961  4.47%   189  412s
 58557 27853   99.89825   32   78  100.87002   96.37765  4.45%   189  418s
 59464 28120     cutoff   30       100.87002   96.39199  4.44%   189  423s
 60028 28721   98.38886   22  151  100.87002   96.39677  4.43%   190  431s
 61375 28923   98.99640   32  107  100.87002   96.42525  4.41%   189  436s
 61963 29244  100.82490   39   49  100.87002   96.42525  4.41%   189  442s
 62760 29503  100.75747   31  121  100.87002   96.44585  4.39%   190  449s
 63550 29942   98.29276   49  157  100.87002   96.45720  4.37%   190  457s
 64572 30313     cutoff   52       100.87002   96.46657  4.37%   190  463s
 65463 30726   98.60548   41   59  100.87002   96.46657  4.37%   190  470s
 66418 31056 infeasible   35       100.87002   96.49096  4.34%   191  477s
 67068 31335   98.76922   39  107  100.87002   96.49096  4.34%   192  483s
 67715 31649   96.59556   26  144  100.87002   96.49096  4.34%   193  490s
 68449 32078   96.57301   31  139  100.87002   96.49096  4.34%   193  497s
 69282 32383  100.86222   38   88  100.87002   96.49399  4.34%   194  503s
 70112 32630   97.78993   26   89  100.87002   96.51127  4.32%   195  509s
 70775 33003  100.00588   34   91  100.87002   96.51696  4.32%   196  516s
 71534 33522   99.99250   62   35  100.87002   96.51961  4.31%   196  524s
 72749 34147   98.86218   38  132  100.87002   96.53298  4.30%   196  534s
 74011 34668  100.34880   35   56  100.87002   96.53298  4.30%   196  542s
 75079 35171   96.53298   36   75  100.87002   96.53298  4.30%   196  550s
 76115 35712   99.42146   33   76  100.87002   96.53298  4.30%   196  557s
 77095 36176     cutoff   33       100.87002   96.53298  4.30%   195  564s
 78025 36760   99.00118   34   63  100.87002   96.53298  4.30%   195  578s
 79192 37364   99.00309   30   98  100.87002   96.53298  4.30%   194  588s
 80453 37863   98.39698   44   91  100.87002   96.53298  4.30%   194  597s
 81513 38381   99.39922   34   83  100.87002   96.53298  4.30%   193  604s
 82418 38872   98.71113   47  107  100.87002   96.53298  4.30%   193  611s
 83258 39156   99.44500   36   91  100.87002   96.54330  4.29%   193  618s
 83870 39507   97.66415   44   76  100.87002   96.54737  4.29%   193  624s
 84618 39791   99.79082   50   48  100.87002   96.55622  4.28%   193  631s
 85266 40129   98.75901   38   81  100.87002   96.56302  4.27%   194  638s
 86059 40458     cutoff   39       100.87002   96.56934  4.26%   194  644s
 86827 40930   96.66199   28  114  100.87002   96.57555  4.26%   195  654s
 87877 41430   96.99752   24  146  100.87002   96.57850  4.25%   195  663s
 88980 41779  100.21484   58   25  100.87002   96.57981  4.25%   194  669s
 89722 42050   98.33351   21  127  100.87002   96.58829  4.24%   194  675s
 90313 42743 infeasible   68       100.87002   96.59052  4.24%   194  686s
 91721 43094   98.67037   44  199  100.87002   96.60334  4.23%   194  693s
 92500 43372   97.57175   34  119  100.87002   96.60561  4.23%   194  698s
 93144 43748   96.76693   21  146  100.87002   96.61478  4.22%   194  705s
 93933 44095   98.26166   38   73  100.87002   96.62749  4.21%   195  713s
 94808 44542 infeasible   35       100.87002   96.63253  4.20%   195  721s
 95760 44843   99.85533   24   92  100.87002   96.64699  4.19%   195  729s
 96443 45215   98.12869   37   69  100.87002   96.64990  4.18%   196  737s
 97215 45445     cutoff   29       100.87002   96.66148  4.17%   197  743s
 97875 45704   98.65668   30  109  100.87002   96.66654  4.17%   197  751s
 98605 46143   97.49912   26  208  100.87002   96.67768  4.16%   197  759s
 99570 46574   97.69445   29  112  100.87002   96.68477  4.15%   197  768s
 100569 46831     cutoff   31       100.87002   96.68477  4.15%   197  776s
 101307 47253   96.69646   22  139  100.87002   96.69646  4.14%   198  783s
 102179 47476   97.76703   24  120  100.87002   96.69646  4.14%   198  790s
 102819 47714   98.17161   29  213  100.87002   96.71940  4.11%   199  797s
 103408 47974   99.15846   35   83  100.87002   96.72334  4.11%   200  803s
 104079 48410   97.66415   40   77  100.87002   96.73013  4.10%   200  812s
 105085 48836   97.60791   24  149  100.87002   96.74665  4.09%   200  820s
 105998 49202   99.37529   49   69  100.87002   96.75971  4.07%   201  827s
 106776 49640   97.49128   25  163  100.87002   96.77432  4.06%   201  835s
 107610 49961     cutoff   31       100.87002   96.78412  4.05%   201  843s
 108255 50192   96.78591   26  143  100.87002   96.78591  4.05%   201  850s
 108743 50576   98.24234   29  138  100.87002   96.78591  4.05%   203  857s
 109516 50880  100.73384   43   40  100.87002   96.78591  4.05%   203  865s
 110242 51210 infeasible   32       100.87002   96.78591  4.05%   204  874s
 111161 51705   99.94982   20   89  100.87002   96.79689  4.04%   204  885s
 112217 52155   98.57601   33   91  100.87002   96.81243  4.02%   204  894s
 113151 52758   98.12869   43   53  100.87002   96.82742  4.01%   204  905s
 114527 53173     cutoff   40       100.87002   96.82793  4.01%   204  915s
 115555 53655   97.95910   37   90  100.87002   96.82793  4.01%   205  925s
 116477 53938   97.95910   43   42  100.87002   96.82793  4.01%   205  933s
 117255 54241   99.96419   40   74  100.87002   96.83205  4.00%   205  940s
 117993 54532     cutoff   57       100.87002   96.84324  3.99%   205  945s
 118601 54908     cutoff   41       100.87002   96.84778  3.99%   206  955s
 119585 55289   99.66322   28   79  100.87002   96.85618  3.98%   206  964s
 120561 55626 infeasible   35       100.87002   96.86980  3.97%   206  972s
 121355 55827   97.43229   29   78  100.87002   96.87149  3.96%   206  979s
 121906 56287     cutoff   37       100.87002   96.87852  3.96%   206  987s
 122917 56671  100.72881   40   85  100.87002   96.89130  3.94%   206  995s
 123808 57033  100.58984   32  246  100.87002   96.90810  3.93%   207 1003s
 124521 57402   99.22947   27  129  100.87002   96.90933  3.93%   207 1011s
 125317 57829   98.95692   33   95  100.87002   96.91450  3.92%   208 1019s
 126306 58232     cutoff   36       100.87002   96.92447  3.91%   208 1027s
 127240 58795   99.44427   47   71  100.87002   96.93533  3.90%   208 1037s
 128420 59348   97.25760   21  152  100.87002   96.95084  3.89%   208 1048s
 129679 59989   98.24234   33  127  100.87002   96.95135  3.88%   208 1060s
 131071 60721   98.08252   35   93  100.87002   96.95135  3.88%   208 1073s
 132524 61092   98.93667   46   71  100.87002   96.95135  3.88%   207 1082s
 133308 61629   97.27454   32  135  100.87002   96.95135  3.88%   207 1093s
 134468 62097   99.37529   34   74  100.87002   96.95135  3.88%   207 1102s
 135570 62457 infeasible   36       100.87002   96.95135  3.88%   207 1111s
 136347 62812   98.97660   53   56  100.87002   96.95135  3.88%   207 1119s
 137116 63106   99.27110   25  210  100.87002   96.96266  3.87%   207 1125s
 137779 63578   98.61516   51   91  100.87002   96.96942  3.87%   208 1135s
 138863 63962   98.60548   36   68  100.87002   96.98616  3.85%   207 1143s
 139714 64264   97.93156   37   98  100.87002   96.98953  3.85%   208 1152s
 140456 64530  100.86905   40  116  100.87002   96.99752  3.84%   208 1160s
 141199 64842   98.95270   27  230  100.87002   97.00145  3.84%   208 1169s
 142164 65201   98.39465   39  104  100.87002   97.00920  3.83%   208 1177s
 142891 65520   97.74607   25  112  100.87002   97.01392  3.82%   209 1183s
 143491 65799 infeasible   72       100.87002   97.01392  3.82%   209 1190s
 144067 66123  100.70947   38   45  100.87002   97.01392  3.82%   210 1197s
 144728 66480  100.19486   43   80  100.87002   97.01392  3.82%   211 1205s
 145532 66822     cutoff   34       100.87002   97.02162  3.82%   211 1213s
 146236 67170   99.30289   26  163  100.87002   97.03053  3.81%   211 1223s
 147174 67437   97.56937   30  181  100.87002   97.04054  3.80%   211 1231s
 147909 67851   98.03247   35  104  100.87002   97.05314  3.78%   211 1240s
 148796 68157     cutoff   44       100.87002   97.06017  3.78%   211 1247s
 149460 68548  100.15027   35   41  100.87002   97.06655  3.77%   212 1256s
 150318 68901   98.16444   26  117  100.87002   97.07519  3.76%   212 1265s
 151229 69265   98.35479   34   81  100.87002   97.08527  3.75%   212 1273s
 152031 69544   98.83978   26  177  100.87002   97.09726  3.74%   212 1282s
 152794 69928   98.92384   33  198  100.87002   97.09969  3.74%   213 1291s
 153634 70325   97.22554   26  142  100.87002   97.11176  3.73%   213 1299s
 154498 70712   99.62731   33   54  100.87002   97.11753  3.72%   213 1310s
 155425 70862     cutoff   44       100.87002   97.12543  3.71%   213 1318s
 155845 71058   98.40614   27  112  100.87002   97.13001  3.71%   213 1326s
 156534 71359   99.48291   33  227  100.87002   97.13655  3.70%   213 1339s
 157789 71781   99.42146   41   64  100.87002   97.14119  3.70%   214 1349s
 158972 72198   99.00118   30  112  100.87002   97.15260  3.69%   214 1359s
 159915 72547   98.63070   39   81  100.87002   97.16147  3.68%   214 1368s
 160780 72892   98.15766   28  102  100.87002   97.17081  3.67%   214 1377s
 161669 73292   99.37316   26  229  100.87002   97.18159  3.66%   214 1385s
 162629 73543   97.69008   30  108  100.87002   97.18352  3.65%   214 1393s
 163275 73764   97.74939   38  115  100.87002   97.19076  3.65%   214 1399s
 163858 74239   97.74607   38  130  100.87002   97.19354  3.64%   214 1408s
 164865 74798   98.78990   40  111  100.87002   97.20642  3.63%   214 1419s
 165989 75204   98.08252   36   68  100.87002   97.21683  3.62%   214 1428s
 166955 75400   98.68740   29  106  100.87002   97.22311  3.62%   215 1437s
 167701 75794   97.35428   27  140  100.87002   97.22311  3.62%   215 1446s
 168492 76080  100.26286   33   86  100.87002   97.22554  3.61%   215 1455s
 169209 76372 infeasible   30       100.87002   97.22554  3.61%   215 1464s
 170048 77037   98.12869   37   88  100.87002   97.23697  3.60%   216 1475s
 171387 77465  100.46801   48   50  100.87002   97.24825  3.59%   215 1486s
 172406 77833     cutoff   37       100.87002   97.25699  3.58%   215 1497s
 173283 78087 infeasible   26       100.87002   97.26387  3.58%   215 1506s
 174200 78188   99.66913   25  328  100.87002   97.27540  3.56%   215 1514s
 174698 78486   99.90554   31   88  100.87002   97.28382  3.56%   215 1522s
 175551 78837   98.08252   33   93  100.87002   97.29585  3.54%   216 1532s
 176514 79101  100.84471   48   60  100.87002   97.30233  3.54%   216 1542s
 177278 79412 infeasible   38       100.87002   97.30860  3.53%   216 1553s
 178158 79834   97.98328   37  146  100.87002   97.31119  3.53%   216 1564s
 179246 80086   98.29029   51   58  100.87002   97.32072  3.52%   216 1573s
 180019 80602   98.98575   35   88  100.87002   97.32812  3.51%   217 1587s
 181182 80865   97.43614   29   71  100.87002   97.33424  3.51%   217 1596s
 181925 81507   99.72495   38   61  100.87002   97.34637  3.49%   217 1610s
 183331 81827   98.77316   34   87  100.87002   97.35071  3.49%   217 1620s
 184148 82176 infeasible   31       100.87002   97.35899  3.48%   217 1629s
 184979 82742   98.46593   26  252  100.87002   97.36982  3.47%   217 1642s
 186208 83037     cutoff   34       100.87002   97.37499  3.46%   217 1652s
 186994 83548  100.84491   37  109  100.87002   97.38700  3.45%   217 1664s
 188354 83773   98.04136   38  153  100.87002   97.38909  3.45%   217 1672s
 189022 84019   97.64880   24  114  100.87002   97.39264  3.45%   217 1681s
 189660 84345 infeasible   37       100.87002   97.39948  3.44%   217 1692s
 190423 84765 infeasible   37       100.87002   97.40831  3.43%   217 1703s
 191349 85026  100.59080   32   90  100.87002   97.41054  3.43%   217 1711s
 191960 85357   99.93314   42   93  100.87002   97.41927  3.42%   217 1722s
 192710 85683   97.43614   43  132  100.87002   97.41927  3.42%   218 1731s
 193460 86178   97.43614   32  156  100.87002   97.43229  3.41%   218 1746s
 194529 86731   97.87720   43  151  100.87002   97.43229  3.41%   219 1763s
 195975 87475     cutoff   46       100.87002   97.43614  3.40%   219 1784s
 198099 88209   98.12869   49   75  100.87002   97.43614  3.40%   219 1806s
 200094 88675   98.12869   44   92  100.87002   97.43614  3.40%   219 1822s
 201504 89197   98.21420   40  105  100.87002   97.43614  3.40%   219 1841s
 203128 89793   98.12070   34  122  100.87002   97.43614  3.40%   219 1858s
 204653 90382   99.52071   41   79  100.87002   97.43614  3.40%   219 1873s
 206114 90778   99.30203   47   66  100.87002   97.43614  3.40%   219 1885s
 207137 91308   98.12869   33   91  100.87002   97.43614  3.40%   219 1901s
 208412 91903   99.37529   35   94  100.87002   97.43614  3.40%   219 1916s
 209883 92564   98.23793   42  239  100.87002   97.43614  3.40%   219 1933s
 211343 93047   99.99250   51   38  100.87002   97.43614  3.40%   219 1948s
 212465 93490 infeasible   32       100.87002   97.43614  3.40%   219 1962s
 213395 94112   98.29029   56   36  100.87002   97.43614  3.40%   219 1980s
 214818 94739   97.43614   38  129  100.87002   97.43614  3.40%   219 1998s
 216447 95307   98.98447   35  135  100.87002   97.43614  3.40%   219 2015s
 217968 95908   98.15256   37  136  100.87002   97.43614  3.40%   219 2032s
 219435 96405   99.37529   31   94  100.87002   97.43614  3.40%   219 2049s
 220863 96740   98.24989   40   76  100.87002   97.43614  3.40%   219 2062s
 221968 97333   98.12869   32  112  100.87002   97.43614  3.40%   219 2080s
 223564 97812   97.67853   40  125  100.87002   97.43614  3.40%   219 2095s
 224851 98209   97.43614   32  133  100.87002   97.43614  3.40%   219 2108s
 225904 98751   97.55734   31   98  100.87002   97.43614  3.40%   219 2122s
 227155 99250   97.43614   37  115  100.87002   97.43614  3.40%   219 2136s
 228468 99479 infeasible   52       100.87002   97.43614  3.40%   218 2147s
 229302 99784  100.11913   33  166  100.87002   97.43614  3.40%   218 2158s
 230165 100133   99.64260   58   50  100.87002   97.43614  3.40%   218 2169s
 231105 100446   99.00309   37   88  100.87002   97.44242  3.40%   218 2179s
 231859 100912  100.42932   42   88  100.87002   97.44587  3.39%   219 2192s
 233033 101174 infeasible   35       100.87002   97.45070  3.39%   219 2202s
 233877 101442  100.22944   47   53  100.87002   97.45301  3.39%   219 2212s
 234638 101919   99.80069   30  128  100.87002   97.45779  3.38%   219 2223s
 235690 102347   99.58306   49   44  100.87002   97.46122  3.38%   219 2233s
 236681 102761   97.66415   45   80  100.87002   97.46505  3.38%   219 2245s
 237638 103011     cutoff   28       100.87002   97.46860  3.37%   219 2255s
 238385 103241   97.73048   36  114  100.87002   97.47154  3.37%   219 2264s
 239059 103629   97.47431   33  103  100.87002   97.47431  3.37%   219 2277s
 240194 104030     cutoff   32       100.87002   97.47431  3.37%   219 2290s
 241142 104436   99.46572   34   91  100.87002   97.47846  3.36%   219 2304s
 242055 105053   98.00142   34   80  100.87002   97.47846  3.36%   219 2320s
 243466 105469   99.90625   35   71  100.87002   97.48381  3.36%   219 2334s
 244515 106025   98.84839   24  132  100.87002   97.48515  3.36%   219 2348s
 245823 106423   97.66568   41  115  100.87002   97.49001  3.35%   219 2360s
 246917 106663   98.37154   45  101  100.87002   97.49518  3.35%   219 2370s
 247718 106988   97.51806   35  178  100.87002   97.50113  3.34%   219 2382s
 248735 107236   99.00118   27  129  100.87002   97.50374  3.34%   219 2391s
 249470 107516   99.99329   36   37  100.87002   97.50660  3.33%   219 2402s
H250184 107516                     100.8700195   97.50899  3.33%   219 2402s
H250280 107563                     100.8700193   97.51163  3.33%   219 2414s
 250560 109211   99.95437   29   86  100.87002   97.51416  3.33%   219 2469s
 252777 109211   98.23367   24  149  100.87002   97.51539  3.33%   219 2470s
 254892 109660   98.67596   28   99  100.87002   97.51806  3.32%   219 2486s
 255938 110266   97.55141   35  125  100.87002   97.51806  3.32%   219 2506s
 257495 110719   99.37853   36  105  100.87002   97.51806  3.32%   219 2524s
 258757 111169   99.81715   35   38  100.87002   97.51806  3.32%   219 2540s
 259962 111550  100.08254   32  110  100.87002   97.51806  3.32%   219 2555s
 261012 111771   98.98288   41   84  100.87002   97.51806  3.32%   219 2566s
 261878 112075 infeasible   61       100.87002   97.52549  3.32%   219 2583s
 262995 112416     cutoff   26       100.87002   97.53061  3.31%   219 2599s
 264090 112753   99.79223   25  272  100.87002   97.53443  3.31%   219 2615s
 265205 112911 infeasible   44       100.87002   97.53701  3.30%   219 2625s
 265765 113222   97.54541   29  138  100.87002   97.53868  3.30%   219 2641s
 266906 113541   99.89594   43   75  100.87002   97.54490  3.30%   220 2659s
 268069 113845   98.34804   28   78  100.87002   97.55048  3.29%   220 2674s
 269159 114147   98.73148   43   96  100.87002   97.55673  3.28%   220 2689s
 270257 114527   98.01323   36  133  100.87002   97.56265  3.28%   220 2705s
 271464 114921     cutoff   34       100.87002   97.56952  3.27%   220 2723s
 272746 115249   98.28961   29  141  100.87002   97.57465  3.27%   220 2736s
 273640 115702   97.87754   40  127  100.87002   97.57769  3.26%   220 2752s
 274895 115900   97.59774   44   99  100.87002   97.58283  3.26%   220 2764s
 275691 116127   99.64947   32   88  100.87002   97.58996  3.25%   220 2778s
 276729 116448   98.25147   43  108  100.87002   97.59384  3.25%   221 2798s
 278363 116830  100.10602   45   82  100.87002   97.59774  3.24%   221 2817s
 279634 117100   99.37047   37  106  100.87002   97.59774  3.24%   221 2833s
 280716 117468   98.41149   37   83  100.87002   97.59774  3.24%   221 2852s
 281980 117771   98.11674   34  273  100.87002   97.59774  3.24%   221 2869s
 282505 117771   98.04731   42  173  100.87002   97.59774  3.24%   221 2870s
 283127 117913   99.90625   43  138  100.87002   97.59774  3.24%   221 2884s
 284049 118182   97.93231   35  161  100.87002   97.59774  3.24%   221 2901s
 285113 118506  100.59753   34  126  100.87002   97.59774  3.24%   221 2918s
 286298 118737   98.13688   31  201  100.87002   97.59774  3.24%   221 2933s
 287346 119134   97.82893   26  136  100.87002   97.60547  3.24%   221 2950s
 288603 119410  100.59164   54   63  100.87002   97.60885  3.23%   221 2966s
 289643 119684   97.87700   33  147  100.87002   97.61356  3.23%   221 2981s
 290639 120168   97.62265   40  123  100.87002   97.62060  3.22%   221 2999s
 292044 120430   98.79141   39  163  100.87002   97.62265  3.22%   221 3014s
 292895 120583  100.59880   57   47  100.87002   97.62864  3.21%   221 3028s
 293623 120814   98.38776   48   87  100.87002   97.63104  3.21%   221 3048s
 294721 120988   97.64880   24  175  100.87002   97.63384  3.21%   221 3062s
 295636 121219   99.37529   35   73  100.87002   97.63591  3.21%   221 3075s
 296449 121505   97.74607   39  136  100.87002   97.64148  3.20%   221 3093s
 297537 121803   97.64391   33  122  100.87002   97.64391  3.20%   221 3111s
 298815 122119 infeasible   30       100.87002   97.64391  3.20%   221 3128s
 299967 122325   99.83699   39   69  100.87002   97.65135  3.19%   221 3143s
 300824 122740   99.79197   28  275  100.87002   97.65526  3.19%   221 3163s
 302396 123158   99.96457   23  196  100.87002   97.66309  3.18%   221 3183s
 303871 123526   99.00309   34   87  100.87002   97.66415  3.18%   221 3201s
 305043 123909     cutoff   36       100.87002   97.66415  3.18%   221 3220s
 306352 124314 infeasible   36       100.87002   97.66415  3.18%   222 3239s
 307643 124706   98.14894   44   81  100.87002   97.66415  3.18%   222 3259s
 309102 125072   97.82575   32  152  100.87002   97.66415  3.18%   222 3280s
 310449 125449   99.29804   40   84  100.87002   97.66415  3.18%   222 3296s
 311541 125876   97.82575   32   88  100.87002   97.66415  3.18%   222 3315s
 312821 126211     cutoff   39       100.87002   97.66415  3.18%   222 3333s
 313994 126637   98.95692   30  107  100.87002   97.66415  3.18%   222 3353s
 315230 126900   99.29804   45   57  100.87002   97.66415  3.18%   222 3373s
H315360 120147                     100.7142000   97.66415  3.03%   222 3373s
 316078 120618   99.25323   46   68  100.71420   97.66415  3.03%   222 3392s
 317486 121129   98.45455   40   85  100.71420   97.66415  3.03%   222 3413s
 318985 121429 infeasible   59       100.71420   97.66415  3.03%   222 3433s
 320063 121888   97.66415   27  107  100.71420   97.66415  3.03%   222 3454s
 321501 122419   97.71499   36  131  100.71420   97.66415  3.03%   222 3476s
 323027 122821   98.27355   46  159  100.71420   97.66415  3.03%   222 3500s
 324348 123256     cutoff   33       100.71420   97.66415  3.03%   222 3521s
 325713 123651   97.82575   46  137  100.71420   97.66415  3.03%   222 3538s
 326911 123990   97.66415   36  120  100.71420   97.66415  3.03%   222 3554s
 327933 124261 infeasible   37       100.71420   97.66415  3.03%   222 3569s
 328829 124446     cutoff   28       100.71420   97.66806  3.02%   222 3586s
H329506 112617                     100.3983600   97.67024  2.72%   222 3587s
 329622 112810   98.44389   32   70  100.39836   97.67024  2.72%   222 3600s

Cutting planes:
  Learned: 359
  Gomory: 20
  Lift-and-project: 12
  Cover: 7618
  Implied bound: 2187
  Projected implied bound: 54
  Clique: 447
  MIR: 553
  StrongCG: 389
  Flow cover: 2678
  GUB cover: 1
  Inf proof: 528
  Zero half: 181
  Network: 1
  RLT: 386
  Relax-and-lift: 793

Explored 330532 nodes (73417974 simplex iterations) in 3600.49 seconds (3412.88 work units)
Thread count was 8 (of 24 available processors)

Solution count 10: 100.398 100.398 100.714 ... 102.186

Time limit reached
Best objective 1.003983600000e+02, best bound 9.767494379433e+01, gap 2.7126%
