
Gurobi 10.0.0 (win64) logging started Sun Jan 21 00:15:48 2024

Set parameter LogFile to value "C:/Users\Administrator\Documents\BNC_Repo\BNC_Tests\10_MIP_Results\n20m2\Instance_Class4_Parts20_Machines2_Instance4_logfileChe1021.txt"
Gurobi Optimizer version 10.0.0 build v10.0.0rc2 (win64)

CPU model: AMD EPYC 7513 32-Core Processor, instruction set [SSE2|AVX|AVX2]
Thread count: 24 physical cores, 24 logical processors, using up to 8 threads

Optimize a model with 14158 rows, 2601 columns and 68736 nonzeros
Model fingerprint: 0xc123205f
Variable types: 921 continuous, 1680 integer (1680 binary)
Coefficient statistics:
  Matrix range     [4e-06, 5e+02]
  Objective range  [1e+00, 1e+00]
  Bounds range     [1e+00, 1e+00]
  RHS range        [1e+00, 7e+02]
Presolve removed 4102 rows and 886 columns
Presolve time: 0.27s
Presolved: 10056 rows, 1715 columns, 65165 nonzeros
Variable types: 80 continuous, 1635 integer (1595 binary)
Found heuristic solution: objective 581.8648000
Root relaxation presolved: 10056 rows, 1715 columns, 65165 nonzeros


Root relaxation: objective 6.554942e+01, 4810 iterations, 0.63 seconds (1.03 work units)

    Nodes    |    Current Node    |     Objective Bounds      |     Work
 Expl Unexpl |  Obj  Depth IntInf | Incumbent    BestBd   Gap | It/Node Time

     0     0   65.54942    0  226  581.86480   65.54942  88.7%     -    1s
H    0     0                     280.5452000   65.54942  76.6%     -    1s
H    0     0                     242.2743400   65.54942  72.9%     -    1s
H    0     0                     236.4517200   65.54942  72.3%     -    1s
H    0     0                     211.5779200   65.54965  69.0%     -    1s
H    0     0                     184.1684000   65.54965  64.4%     -    1s
H    0     0                     102.2809400   65.64374  35.8%     -    2s
     0     0   65.81392    0  319  102.28094   65.81392  35.7%     -    3s
     0     0   65.84056    0  510  102.28094   65.84056  35.6%     -    3s
     0     0   65.84056    0  504  102.28094   65.84056  35.6%     -    3s
     0     0   65.87931    0  352  102.28094   65.87931  35.6%     -    3s
     0     0   65.87931    0  148  102.28094   65.87931  35.6%     -    6s
H    0     0                     102.0394467   65.87931  35.4%     -    6s
H    0     0                      93.8953200   65.87931  29.8%     -    7s
     0     0   66.03024    0  235   93.89532   66.03024  29.7%     -    7s
     0     0   66.20392    0  218   93.89532   66.20392  29.5%     -    7s
     0     0   66.20392    0  229   93.89532   66.20392  29.5%     -    7s
     0     0   66.20392    0  214   93.89532   66.20392  29.5%     -    7s
     0     0   66.20392    0  216   93.89532   66.20392  29.5%     -    7s
     0     0   66.30603    0  373   93.89532   66.30603  29.4%     -    8s
     0     0   66.33295    0  272   93.89532   66.33295  29.4%     -    8s
     0     0   66.34432    0  201   93.89532   66.34432  29.3%     -    8s
     0     0   66.34838    0  209   93.89532   66.34838  29.3%     -    8s
     0     0   66.34880    0  203   93.89532   66.34880  29.3%     -    8s
     0     0   66.34884    0  199   93.89532   66.34884  29.3%     -    8s
     0     0   66.46035    0  209   93.89532   66.46035  29.2%     -    9s
     0     0   66.46406    0  304   93.89532   66.46406  29.2%     -    9s
     0     0   66.47209    0  316   93.89532   66.47209  29.2%     -    9s
     0     0   66.47301    0  367   93.89532   66.47301  29.2%     -    9s
     0     0   66.47301    0  364   93.89532   66.47301  29.2%     -    9s
     0     0   66.57436    0  341   93.89532   66.57436  29.1%     -   10s
     0     0   66.57436    0  226   93.89532   66.57436  29.1%     -   10s
     0     0   66.57436    0  426   93.89532   66.57436  29.1%     -   10s
     0     0   66.58975    0  414   93.89532   66.58975  29.1%     -   11s
     0     0   66.65106    0  300   93.89532   66.65106  29.0%     -   11s
     0     0   66.65106    0  440   93.89532   66.65106  29.0%     -   12s
     0     0   66.77173    0  419   93.89532   66.77173  28.9%     -   12s
     0     0   66.83766    0  436   93.89532   66.83766  28.8%     -   12s
     0     0   66.94821    0  212   93.89532   66.94821  28.7%     -   12s
     0     0   66.97724    0  216   93.89532   66.97724  28.7%     -   13s
     0     0   67.15167    0  270   93.89532   67.15167  28.5%     -   13s
     0     0   67.20997    0  213   93.89532   67.20997  28.4%     -   14s
     0     0   67.20997    0  209   93.89532   67.20997  28.4%     -   14s
     0     0   67.21554    0  201   93.89532   67.21554  28.4%     -   14s
     0     0   67.21554    0  203   93.89532   67.21554  28.4%     -   14s
     0     0   67.26915    0  341   93.89532   67.26915  28.4%     -   14s
     0     0   67.26915    0  293   93.89532   67.26915  28.4%     -   15s
H    0     0                      82.4008000   67.26915  18.4%     -   16s
H    0     0                      78.9872200   67.26915  14.8%     -   16s
     0     2   67.26915    0  185   78.98722   67.26915  14.8%     -   16s
H   33    39                      78.5008600   67.26915  14.3%  1195   19s
H   34    39                      78.2656000   67.26915  14.1%  1234   19s
    64    75   69.23768    7  151   78.26560   67.26915  14.1%  1014   20s
H   65    75                      77.9097200   67.26915  13.7%   999   20s
H   91   100                      76.7443800   67.26915  12.3%   823   20s
H  102   100                      76.2665800   67.26915  11.8%   763   20s
H  109   108                      76.1083200   67.26915  11.6%   726   21s
H  112   108                      75.9665800   67.26915  11.4%   711   21s
H  119   108                      75.5665800   67.26915  11.0%   693   21s
H  162   137                      75.4083200   67.26915  10.8%   604   23s
H  164   137                      75.3104000   67.26915  10.7%   597   23s
H  165   137                      74.8982000   67.26915  10.2%   609   23s
H  176   156                      74.1806800   67.26915  9.32%   595   23s
   296   242   71.37159   33   50   74.18068   67.26915  9.32%   432   26s
   553   429   71.89408   17   73   74.18068   67.55200  8.94%   349   30s
H  640   477                      73.4219600   67.62192  7.90%   323   30s
   832   545   69.04495    9  151   73.42196   67.62192  7.90%   319   35s
  1282   801   68.63297    7  165   73.42196   67.67159  7.83%   334   41s
  1472   891   68.29396   12  352   73.42196   67.67159  7.83%   317   49s
  1474   892   71.90773   27  181   73.42196   67.67159  7.83%   316   54s
  1478   895   73.38522   28  223   73.42196   67.67159  7.83%   315   55s
  1489   907   67.67159   14  365   73.42196   67.67159  7.83%   334   60s
  1677  1011   69.40965   25  124   73.42196   67.67159  7.83%   346   66s
H 1678   964                      72.8395600   67.67159  7.10%   345   66s
  2039  1039   70.31765   18  160   72.83956   67.67159  7.10%   321   72s
  2421  1157   69.49078   28  112   72.83956   67.67159  7.10%   300   75s
  3901  1525   70.18647   32   92   72.83956   67.67159  7.10%   252   80s
  5603  2275   70.42378   37   63   72.83956   68.68086  5.71%   222   85s
  6461  2761   69.02454   21  142   72.83956   68.79560  5.55%   213   90s
  7925  3545   70.58292   31   85   72.83956   68.93929  5.35%   201   96s
  9405  4188   69.86805   26   98   72.83956   68.94183  5.35%   190  100s
 10510  4731   70.58401   32   91   72.83956   69.04768  5.21%   187  105s
 12051  5295   70.23898   27   82   72.83956   69.10061  5.13%   183  110s
 13425  5885   72.32882   47   44   72.83956   69.10061  5.13%   184  116s
 14305  6239 infeasible   59        72.83956   69.10061  5.13%   185  120s
 14863  7354   70.73407   38   91   72.83956   69.10061  5.13%   186  134s
 17623  7647   71.23990   36   77   72.83956   69.15817  5.05%   187  138s
 18376  7968   70.25107   31   97   72.83956   69.23294  4.95%   185  142s
 19232  8157   70.28969   29  104   72.83956   69.24629  4.93%   185  145s
 20993  8622   70.51559   30  103   72.83956   69.30978  4.85%   185  152s
 21734  8867 infeasible   50        72.83956   69.30978  4.85%   186  157s
 22514  9173   70.58108   31  100   72.83956   69.30978  4.85%   188  161s
 23296  9463 infeasible   25        72.83956   69.30978  4.85%   189  165s
 24854  9975   70.83725   36   63   72.83956   69.30978  4.85%   191  173s
 25502 10438   69.38109   30  249   72.83956   69.31213  4.84%   194  177s
 26471 10933   71.55682   35   97   72.83956   69.31232  4.84%   194  182s
 27630 11253   70.69392   36   72   72.83956   69.31232  4.84%   193  186s
 28449 11596   70.58256   33   94   72.83956   69.31232  4.84%   193  190s
 29309 11856   72.38468   39   68   72.83956   69.34185  4.80%   194  195s
 29968 12103   70.03217   34  106   72.83956   69.36185  4.77%   195  200s
H30206 12061                      72.8219600   69.36271  4.75%   196  200s
 30526 12500   70.16857   36  118   72.82196   69.36524  4.75%   196  208s
 31818 12740   70.02944   32  136   72.82196   69.38028  4.73%   196  214s
 32520 13207   70.21918   29   96   72.82196   69.38981  4.71%   196  220s
 33687 13571   70.31170   24   96   72.82196   69.41817  4.67%   197  229s
 34602 14083   70.18446   27   88   72.82196   69.41817  4.67%   196  235s
 35861 14555   69.77145   26  120   72.82196   69.41817  4.67%   196  242s
 37137 15077   69.62988   24   92   72.82196   69.47578  4.60%   196  249s
*37744 14931              80      72.7584800   69.48679  4.50%   195  249s
 38423 15377   70.56763   22  107   72.75848   69.52430  4.45%   195  256s
 39644 15883   71.50903   33  111   72.75848   69.57698  4.37%   194  263s
 40932 16308   70.60903   35  112   72.75848   69.62106  4.31%   192  269s
 41987 16805   71.14218   25   89   72.75848   69.63172  4.30%   192  276s
 43232 17222   70.32004   34  106   72.75848   69.66537  4.25%   191  282s
 44368 17619     cutoff   41        72.75848   69.69695  4.21%   190  288s
 45434 17908   70.68842   38   55   72.75848   69.72239  4.17%   189  292s
 46219 18267   71.42938   32  139   72.75848   69.74319  4.14%   189  297s
 47035 18719   72.09205   36   74   72.75848   69.76063  4.12%   189  303s
 47971 19046   69.94744   36   92   72.75848   69.77381  4.10%   188  307s
 48684 19420   70.98631   39   86   72.75848   69.78866  4.08%   188  311s
 49530 19741   71.99207   34   93   72.75848   69.78866  4.08%   188  316s
 50464 20137   70.39190   26   89   72.75848   69.81281  4.05%   188  321s
 51577 20481   72.30631   28  122   72.75848   69.82217  4.04%   187  326s
 52356 20815   72.69476   57   34   72.75848   69.83905  4.01%   187  331s
 53307 21215 infeasible   33        72.75848   69.85651  3.99%   187  337s
 54377 21520   72.59398   31   60   72.75848   69.87795  3.96%   186  341s
 55203 21885   71.60441   34  104   72.75848   69.89451  3.94%   186  347s
 56191 22234   69.95090   33   85   72.75848   69.91129  3.91%   185  352s
 57191 22676   72.25059   48   56   72.75848   69.92267  3.90%   185  358s
 58308 23078   70.21444   35   74   72.75848   69.94281  3.87%   184  364s
 59248 23389   72.22076   59   40   72.75848   69.94490  3.87%   183  371s
 60270 23804   72.54260   40   42   72.75848   69.94490  3.87%   183  378s
 61484 24147 infeasible   31        72.75848   69.94490  3.87%   183  384s
 62359 24711   71.74355   32   89   72.75848   69.94490  3.87%   183  392s
 63536 25131   70.96198   33   72   72.75848   69.94744  3.86%   182  398s
 64493 25603   71.26008   29   86   72.75848   69.95724  3.85%   182  405s
 65684 25966   69.96923   26   79   72.75848   69.96923  3.83%   181  412s
 66615 26386   71.48845   34  142   72.75848   69.98284  3.81%   181  418s
 67644 26606   70.67834   33   75   72.75848   69.98967  3.81%   181  423s
 68326 26910   71.31940   38  108   72.75848   69.99783  3.79%   181  429s
 69067 27131   70.31539   27   95   72.75848   69.99783  3.79%   181  434s
 69684 27354   70.03753   29  133   72.75848   69.99783  3.79%   182  439s
 70319 27631   70.58232   28  141   72.75848   69.99783  3.79%   183  444s
 71019 27939   70.99005   36  117   72.75848   69.99783  3.79%   184  451s
 71838 28335 infeasible   34        72.75848   70.00037  3.79%   184  457s
 72764 28736   70.31793   36  105   72.75848   70.00037  3.79%   184  464s
 73671 29075   71.24550   29  115   72.75848   70.00532  3.78%   184  470s
 74581 29390   71.86610   35   63   72.75848   70.01117  3.78%   184  476s
 75434 29790   70.74134   31   74   72.75848   70.01566  3.77%   184  484s
 76529 30229 infeasible   31        72.75848   70.02288  3.76%   184  491s
 77554 30507   70.24777   27  147   72.75848   70.03073  3.75%   184  496s
 78318 30778   70.26332   27  120   72.75848   70.03521  3.74%   184  503s
 79228 31024   70.15610   27   97   72.75848   70.04399  3.73%   184  509s
 80085 31334   70.95051   30  108   72.75848   70.05013  3.72%   184  515s
 80816 31770   72.43546   41  101   72.75848   70.05329  3.72%   184  521s
 81724 32151   70.50503   32   75   72.75848   70.05329  3.72%   184  528s
 82656 32448   71.97834   39   57   72.75848   70.05546  3.72%   184  535s
 83534 32813   71.49518   29   63   72.75848   70.06627  3.70%   184  542s
 84570 33092   70.42822   23  180   72.75848   70.07350  3.69%   184  547s
 85404 33425     cutoff   41        72.75848   70.08143  3.68%   184  553s
 86257 33800   70.58003   37   79   72.75848   70.08898  3.67%   184  560s
 87237 34177   70.45860   33   99   72.75848   70.09620  3.66%   184  568s
 88312 34589   70.48310   33   97   72.75848   70.10327  3.65%   184  576s
 89355 34854   70.72365   35   90   72.75848   70.10622  3.65%   184  582s
 90107 34930   70.46591   40   82   72.75848   70.10622  3.65%   184  588s
 90336 35279     cutoff   39        72.75848   70.10622  3.65%   184  596s
 91250 35729   71.80974   32   81   72.75848   70.10622  3.65%   185  604s
 92489 36080     cutoff   37        72.75848   70.10777  3.64%   185  611s
 93537 36363   70.55516   26   94   72.75848   70.11807  3.63%   185  617s
 94493 36727 infeasible   27        72.75848   70.12448  3.62%   185  625s
 95617 37156   71.25988   32  113   72.75848   70.13435  3.61%   185  632s
 96834 37541   72.61600   47   23   72.75848   70.14427  3.59%   185  640s
 98000 37942 infeasible   51        72.75848   70.15289  3.58%   185  647s
 99109 38541   70.28470   34  104   72.75848   70.15603  3.58%   185  656s
*99286 38156              69      72.7078600   70.15603  3.51%   184  656s
H100516 35832                      72.4423000   70.15777  3.15%   184  662s
 101083 36073   71.26396   34  108   72.44230   70.15915  3.15%   184  669s
 102165 36416   70.77936   32   99   72.44230   70.15915  3.15%   184  676s
 103295 36821   72.21207   35   59   72.44230   70.16925  3.14%   184  683s
 104304 36995   71.61166   30   55   72.44230   70.17122  3.14%   183  688s
 104752 37325   71.05149   30   79   72.44230   70.17156  3.13%   184  695s
 105740 37688   71.26717   38   66   72.44230   70.17973  3.12%   184  701s
 106885 37899     cutoff   50        72.44230   70.18527  3.12%   184  708s
 107912 38205   70.58256   31   81   72.44230   70.19113  3.11%   183  715s
 108913 38444   70.73182   45  180   72.44230   70.19753  3.10%   183  721s
 109752 38774   71.00380   32   84   72.44230   70.20124  3.09%   183  728s
 110849 39087   72.43047   39   81   72.44230   70.20782  3.08%   183  736s
 112029 39352   71.98925   33   75   72.44230   70.20954  3.08%   183  743s
 113033 39641   71.54601   35   82   72.44230   70.21192  3.08%   183  750s
 113918 39971   71.54720   37   67   72.44230   70.21427  3.08%   183  756s
 114781 40210   71.55115   28  139   72.44230   70.21821  3.07%   183  762s
 115602 40434   71.15593   38  142   72.44230   70.22531  3.06%   183  768s
 116526 40752   70.50543   29  116   72.44230   70.22958  3.05%   183  775s
 117583 41079   71.32368   38   73   72.44230   70.23508  3.05%   183  782s
 118657 41331   71.29039   29  101   72.44230   70.23894  3.04%   183  788s
 119447 41836   71.62017   30   98   72.44230   70.24557  3.03%   183  796s
 120853 42240   71.82035   38  110   72.44230   70.25124  3.02%   183  803s
 121907 42628   70.62505   34   91   72.44230   70.25124  3.02%   183  810s
 122979 42967   71.13151   41   63   72.44230   70.25124  3.02%   182  816s
 123971 43312   70.88764   30   97   72.44230   70.25124  3.02%   182  821s
 124867 43600   71.05890   37   85   72.44230   70.25588  3.02%   182  828s
 125776 43905     cutoff   39        72.44230   70.26036  3.01%   182  834s
 126787 44237   71.36858   45   85   72.44230   70.26500  3.01%   182  841s
 127732 44432   71.72399   32  102   72.44230   70.26715  3.00%   182  846s
 128608 44659     cutoff   36        72.44230   70.27244  3.00%   182  852s
 129357 44873   70.68842   34   79   72.44230   70.27862  2.99%   182  858s
 130165 45151   71.53120   26  222   72.44230   70.28549  2.98%   182  864s
 131109 45393   71.95152   32  146   72.44230   70.29031  2.97%   182  871s
 132137 45742   71.00598   41   68   72.44230   70.29678  2.96%   182  879s
 133321 45994   70.68842   30   96   72.44230   70.30090  2.96%   182  886s
 134259 46294   71.10416   29   84   72.44230   70.30557  2.95%   182  893s
 135255 46498   71.37159   40   40   72.44230   70.31163  2.94%   181  902s
 136351 46724   70.63210   44  220   72.44230   70.31539  2.94%   182  910s
 137451 46907     cutoff   52        72.44230   70.31539  2.94%   182  918s
 138525 47162   70.31539   34  116   72.44230   70.31539  2.94%   183  927s
 139556 47395 infeasible   39        72.44230   70.31539  2.94%   183  936s
 140500 47637     cutoff   44        72.44230   70.31539  2.94%   184  946s
 141729 47955   70.31539   35   90   72.44230   70.31539  2.94%   184  957s
 143177 48155 infeasible   40        72.44230   70.31539  2.94%   185  965s
 144258 48466   70.31539   30   84   72.44230   70.31539  2.94%   185  975s
 145685 48673   71.95253   37   83   72.44230   70.31539  2.94%   185  983s
 146624 48829   71.40066   39   98   72.44230   70.31539  2.94%   186  991s
 147564 48914   71.84313   31   74   72.44230   70.31539  2.94%   186  999s
H147703 47258                      72.3331600   70.31539  2.79%   186  999s
 147990 47258   70.74134   33   76   72.33316   70.31539  2.79%   186 1000s
 148055 47440   70.58256   32   89   72.33316   70.31539  2.79%   186 1005s
 148811 47776   70.31793   32   79   72.33316   70.31793  2.79%   187 1014s
H149419 46279                      72.2602000   70.31793  2.69%   187 1014s
 149990 46546 infeasible   40        72.26020   70.31793  2.69%   187 1024s
 151240 46775 infeasible   38        72.26020   70.31793  2.69%   187 1032s
 152328 46995   71.56763   31   77   72.26020   70.31793  2.69%   187 1040s
 153303 47276   70.63582   37   97   72.26020   70.32243  2.68%   188 1049s
 154496 47559   71.26807   37   96   72.26020   70.32630  2.68%   188 1057s
 155686 47819   71.75915   25   93   72.26020   70.33400  2.67%   188 1065s
 156786 48254     cutoff   36        72.26020   70.33740  2.66%   188 1073s
 157957 48588   71.26807   55   63   72.26020   70.34439  2.65%   188 1081s
 159238 48888 infeasible   32        72.26020   70.35181  2.64%   187 1090s
H160180 48325                      72.2290000   70.35321  2.60%   187 1090s
 160450 48611   70.84050   24   74   72.22900   70.35593  2.59%   187 1098s
 161631 48909   71.41562   35   64   72.22900   70.35964  2.59%   187 1106s
 162737 49034     cutoff   34        72.22900   70.36079  2.59%   187 1116s
 163179 49473   70.64391   36  112   72.22900   70.36090  2.59%   187 1130s
 165351 49905   71.61589   33   64   72.22900   70.37085  2.57%   187 1145s
 167397 50195   70.74744   32  103   72.22900   70.37085  2.57%   187 1155s
 168757 50567   70.74130   33   88   72.22900   70.37085  2.57%   187 1166s
 170167 50979   71.26402   35  115   72.22900   70.37085  2.57%   187 1178s
 171760 51242   70.37085   35   63   72.22900   70.37085  2.57%   186 1187s
 172944 51605   70.37085   35   96   72.22900   70.37085  2.57%   187 1199s
 174563 51851   71.32719   31   93   72.22900   70.37085  2.57%   186 1209s
 175858 52047   70.58919   35  186   72.22900   70.37085  2.57%   186 1219s
 176766 52047   70.88280   38  116   72.22900   70.37085  2.57%   186 1220s
 177056 52236   70.60777   38  104   72.22900   70.37085  2.57%   186 1229s
 178164 52413   71.37958   32   99   72.22900   70.37085  2.57%   187 1237s
 179131 52629   71.54631   23  107   72.22900   70.37085  2.57%   187 1247s
 180306 52860   70.96505   32  120   72.22900   70.37085  2.57%   187 1258s
 181495 53160   70.80937   39  115   72.22900   70.37085  2.57%   187 1266s
 182665 53426   72.02352   34   89   72.22900   70.37817  2.56%   186 1274s
 183673 53606   70.99771   33  258   72.22900   70.38236  2.56%   186 1281s
 184562 53822 infeasible   28        72.22900   70.38621  2.55%   186 1289s
 185655 54025   70.75745   32   88   72.22900   70.38984  2.55%   186 1297s
 186684 54292   71.05890   39   72   72.22900   70.39383  2.54%   186 1306s
 187614 54548   71.64449   44   99   72.22900   70.39732  2.54%   186 1314s
 188716 54727   71.37091   49   98   72.22900   70.40169  2.53%   186 1322s
 189613 54989   71.00598   36  107   72.22900   70.40402  2.53%   186 1330s
 190679 55136   70.70726   45  115   72.22900   70.41055  2.52%   186 1337s
 191597 55378   70.57178   35  112   72.22900   70.41362  2.51%   186 1345s
 192833 55494   71.69403   40   53   72.22900   70.41981  2.50%   186 1352s
 193717 55630   71.49070   33   78   72.22900   70.42124  2.50%   186 1363s
 195159 56040   71.39700   39   65   72.22900   70.42378  2.50%   187 1376s
 196761 56311   70.42378   29   85   72.22900   70.42378  2.50%   187 1386s
 198011 56658   71.69403   38   58   72.22900   70.42378  2.50%   187 1397s
 199535 56978   71.68874   45  101   72.22900   70.42378  2.50%   187 1408s
 200847 57310   70.42378   38   65   72.22900   70.42378  2.50%   187 1419s
 202144 57441   71.11183   43   77   72.22900   70.42378  2.50%   187 1429s
 203232 57614   70.68842   40   38   72.22900   70.42378  2.50%   187 1438s
 204275 57715   70.68842   38   67   72.22900   70.42378  2.50%   187 1446s
 205257 57927     cutoff   34        72.22900   70.42788  2.49%   187 1454s
 206231 58135   71.10724   37  187   72.22900   70.43243  2.49%   187 1462s
 207348 58264   71.20186   25  101   72.22900   70.43735  2.48%   187 1469s
 208109 58530   71.80791   33   89   72.22900   70.44093  2.48%   187 1476s
 209123 58701   71.33878   34   95   72.22900   70.44629  2.47%   187 1484s
 210094 58978   71.95683   41   75   72.22900   70.45238  2.46%   187 1493s
 211316 59249   71.07255   32   66   72.22900   70.45670  2.45%   187 1501s
 212369 59475   70.74134   29   96   72.22900   70.45970  2.45%   187 1510s
 213557 59773   70.58599   32   78   72.22900   70.46505  2.44%   187 1519s
 214747 59886   71.53819   35  102   72.22900   70.46955  2.44%   187 1525s
 215422 60070   71.47118   39   74   72.22900   70.47401  2.43%   187 1532s
 216210 60278     cutoff   37        72.22900   70.47601  2.43%   187 1541s
 217238 60528   71.33942   35   70   72.22900   70.48031  2.42%   187 1547s
 218025 60780   71.94066   29  230   72.22900   70.48228  2.42%   187 1556s
 219212 61052   71.32092   32  118   72.22900   70.48488  2.41%   187 1565s
 220507 61266   70.58003   45   84   72.22900   70.48989  2.41%   186 1574s
 221529 61572   71.39543   36   93   72.22900   70.49270  2.40%   186 1583s
 222780 61778   71.03790   37   88   72.22900   70.49742  2.40%   186 1591s
 223737 62005     cutoff   44        72.22900   70.50228  2.39%   186 1599s
 224793 62217   71.05847   26   84   72.22900   70.50626  2.39%   186 1610s
 225716 62339   71.45311   33   82   72.22900   70.50954  2.38%   186 1619s
 226813 62509   71.37904   43   30   72.22900   70.51555  2.37%   186 1627s
 227673 62718   70.74142   27  137   72.22900   70.51966  2.37%   186 1636s
 228811 62909   71.05890   34  100   72.22900   70.52222  2.36%   186 1646s
 229988 63043   70.63297   43   99   72.22900   70.52710  2.36%   186 1659s
 231222 63092   70.79176   41   98   72.22900   70.52710  2.36%   186 1672s
 232301 63166   70.52710   33   40   72.22900   70.52710  2.36%   186 1687s
 233677 63347     cutoff   54        72.22900   70.52710  2.36%   186 1702s
 235211 63430   71.28649   35  189   72.22900   70.52710  2.36%   186 1713s
 236282 63728   71.55492   35   90   72.22900   70.52783  2.36%   186 1730s
 238008 63962   72.14370   40   71   72.22900   70.52964  2.35%   186 1747s
 239557 64243   70.53775   36  130   72.22900   70.52964  2.35%   186 1762s
 240994 64647 infeasible   52        72.22900   70.52964  2.35%   186 1784s
 243279 64805   71.40080   57   78   72.22900   70.52964  2.35%   185 1800s
 244679 65024   71.50035   33   88   72.22900   70.52964  2.35%   185 1816s
 246246 65215   71.47110   41   68   72.22900   70.52964  2.35%   184 1832s
 247707 65371   72.05050   38   76   72.22900   70.52964  2.35%   184 1848s
 249130 65577   70.91702   36  107   72.22900   70.52964  2.35%   184 1864s
 250561 65708   70.52964   37   86   72.22900   70.52964  2.35%   183 1878s
 251742 65833   71.00398   38   92   72.22900   70.52964  2.35%   183 1893s
 253043 66017   71.34178   35   80   72.22900   70.52964  2.35%   183 1909s
 254371 66140   70.52964   40   76   72.22900   70.52964  2.35%   183 1921s
 255384 66344   70.55794   48   52   72.22900   70.52964  2.35%   183 1943s
 257472 66412 infeasible   33        72.22900   70.52964  2.35%   182 1959s
 257686 66412     cutoff   60        72.22900   70.52964  2.35%   182 1960s
 258977 66442 infeasible   52        72.22900   70.52964  2.35%   182 1972s
 260081 66459   70.56802   46  119   72.22900   70.53119  2.35%   182 1987s
 261383 66532     cutoff   28        72.22900   70.53278  2.35%   182 1997s
 262129 66638   70.64676   37  170   72.22900   70.53495  2.35%   182 2006s
 262981 66708   70.56879   37   74   72.22900   70.53688  2.34%   182 2014s
 263752 66800   71.24498   23  123   72.22900   70.53971  2.34%   182 2022s
 264493 66987     cutoff   34        72.22900   70.54276  2.33%   182 2032s
 265604 67111   71.76181   47   40   72.22900   70.54598  2.33%   182 2041s
 266514 67203     cutoff   42        72.22900   70.54891  2.33%   182 2049s
 267201 67314     cutoff   34        72.22900   70.55189  2.32%   182 2059s
 268084 67463   71.41797   38   64   72.22900   70.55372  2.32%   182 2068s
 268906 67651   71.80035   45  177   72.22900   70.55721  2.31%   182 2080s
 270065 67771   70.58256   32  131   72.22900   70.56086  2.31%   182 2090s
 270983 67911   71.13151   32   75   72.22900   70.56428  2.30%   182 2103s
 272313 67992   71.05890   28   98   72.22900   70.56881  2.30%   182 2115s
 273619 68141 infeasible   39        72.22900   70.57134  2.30%   182 2127s
 274330 68511   71.23990   28   71   72.22900   70.57352  2.29%   182 2143s
 275919 68550   71.55629   37   96   72.22900   70.57602  2.29%   182 2155s
 277035 68514     cutoff   45        72.22900   70.58003  2.28%   182 2166s
 277891 68547   71.14322   43   82   72.22900   70.58003  2.28%   182 2184s
 278333 68666   71.68256   42   82   72.22900   70.58003  2.28%   183 2195s
 279216 68799   70.98482   45  166   72.22900   70.58003  2.28%   183 2207s
 280213 68943   70.60002   48   96   72.22900   70.58003  2.28%   183 2220s
 281218 69044   70.58003   47   85   72.22900   70.58003  2.28%   184 2234s
 282253 69111   70.58562   41   98   72.22900   70.58003  2.28%   184 2249s
 283257 69208   70.76967   49  203   72.22900   70.58003  2.28%   185 2257s
 283753 69379   71.26807   40  111   72.22900   70.58003  2.28%   185 2277s
 285531 69540   71.53705   49   50   72.22900   70.58003  2.28%   185 2296s
 287131 69657   71.26807   37  129   72.22900   70.58003  2.28%   186 2314s
 288347 69817   70.96617   39  114   72.22900   70.58003  2.28%   186 2331s
 289709 69983   71.28410   42  135   72.22900   70.58003  2.28%   187 2349s
 291060 70120   71.76445   36   78   72.22900   70.58003  2.28%   187 2368s
 292159 70267   70.72550   44  174   72.22900   70.58003  2.28%   188 2388s
 293546 70374   71.58878   48   87   72.22900   70.58003  2.28%   188 2405s
 294696 70526     cutoff   43        72.22900   70.58003  2.28%   189 2425s
 296116 70700   71.83914   52   86   72.22900   70.58003  2.28%   189 2445s
 297690 70717 infeasible   47        72.22900   70.58003  2.28%   190 2454s
 298265 70870   71.86336   39   86   72.22900   70.58003  2.28%   190 2473s
 299681 71067   71.02139   45  140   72.22900   70.58003  2.28%   190 2492s
 300925 71298   71.77172   47   68   72.22900   70.58003  2.28%   191 2513s
 302478 71512     cutoff   43        72.22900   70.58003  2.28%   191 2532s
 303983 71718     cutoff   43        72.22900   70.58003  2.28%   192 2554s
 304937 71718   70.58003   34  108   72.22900   70.58003  2.28%   192 2555s
 305394 71961   71.58316   37   76   72.22900   70.58003  2.28%   192 2579s
 306729 72268   71.53485   44  106   72.22900   70.58003  2.28%   192 2602s
 308363 72419     cutoff   39        72.22900   70.58003  2.28%   192 2628s
 310005 72587     cutoff   47        72.22900   70.58003  2.28%   193 2648s
 311491 72812   71.44997   37  155   72.22900   70.58161  2.28%   193 2671s
 313208 72861   70.72581   38  248   72.22900   70.58256  2.28%   193 2685s
 313626 73277   71.90354   55   68   72.22900   70.58256  2.28%   193 2717s
 316148 73460   71.76879   36   59   72.22900   70.58256  2.28%   194 2736s
 317461 73573   71.79365   39   81   72.22900   70.58256  2.28%   194 2752s
 318588 73705   71.78587   39   61   72.22900   70.58256  2.28%   194 2772s
 319856 73844   71.52775   47  121   72.22900   70.58256  2.28%   195 2792s
 321045 73979   71.98925   37   74   72.22900   70.58256  2.28%   195 2811s
 322485 74130   70.97840   47   97   72.22900   70.58256  2.28%   195 2828s
 323721 74222   71.99276   41   81   72.22900   70.58256  2.28%   196 2844s
 324836 74334   71.20320   42   95   72.22900   70.58256  2.28%   196 2863s
 326214 74464   71.66941   35   94   72.22900   70.58256  2.28%   196 2879s
 327477 74641   71.46195   33  124   72.22900   70.58256  2.28%   197 2898s
 328889 74718     cutoff   49        72.22900   70.58256  2.28%   197 2908s
 329589 74808   71.42004   37  146   72.22900   70.58256  2.28%   197 2924s
 330671 74975   70.60820   38   88   72.22900   70.58256  2.28%   197 2949s
 331787 75106     cutoff   37        72.22900   70.58256  2.28%   197 2971s
 333291 75350 infeasible   35        72.22900   70.58256  2.28%   198 2993s
 334826 75594     cutoff   52        72.22900   70.58256  2.28%   198 3011s
 336185 75808     cutoff   41        72.22900   70.58256  2.28%   198 3034s
 337867 76057   70.69052   39  108   72.22900   70.58637  2.27%   198 3056s
 339503 76146   70.94927   32   82   72.22900   70.59016  2.27%   198 3075s
 340808 76261   71.26807   43   86   72.22900   70.59460  2.26%   198 3094s
 342082 76465   70.80840   45  125   72.22900   70.59837  2.26%   198 3113s
 343455 76490 infeasible   31        72.22900   70.60209  2.25%   198 3122s
 344042 76585   71.15648   31   86   72.22900   70.60344  2.25%   199 3146s
 345030 76695   71.68866   39   74   72.22900   70.60631  2.25%   199 3165s
 346394 76969   70.68995   29   68   72.22900   70.61114  2.24%   199 3186s
 348024 77106   71.97974   35   87   72.22900   70.61485  2.23%   199 3203s
 349365 77308   71.35529   39   93   72.22900   70.61789  2.23%   198 3218s
 350527 77403   72.13459   49   70   72.22900   70.62175  2.23%   199 3232s
 351560 77489   71.73124   44  189   72.22900   70.62527  2.22%   199 3245s
 352532 77540   71.98865   30   67   72.22900   70.62866  2.22%   199 3259s
 353198 77540   71.40153   37  140   72.22900   70.62900  2.22%   199 3260s
 353464 77740   71.84012   47  106   72.22900   70.63295  2.21%   199 3276s
 354749 77883   71.26807   44   86   72.22900   70.63403  2.21%   199 3297s
 355648 78030   71.33621   39   69   72.22900   70.63549  2.21%   199 3317s
 356971 78181   71.56063   50  197   72.22900   70.63549  2.21%   199 3342s
 357685 78361   71.34642   53   84   72.22900   70.63549  2.21%   199 3366s
 359082 78455 infeasible   42        72.22900   70.63549  2.21%   199 3381s
 359848 78688   71.60955   50  255   72.22900   70.63549  2.21%   199 3411s
 361886 78832   71.53435   40   78   72.22900   70.63549  2.21%   200 3430s
 362938 79050   72.04678   44   75   72.22900   70.63549  2.21%   200 3454s
 364569 79279   72.12918   38   92   72.22900   70.63549  2.21%   200 3475s
 365893 79458   70.63549   53   65   72.22900   70.63549  2.21%   200 3500s
 367401 79622   71.56594   36   86   72.22900   70.63549  2.21%   200 3524s
 368905 79772   71.79128   49  106   72.22900   70.63549  2.21%   200 3544s
 370138 79920   70.90410   38  116   72.22900   70.63549  2.21%   200 3568s
 371713 80011   72.22616   53   58   72.22900   70.63549  2.21%   200 3593s
 373166 80075   71.66548   34   66   72.22900   70.63549  2.21%   200 3600s

Cutting planes:
  Learned: 350
  Gomory: 25
  Lift-and-project: 5
  Cover: 13505
  Implied bound: 1674
  Projected implied bound: 11
  Clique: 296
  MIR: 210
  StrongCG: 97
  Flow cover: 1862
  GUB cover: 29
  Inf proof: 214
  Zero half: 90
  Network: 1
  RLT: 244
  Relax-and-lift: 211

Explored 373611 nodes (74846031 simplex iterations) in 3600.32 seconds (3876.49 work units)
Thread count was 8 (of 24 available processors)

Solution count 10: 72.229 72.229 72.2602 ... 73.422

Time limit reached
Best objective 7.222900000000e+01, best bound 7.063548878049e+01, gap 2.2062%
