
Gurobi 10.0.0 (win64) logging started Sat Jan 20 04:55:56 2024

Set parameter LogFile to value "C:/Users\Administrator\Documents\BNC_Repo\BNC_Tests\10_MIP_Results\n20m2\Instance_Class3_Parts20_Machines2_Instance1_logfileChe21.txt"
Gurobi Optimizer version 10.0.0 build v10.0.0rc2 (win64)

CPU model: AMD EPYC 7513 32-Core Processor, instruction set [SSE2|AVX|AVX2]
Thread count: 24 physical cores, 24 logical processors, using up to 8 threads

Optimize a model with 14158 rows, 2601 columns and 68500 nonzeros
Model fingerprint: 0x4597187e
Variable types: 921 continuous, 1680 integer (1680 binary)
Coefficient statistics:
  Matrix range     [4e-06, 4e+02]
  Objective range  [1e+00, 1e+00]
  Bounds range     [1e+00, 1e+00]
  RHS range        [1e+00, 7e+02]
Presolve removed 6127 rows and 965 columns
Presolve time: 0.27s
Presolved: 8031 rows, 1636 columns, 52529 nonzeros
Variable types: 80 continuous, 1556 integer (1516 binary)
Root relaxation presolved: 8031 rows, 1636 columns, 52529 nonzeros


Use crossover to convert LP symmetric solution to basic solution...

Root relaxation: objective 8.863415e+01, 2004 iterations, 0.27 seconds (0.31 work units)

    Nodes    |    Current Node    |     Objective Bounds      |     Work
 Expl Unexpl |  Obj  Depth IntInf | Incumbent    BestBd   Gap | It/Node Time

     0     0   88.63415    0  180          -   88.63415      -     -    0s
H    0     0                     618.7201800   88.63415  85.7%     -    0s
H    0     0                     361.3147800   88.63415  75.5%     -    0s
H    0     0                     177.8203800   88.67085  50.1%     -    1s
H    0     0                     164.7266000   88.67085  46.2%     -    1s
H    0     0                     163.1178400   88.94537  45.5%     -    1s
     0     0   89.14564    0  383  163.11784   89.14564  45.3%     -    1s
     0     0   89.18420    0  212  163.11784   89.18420  45.3%     -    1s
     0     0   89.19608    0  398  163.11784   89.19608  45.3%     -    2s
H    0     0                     151.1508800   89.19608  41.0%     -    2s
     0     0   89.22739    0  413  151.15088   89.22739  41.0%     -    2s
     0     0   89.23456    0  389  151.15088   89.23456  41.0%     -    2s
     0     0   89.26490    0  382  151.15088   89.26490  40.9%     -    2s
     0     0   89.26490    0  407  151.15088   89.26490  40.9%     -    3s
     0     0   89.26490    0  405  151.15088   89.26490  40.9%     -    3s
H    0     0                     148.4462200   89.26490  39.9%     -    3s
H    0     0                     139.0110600   89.27120  35.8%     -    3s
H    0     0                     132.6740200   89.27120  32.7%     -    3s
     0     0   89.27120    0  285  132.67402   89.27120  32.7%     -    3s
     0     0   89.29348    0  229  132.67402   89.29348  32.7%     -    3s
     0     0   89.29480    0  325  132.67402   89.29480  32.7%     -    3s
     0     0   89.29694    0  226  132.67402   89.29694  32.7%     -    3s
     0     0   89.29694    0  271  132.67402   89.29694  32.7%     -    4s
     0     0   89.30717    0  328  132.67402   89.30717  32.7%     -    4s
     0     0   89.30717    0  269  132.67402   89.30717  32.7%     -    4s
     0     0   89.30717    0  274  132.67402   89.30717  32.7%     -    4s
     0     0   89.37193    0  244  132.67402   89.37193  32.6%     -    4s
     0     0   89.41494    0  247  132.67402   89.41494  32.6%     -    5s
     0     0   89.41681    0  238  132.67402   89.41681  32.6%     -    5s
     0     0   89.42198    0  212  132.67402   89.42198  32.6%     -    5s
     0     0   89.42198    0  257  132.67402   89.42198  32.6%     -    5s
     0     0   89.44832    0  206  132.67402   89.44832  32.6%     -    5s
     0     0   89.44832    0  232  132.67402   89.44832  32.6%     -    5s
     0     0   89.45870    0  255  132.67402   89.45870  32.6%     -    5s
     0     0   89.45870    0  289  132.67402   89.45870  32.6%     -    6s
H    0     0                     123.9157000   89.49432  27.8%     -    6s
H    0     0                     120.4740800   89.49432  25.7%     -    6s
H    0     0                     116.2640800   89.49432  23.0%     -    6s
     0     0   89.49432    0  241  116.26408   89.49432  23.0%     -    6s
H    0     0                     116.0940800   89.49432  22.9%     -    6s
     0     0   89.52002    0  207  116.09408   89.52002  22.9%     -    7s
     0     0   89.52002    0  214  116.09408   89.52002  22.9%     -    7s
     0     0   89.52233    0  221  116.09408   89.52233  22.9%     -    7s
     0     0   89.58419    0  239  116.09408   89.58419  22.8%     -    8s
     0     0   89.58419    0  195  116.09408   89.58419  22.8%     -    8s
H    0     0                     115.5840800   89.58419  22.5%     -    8s
H    0     0                     112.1424600   89.58419  20.1%     -    8s
     0     2   89.58419    0  167  112.14246   89.58419  20.1%     -    9s
     6    11   89.61157    3  360  112.14246   89.58419  20.1%  1380   10s
H   28    33                     108.4424600   89.58419  17.4%   953   11s
    71    72   90.30178   11  421  108.44246   89.58419  17.4%   711   15s
H  105    99                     108.0414400   89.58419  17.1%   639   19s
H  145   141                     105.8705800   89.58419  15.4%   548   21s
H  154   141                     104.2245200   89.58419  14.0%   539   21s
   474   398   93.03623   27  158  104.22452   89.58419  14.0%   298   25s
   969   843   92.61196   15  150  104.22452   89.80890  13.8%   264   30s
  1416  1166   94.20178   18  182  104.22452   90.24916  13.4%   244   35s
H 1525  1161                     103.7601400   90.24916  13.0%   244   36s
  1529  1164  101.77740   45  307  103.76014   90.24916  13.0%   244   40s
  1537  1169   95.66348   44  185  103.76014   90.24916  13.0%   242   46s
H 1537  1110                     103.6821800   90.24916  13.0%   242   46s
H 1609  1112                     103.3229700   90.24916  12.7%   268   49s
H 1613  1058                     102.9557600   90.24916  12.3%   269   49s
  1654  1087   91.65417   25  175  102.95576   90.24916  12.3%   270   52s
H 1655  1037                     102.8977600   90.24916  12.3%   270   52s
  2042  1165   93.35307   41  164  102.89776   90.24916  12.3%   257   55s
  2697  1389   95.67426   42  162  102.89776   90.24916  12.3%   241   60s
H 2707  1329                     102.8508600   90.24916  12.3%   240   60s
  3572  1674   92.22331   39  150  102.85086   90.92961  11.6%   223   67s
  4379  1906  102.52380   49   77  102.85086   91.49303  11.0%   213   70s
  5387  2484   96.15961   47  175  102.85086   91.58589  11.0%   211   75s
H 5421  2473                     102.6808600   91.58589  10.8%   211   75s
  6607  3181 infeasible   71       102.68086   91.86514  10.5%   207   80s
  7397  3748   93.66681   24  325  102.68086   92.05855  10.3%   208   85s
H 7621  3801                     102.6417500   92.05855  10.3%   208   88s
H 7622  3773                     102.5376400   92.05855  10.2%   208   88s
  8080  4177   92.43965   35  314  102.53764   92.07755  10.2%   208   90s
  9008  4671  101.67263   70   85  102.53764   92.19916  10.1%   208   96s
H 9081  4427                     101.7969800   92.19916  9.43%   207   96s
  9895  5044   93.31720   40  304  101.79698   92.28637  9.34%   206  100s
 11028  5812   94.82593   47  207  101.79698   92.36643  9.26%   206  106s
H12285  6339                     101.7535800   92.45293  9.14%   208  113s
 12474  6627  100.33160   46  156  101.75358   92.46546  9.13%   209  115s
 13997  7398   95.03656   52  173  101.75358   92.58421  9.01%   211  122s
 14522  7620   93.74954   36  213  101.75358   92.64298  8.95%   213  125s
 15658  8613   97.55343   43  294  101.75358   92.70953  8.89%   215  132s
 16514  9056   93.58230   38  242  101.75358   92.75292  8.85%   214  135s
 17847  9905   99.84506   46  198  101.75358   92.81028  8.79%   216  142s
 18626 10389     cutoff   68       101.75358   92.84922  8.75%   216  145s
 20151 11255  101.24583   48   98  101.75358   92.92615  8.68%   218  152s
 20964 11711   94.49279   32  158  101.75358   92.94826  8.65%   218  156s
 21788 12266   93.78436   37  228  101.75358   92.97594  8.63%   220  160s
 23570 13121  101.53209   69  157  101.75358   93.04047  8.56%   221  167s
 24414 13722   94.98303   48  198  101.75358   93.07125  8.53%   222  171s
 25422 14123   93.36382   35  174  101.75358   93.09463  8.51%   221  175s
 26244 14185   95.28332   34   75  101.75358   93.12118  8.48%   222  182s
H26245 13587                     101.2892000   93.12118  8.06%   222  182s
 26348 13919   96.57807   38  108  101.28920   93.12240  8.06%   222  185s
 27772 14729   95.99199   47  224  101.28920   93.16907  8.02%   225  193s
 28636 15042   98.63796   51  159  101.28920   93.18988  8.00%   225  196s
 29366 15505   98.73752   51  178  101.28920   93.21334  7.97%   226  202s
 30431 15788   99.07569   54  170  101.28920   93.24780  7.94%   225  205s
 31873 16379   93.93717   37  186  101.28920   93.30298  7.88%   227  212s
 32372 16962  100.58993   53   71  101.28920   93.31926  7.87%   228  216s
H32535 16759                     101.1840800   93.31926  7.77%   227  216s
H33171 16759                     101.1840795   93.32269  7.77%   227  216s
 33438 17180   97.01187   40  282  101.18408   93.33953  7.75%   227  220s
 34229 17357  100.15925   60  130  101.18408   93.36753  7.73%   227  225s
 35664 18173   99.64984   29  100  101.18408   93.41130  7.68%   229  233s
 36474 18537   96.68994   45  132  101.18408   93.43319  7.66%   229  237s
 37305 19043   94.80954   31   92  101.18408   93.46157  7.63%   230  240s
 38240 19340     cutoff   45       101.18408   93.48686  7.61%   230  245s
 39528 20119   98.94509   54  186  101.18408   93.53430  7.56%   231  253s
 40520 20441   95.05925   38   85  101.18408   93.55804  7.54%   231  257s
 41311 20900   93.91711   37  318  101.18408   93.57886  7.52%   232  262s
 42189 21103   95.50222   38  134  101.18408   93.59659  7.50%   232  269s
 42675 21551   96.38713   33  104  101.18408   93.60786  7.49%   233  273s
 43579 22105   99.77317   71  353  101.18408   93.64098  7.45%   233  277s
 44690 22481  101.13068   46  185  101.18408   93.65644  7.44%   232  281s
 45497 22825 infeasible   50       101.18408   93.67591  7.42%   233  285s
 47321 23860   99.47036   33  201  101.18408   93.71845  7.38%   233  293s
 48192 24358   98.34053   50   87  101.18408   93.74531  7.35%   233  298s
 49106 24805   99.30758   40   61  101.18408   93.76163  7.34%   232  302s
 49940 25203   98.46545   59  155  101.18408   93.77661  7.32%   232  306s
 51471 26111   95.78553   44  104  101.18408   93.82367  7.27%   233  313s
 52333 26516   95.94579   47  175  101.18408   93.83775  7.26%   233  316s
 53139 27036     cutoff   32       101.18408   93.85781  7.24%   233  320s
 54738 27842     cutoff   49       101.18408   93.89243  7.21%   234  328s
 55492 28246   95.50788   51  121  101.18408   93.90948  7.19%   234  332s
 56457 28681     cutoff   48       101.18408   93.92881  7.17%   234  336s
 57394 29200   99.24312   72   98  101.18408   93.95122  7.15%   234  340s
 59226 30023   95.02882   41  171  101.18408   93.97616  7.12%   233  348s
 59945 30553   95.92130   63  185  101.18408   93.99197  7.11%   234  353s
 60903 30928   98.40436   58   94  101.18408   94.02090  7.08%   234  357s
 61736 31409   95.58938   41  178  101.18408   94.03721  7.06%   235  361s
 62653 31850   94.93696   35  188  101.18408   94.05114  7.05%   234  365s
 64287 32845     cutoff   84       101.18408   94.08389  7.02%   235  374s
 65260 33162   98.41599   40  169  101.18408   94.10899  6.99%   235  378s
 65986 33705   95.91324   44  127  101.18408   94.12737  6.97%   235  382s
 67054 34245     cutoff   49       101.18408   94.13988  6.96%   235  386s
 67938 34659  100.26458   74   71  101.18408   94.15159  6.95%   234  390s
 69542 35513   97.95999   73   60  101.18408   94.19034  6.91%   234  398s
 70348 35998   97.21370   41   73  101.18408   94.20670  6.90%   234  402s
 71211 36283   95.44598   32  123  101.18408   94.22360  6.88%   234  406s
 71964 36835   96.24272   26   80  101.18408   94.24188  6.86%   235  410s
 74022 37760  100.61886   32  152  101.18408   94.26717  6.84%   234  418s
 74925 38166   96.42381   43   75  101.18408   94.28395  6.82%   234  422s
 75716 38525     cutoff   38       101.18408   94.29803  6.81%   234  425s
 76323 39105   96.88114   58  257  101.18408   94.30605  6.80%   234  430s
 78136 39926     cutoff   49       101.18408   94.33802  6.77%   234  438s
 78969 40302     cutoff   26       101.18408   94.35669  6.75%   234  442s
 79790 40782   98.12543   38  118  101.18408   94.36995  6.73%   235  446s
 80787 41058   97.21729   52  207  101.18408   94.38303  6.72%   234  450s
H82050 41363                     101.1840793   94.40345  6.70%   235  454s
 82146 41665   96.45752   27   80  101.18408   94.40656  6.70%   235  459s
 82717 42099   96.60619   52  157  101.18408   94.41412  6.69%   235  465s
 83476 42416   96.84560   48  171  101.18408   94.42905  6.68%   235  470s
 84135 42908   98.26416   51   87  101.18408   94.44055  6.66%   235  475s
 85890 43894   96.06528   49  168  101.18408   94.47005  6.64%   235  485s
 87887 44934   99.61239   43  119  101.18408   94.49816  6.61%   235  494s
 88766 45277     cutoff   33       101.18408   94.50509  6.60%   235  500s
H89480 45277                     101.1840791   94.51256  6.59%   235  500s
 89547 45883   97.02257   52   95  101.18408   94.52394  6.58%   235  505s
 90637 46325   98.60660   55  148  101.18408   94.53674  6.57%   234  510s
H90995 46325                     101.1840783   94.53879  6.57%   234  510s
 92379 47188   94.95108   38  360  101.18408   94.56196  6.54%   234  518s
 93126 47568  100.84410   75   23  101.18408   94.57084  6.54%   234  522s
 93912 47885   97.72956   39  103  101.18408   94.58511  6.52%   234  527s
 94640 48257     cutoff   78       101.18408   94.58768  6.52%   234  531s
 95417 48775   98.51460   42   66  101.18408   94.60236  6.50%   234  535s
 96390 49362   96.62547   41  127  101.18408   94.62501  6.48%   233  540s
 97488 49935     cutoff   36       101.18408   94.63586  6.47%   232  545s
 99279 50607     cutoff   39       101.18408   94.65964  6.45%   232  554s
 99679 51005   97.14841   46   64  101.18408   94.66284  6.44%   232  559s
 100445 51587 infeasible   72       101.18408   94.68018  6.43%   232  563s
 101514 52014     cutoff   51       101.18408   94.68925  6.42%   231  567s
 102328 52484   96.59204   61  342  101.18408   94.70159  6.41%   231  572s
 103287 53161   99.32004   48   85  101.18408   94.71388  6.39%   231  577s
 104327 53591     cutoff   49       101.18408   94.72383  6.38%   230  582s
 105135 53996   96.03454   38  147  101.18408   94.73248  6.38%   230  586s
 105966 54442     cutoff   60       101.18408   94.74177  6.37%   230  590s
 107629 55321   95.33999   39  126  101.18408   94.76560  6.34%   229  599s
 108425 55798   95.47034   39  174  101.18408   94.77519  6.33%   229  603s
 109236 56201 infeasible   60       101.18408   94.78411  6.33%   229  607s
 109981 56590     cutoff   40       101.18408   94.79761  6.31%   229  611s
 110775 57023   97.42270   47  197  101.18408   94.80728  6.30%   229  615s
 111837 57494   96.69537   51  134  101.18408   94.81553  6.29%   228  620s
 113755 58472   96.82679   33  163  101.18408   94.83615  6.27%   228  628s
 114556 58872   96.59105   30  258  101.18408   94.84447  6.27%   227  632s
 115366 59374   97.79947   53   66  101.18408   94.85621  6.25%   227  637s
 116284 59762   96.60684   43  161  101.18408   94.86936  6.24%   227  641s
 117063 60201   99.27055   59  152  101.18408   94.88211  6.23%   227  645s
 117892 60807   99.95071   49   63  101.18408   94.88886  6.22%   227  651s
 119723 61550   95.65888   40  188  101.18408   94.90819  6.20%   226  658s
 120520 61960   95.19852   55  198  101.18408   94.91592  6.19%   226  663s
 121392 62336   98.54320   44  118  101.18408   94.92542  6.19%   225  667s
 122138 62832  101.08608   34   63  101.18408   94.93246  6.18%   225  671s
 122997 63321     cutoff   60       101.18408   94.94115  6.17%   225  676s
 123908 63751   99.64306   44   74  101.18408   94.94958  6.16%   225  680s
 125581 64448  100.05930   96   22  101.18408   94.96331  6.15%   224  688s
 126215 64691   99.43725   57  110  101.18408   94.97308  6.14%   224  697s
 126706 65213 infeasible   50       101.18408   94.97424  6.14%   224  702s
 127615 65534     cutoff   46       101.18408   94.98793  6.12%   224  707s
 128428 65886   99.03584   44  128  101.18408   94.99500  6.12%   224  711s
 129376 66390     cutoff   48       101.18408   95.00349  6.11%   224  717s
 130326 66950   98.54524   41  157  101.18408   95.00977  6.10%   223  722s
 131396 67415   98.18017   68   96  101.18408   95.01814  6.09%   223  727s
 132405 67947   97.68636   41  136  101.18408   95.02495  6.09%   223  733s
 133409 68314  100.29555   53   83  101.18408   95.03561  6.08%   222  737s
 134306 68768   99.37925   63   79  101.18408   95.04338  6.07%   222  742s
 135113 69319   95.34854   47  180  101.18408   95.05165  6.06%   222  747s
 136084 69881     cutoff   43       101.18408   95.05826  6.05%   222  752s
 137016 70277     cutoff   36       101.18408   95.06639  6.05%   221  757s
 137799 70665   97.78326   40   69  101.18408   95.07329  6.04%   221  761s
 138580 71120  101.10501   66  170  101.18408   95.08003  6.03%   221  766s
 139424 71489   96.84473   57  117  101.18408   95.08756  6.03%   221  771s
 140339 71876   96.43685   41  160  101.18408   95.09422  6.02%   221  775s
 141093 72316  100.52652   52  204  101.18408   95.10339  6.01%   221  781s
 141958 72795   99.51716   50  249  101.18408   95.11179  6.00%   221  786s
 142858 73362   97.39208   48  244  101.18408   95.12185  5.99%   221  790s
 143844 73889   99.15718   53  293  101.18408   95.12972  5.98%   220  795s
 144830 74301   98.13387   50  156  101.18408   95.13662  5.98%   220  800s
 146579 75176   96.76028   52  171  101.18408   95.15432  5.96%   220  809s
 147492 75583   97.96937   66  304  101.18408   95.16229  5.95%   219  814s
 148303 76098   95.95338   38  151  101.18408   95.17196  5.94%   219  820s
 149409 76662   96.66481   43  156  101.18408   95.18457  5.93%   219  826s
 150477 76826   99.37761   41   60  101.18408   95.19118  5.92%   219  830s
 150853 77322     cutoff   36       101.18408   95.19289  5.92%   219  835s
 151896 77841  100.10050   49  160  101.18408   95.20521  5.91%   219  841s
 152861 78272   95.96455   42  170  101.18408   95.21019  5.90%   218  846s
 153805 78781   96.65437   36   65  101.18408   95.21693  5.90%   218  851s
 154880 79236   98.27947   63  246  101.18408   95.22764  5.89%   218  856s
 155690 79641   96.56556   39  155  101.18408   95.23420  5.88%   218  862s
 156702 80105   95.98513   35  161  101.18408   95.24145  5.87%   218  867s
 157571 80588   97.71322   40  128  101.18408   95.25018  5.86%   218  872s
 158592 80942   99.82634   49   50  101.18408   95.25716  5.86%   217  877s
 159371 81444     cutoff   41       101.18408   95.26414  5.85%   217  882s
 160267 81883   97.15397   35  183  101.18408   95.27252  5.84%   217  888s
 161219 82444   95.79130   35  154  101.18408   95.28071  5.83%   217  894s
 162268 82974   95.72420   55  176  101.18408   95.28835  5.83%   217  901s
 163400 83434   98.72452   54   78  101.18408   95.29424  5.82%   216  906s
 164276 83862   99.88130   42  122  101.18408   95.29922  5.82%   216  911s
 165102 84343   97.92382   38  152  101.18408   95.30474  5.81%   216  915s
 166051 84655  100.80916   78   61  101.18408   95.30972  5.81%   216  920s
 166792 85111   96.87616   43  140  101.18408   95.31616  5.80%   215  925s
 167652 85539   98.96699   38  207  101.18408   95.32305  5.79%   215  930s
 168450 85985   95.95898   61  232  101.18408   95.33046  5.79%   215  935s
 169212 86407   96.63939   51  127  101.18408   95.33581  5.78%   215  940s
 170041 86823   97.38349   45   89  101.18408   95.34006  5.78%   215  946s
 170883 87254   98.20370   41  132  101.18408   95.34422  5.77%   215  952s
 171782 87617   96.91617   44  158  101.18408   95.35112  5.76%   215  957s
 172402 88036   96.52023   43  182  101.18408   95.35501  5.76%   215  963s
 173311 88498   97.26991   56  117  101.18408   95.36276  5.75%   215  969s
 174246 88819   96.50060   49  134  101.18408   95.36761  5.75%   215  974s
 175023 89210   96.77396   48  223  101.18408   95.37598  5.74%   215  979s
 175948 89711   98.11661   54  124  101.18408   95.38196  5.73%   214  985s
 176925 90243     cutoff   36       101.18408   95.38930  5.73%   214  992s
 177948 90725   96.73661   46  130  101.18408   95.39679  5.72%   214  998s
 178968 91151   97.17075   58  274  101.18408   95.40306  5.71%   214 1003s
 179805 91624     cutoff   41       101.18408   95.40832  5.71%   214 1009s
 180730 92057   96.94837   52   58  101.18408   95.41368  5.70%   214 1013s
 181534 92572 infeasible   68       101.18408   95.41968  5.70%   213 1019s
 181775 92572   99.38476   62  141  101.18408   95.41983  5.70%   213 1020s
 182525 93034     cutoff   55       101.18408   95.42365  5.69%   213 1025s
 183473 93304   97.09729   48  148  101.18408   95.43015  5.69%   213 1031s
 184011 93756   96.01468   47  179  101.18408   95.43372  5.68%   213 1036s
 184929 94237  101.10907   57   54  101.18408   95.43840  5.68%   213 1042s
 185845 94724  100.82763   70  106  101.18408   95.44587  5.67%   213 1049s
 186736 95101   95.96484   37  322  101.18408   95.45208  5.66%   212 1054s
 187557 95635     cutoff   51       101.18408   95.45581  5.66%   212 1060s
 188471 96096   97.52372   52  163  101.18408   95.46183  5.66%   212 1067s
 189464 96415   96.64642   64  150  101.18408   95.46621  5.65%   212 1074s
 190193 96742     cutoff   35       101.18408   95.47108  5.65%   212 1080s
 191083 97118   99.11953   46   78  101.18408   95.47698  5.64%   212 1085s
 191930 97526     cutoff   35       101.18408   95.48145  5.64%   212 1092s
 192900 98070   98.84578   51  137  101.18408   95.48708  5.63%   212 1098s
 193864 98488   97.05559   44   75  101.18408   95.49486  5.62%   212 1104s
 194775 98998   97.88204   43  111  101.18408   95.50134  5.62%   211 1111s
 195766 99474  100.48171   54  160  101.18408   95.50707  5.61%   211 1117s
 196699 99893     cutoff   53       101.18408   95.51053  5.61%   211 1123s
 197537 100285   98.20360   61  130  101.18408   95.51622  5.60%   211 1129s
 198482 100743   96.82288   47   88  101.18408   95.52199  5.60%   211 1136s
 199432 101231  100.93424   51  121  101.18408   95.52575  5.59%   211 1143s
 200337 101635   98.33040   28   81  101.18408   95.53140  5.59%   211 1150s
 201198 102173   96.48879   46  159  101.18408   95.53656  5.58%   210 1157s
 202140 102667   96.48106   43  350  101.18408   95.54166  5.58%   210 1162s
 203015 103078   99.91238   35  137  101.18408   95.54497  5.57%   210 1168s
 203933 103444   96.34528   47  414  101.18408   95.54933  5.57%   210 1173s
 204850 103672     cutoff   45       101.18408   95.55374  5.56%   210 1180s
 205294 104152  100.72577   75   70  101.18408   95.55608  5.56%   210 1186s
 206257 104638   97.24441   46  111  101.18408   95.56326  5.56%   210 1193s
 207321 105214     cutoff   65       101.18408   95.56594  5.55%   210 1201s
 208566 105623   98.86435   38  127  101.18408   95.57150  5.55%   209 1206s
 209366 105943   95.91130   54  172  101.18408   95.57448  5.54%   209 1212s
 210079 106278     cutoff   49       101.18408   95.58002  5.54%   209 1218s
 210889 106753   97.75109   58  165  101.18408   95.58321  5.54%   209 1223s
 211773 107188     cutoff   70       101.18408   95.59045  5.53%   209 1229s
 212675 107659   96.29357   40  185  101.18408   95.59693  5.52%   209 1236s
 213571 108084   95.99085   46  149  101.18408   95.60298  5.52%   209 1243s
 214627 108452   95.95244   56  347  101.18408   95.60626  5.51%   209 1252s
 215391 108815   96.71242   57  325  101.18408   95.60845  5.51%   209 1258s
 216228 109338   98.74937   53  143  101.18408   95.61486  5.50%   208 1265s
 217266 109788   96.67101   51  109  101.18408   95.62173  5.50%   208 1272s
 218225 110219   96.16529   49  384  101.18408   95.62557  5.49%   208 1279s
 219153 110700   96.18078   45  169  101.18408   95.63222  5.49%   208 1286s
 220173 111154   97.94887   50  159  101.18408   95.63732  5.48%   208 1292s
 221163 111562   98.92696   48  119  101.18408   95.64388  5.48%   208 1299s
 222032 112070   96.02991   53  153  101.18408   95.64973  5.47%   208 1307s
 223090 112558   96.69612   41  396  101.18408   95.65499  5.46%   208 1314s
 224109 113055   97.27305   47  106  101.18408   95.65904  5.46%   207 1320s
 225020 113420   99.16802   43  107  101.18408   95.66420  5.46%   207 1326s
 225943 113849   98.29572   53  305  101.18408   95.66962  5.45%   207 1332s
 226919 114282     cutoff   44       101.18408   95.67280  5.45%   207 1339s
 227829 114714     cutoff   63       101.18408   95.67803  5.44%   207 1345s
 228721 115124   99.96564   47   64  101.18408   95.68339  5.44%   207 1351s
 229769 115505   97.99778   44   93  101.18408   95.68766  5.43%   206 1357s
 230700 115874   99.30764   40   68  101.18408   95.69218  5.43%   206 1363s
 231538 116362   99.13547   62  106  101.18408   95.69750  5.42%   206 1370s
 232566 116697   96.35589   40  390  101.18408   95.70292  5.42%   206 1376s
 233461 117089   96.40648   55  137  101.18408   95.70849  5.41%   206 1382s
 234238 117518 infeasible   45       101.18408   95.71268  5.41%   206 1388s
 235037 117850  100.48519   64  239  101.18408   95.71500  5.41%   206 1394s
 235932 118005     cutoff   52       101.18408   95.71861  5.40%   206 1403s
 236385 118362   98.25144   70  212  101.18408   95.71978  5.40%   206 1409s
 237177 118868   98.68069   33  153  101.18408   95.72834  5.39%   205 1419s
H237296 118868                     101.1840774   95.72834  5.39%   205 1419s
 238300 119145   97.59509   46  121  101.18408   95.73292  5.39%   205 1426s
 238850 119700   96.22247   51  132  101.18408   95.73555  5.38%   205 1434s
 239974 120139     cutoff   40       101.18408   95.74072  5.38%   205 1441s
 240914 120615   96.18514   37  156  101.18408   95.74404  5.38%   205 1449s
 241907 120994     cutoff   55       101.18408   95.74959  5.37%   205 1456s
 242649 121434   98.19236   48  109  101.18408   95.75403  5.37%   205 1462s
 243569 121944   95.98311   45  201  101.18408   95.76066  5.36%   205 1470s
 244627 122413   96.87555   39  111  101.18408   95.76454  5.36%   205 1477s
 245644 122938   97.23672   46  101  101.18408   95.76950  5.35%   205 1485s
 246835 123335   96.25193   46  120  101.18408   95.77432  5.35%   204 1492s
 247699 123742   99.18016   49  141  101.18408   95.77870  5.34%   204 1499s
 248633 124107   96.02127   56  205  101.18408   95.78163  5.34%   204 1505s
 249461 124575   96.75220   56  272  101.18408   95.78556  5.34%   204 1513s
 250413 124980   97.13270   50  366  101.18408   95.79132  5.33%   204 1520s
 251252 125323  100.19762   58  100  101.18408   95.79638  5.32%   204 1528s
 251894 125814  100.60608   53   63  101.18408   95.79816  5.32%   204 1537s
 253023 126274  100.75295   77   59  101.18408   95.80398  5.32%   204 1543s
 253880 126686   98.82494   38  231  101.18408   95.80907  5.31%   204 1550s
 254809 127119   96.68778   52  139  101.18408   95.81358  5.31%   204 1557s
 255811 127505  100.70428   63   83  101.18408   95.81634  5.30%   203 1565s
 256746 127997   99.15825   41   59  101.18408   95.82126  5.30%   203 1572s
 257723 128404     cutoff   39       101.18408   95.82553  5.30%   203 1578s
 258648 128922   98.24783   67  144  101.18408   95.82830  5.29%   203 1586s
 259711 129354  100.93656   56  233  101.18408   95.83137  5.29%   203 1593s
 260561 129815   98.57514   52  163  101.18408   95.83639  5.29%   203 1601s
 261565 130357   96.74999   42  181  101.18408   95.84192  5.28%   203 1609s
 262554 130822  100.23822   65  217  101.18408   95.84572  5.28%   203 1616s
 263484 131289   96.50747   34  148  101.18408   95.84997  5.27%   203 1623s
 264391 131677   99.63715   71  225  101.18408   95.85361  5.27%   202 1631s
 265404 132111  100.81823   53  131  101.18408   95.85796  5.26%   202 1639s
 266351 132672   96.77313   30  139  101.18408   95.86269  5.26%   202 1647s
 267466 133111   99.21641   71  126  101.18408   95.86560  5.26%   202 1656s
 268403 133570  101.00520   69   90  101.18408   95.86976  5.25%   202 1663s
 269332 134046  100.18539   72  118  101.18408   95.87385  5.25%   202 1670s
 270316 134485     cutoff   35       101.18408   95.87930  5.24%   202 1677s
 271213 135031   96.57212   58  259  101.18408   95.88204  5.24%   201 1685s
 272332 135454   99.24351   71   71  101.18408   95.88591  5.24%   201 1692s
 273296 135972   98.84664   60  110  101.18408   95.89116  5.23%   201 1700s
 274362 136444   97.76926   54   73  101.18408   95.89472  5.23%   201 1707s
 275299 136846     cutoff   65       101.18408   95.89840  5.22%   201 1714s
 276273 137290   97.83250   54   79  101.18408   95.90199  5.22%   201 1720s
 277232 137819   98.23547   45  161  101.18408   95.90700  5.22%   201 1727s
 278288 138213   99.98215   61  120  101.18408   95.90989  5.21%   200 1734s
 279185 138672   96.02084   53  180  101.18408   95.91475  5.21%   200 1741s
 280101 139065   96.97245   43  143  101.18408   95.91871  5.20%   200 1749s
 280933 139584   97.55288   47  119  101.18408   95.92218  5.20%   200 1756s
 281999 139967   97.98931   59  318  101.18408   95.92649  5.20%   200 1765s
 282786 140462  100.87538   39   83  101.18408   95.92806  5.19%   200 1773s
 283889 140849   97.24447   51  130  101.18408   95.93450  5.19%   200 1781s
 284964 141359   97.70272   32  119  101.18408   95.93809  5.18%   199 1790s
 286079 141664   99.77912   49  108  101.18408   95.94155  5.18%   199 1797s
 286849 142070   99.83627   55   74  101.18408   95.94524  5.18%   199 1805s
 287873 142491   99.80261   52   85  101.18408   95.94949  5.17%   199 1812s
 288884 143009   99.33893   46   95  101.18408   95.95235  5.17%   199 1821s
 289981 143448  100.96733   51   71  101.18408   95.95560  5.17%   199 1828s
 290991 143899   99.21753   47   95  101.18408   95.96095  5.16%   199 1836s
 291937 144241     cutoff   58       101.18408   95.96417  5.16%   198 1843s
 292661 144777   99.53239   65  177  101.18408   95.96691  5.16%   198 1850s
 293628 145283     cutoff   42       101.18408   95.97140  5.15%   198 1858s
 294783 145791 infeasible   55       101.18408   95.97583  5.15%   198 1865s
 295791 146259   97.15572   53  147  101.18408   95.97856  5.14%   198 1873s
 296854 146693   96.70529   55  147  101.18408   95.98169  5.14%   198 1882s
 297985 147139   98.54346   41  124  101.18408   95.98505  5.14%   198 1889s
 298948 147639     cutoff   54       101.18408   95.98957  5.13%   198 1897s
 299940 148043   97.45700   48  108  101.18408   95.99228  5.13%   198 1905s
 300797 148541     cutoff   53       101.18408   95.99497  5.13%   197 1913s
 301886 149014   98.85963   60   83  101.18408   95.99912  5.12%   197 1921s
 302938 149486   98.86938   55  112  101.18408   96.00135  5.12%   197 1929s
 303906 149833   99.51259   37   63  101.18408   96.00437  5.12%   197 1936s
 304799 150308   96.70484   39  159  101.18408   96.00910  5.11%   197 1944s
 305770 150706   99.48876   66  107  101.18408   96.01317  5.11%   197 1953s
 306844 151143   99.04494   66  193  101.18408   96.01545  5.11%   197 1961s
 307859 151622   98.45253   66  134  101.18408   96.02002  5.10%   197 1969s
 307975 151622   97.40373   26   82  101.18408   96.02014  5.10%   197 1970s
 308900 152112   97.23672   45  230  101.18408   96.02428  5.10%   196 1977s
 309909 152657   97.70759   57  123  101.18408   96.02778  5.10%   196 1985s
 310938 153197   98.39371   44   99  101.18408   96.03075  5.09%   196 1996s
 312136 153635   98.26890   49   54  101.18408   96.03547  5.09%   196 2010s
 312968 154173   97.12133   67  146  101.18408   96.03671  5.09%   196 2020s
 314016 154664   98.14829   33   88  101.18408   96.04164  5.08%   196 2032s
 314974 155207     cutoff   56       101.18408   96.04551  5.08%   196 2042s
 316095 155734   99.49964   53   99  101.18408   96.04801  5.08%   195 2051s
 317168 156280   99.95710   59   82  101.18408   96.05307  5.07%   195 2061s
 318330 156808   98.57737   49  154  101.18408   96.05710  5.07%   195 2071s
 319501 157372   97.73120   55   99  101.18408   96.06079  5.06%   195 2081s
 320719 157936  100.17183   75  270  101.18408   96.06409  5.06%   195 2090s
 321848 158398  100.89056   51  149  101.18408   96.06743  5.06%   195 2100s
 322962 158842   97.39678   57  305  101.18408   96.07028  5.05%   195 2110s
 323979 159337   99.81677   55  105  101.18408   96.07293  5.05%   194 2120s
 325203 159811   99.30834   48  102  101.18408   96.07697  5.05%   194 2129s
 326332 160391  100.31576   70   68  101.18408   96.07902  5.05%   194 2140s
 327662 160833     cutoff   70       101.18408   96.08208  5.04%   194 2149s
 328680 160943   98.99939   25   82  101.18408   96.08533  5.04%   194 2155s
 328969 161326     cutoff   25       101.18408   96.08587  5.04%   194 2163s
 329920 161759   98.33308   52  249  101.18408   96.09069  5.03%   194 2170s
 330795 162054  100.63844   74   69  101.18408   96.09409  5.03%   194 2178s
 331419 162592   98.30110   53  109  101.18408   96.09472  5.03%   194 2187s
 332529 163132   98.06565   54  106  101.18408   96.09930  5.03%   193 2197s
 333620 163655   98.27722   53  150  101.18408   96.10204  5.02%   193 2206s
 334664 164116   97.25757   48  191  101.18408   96.10606  5.02%   193 2214s
 335580 164580   98.08116   55  196  101.18408   96.11037  5.01%   193 2223s
 336685 165143   97.20704   47   76  101.18408   96.11273  5.01%   193 2232s
 337770 165693   97.91225   56  108  101.18408   96.11655  5.01%   193 2242s
 338937 166181  100.19931   60   77  101.18408   96.11996  5.00%   193 2251s
 339950 166546   96.58649   36  138  101.18408   96.12313  5.00%   193 2260s
 340767 167106     cutoff   43       101.18408   96.12548  5.00%   192 2271s
 341902 167519  100.59013   55  250  101.18408   96.12965  5.00%   192 2280s
 342923 167978  100.63392   33   96  101.18408   96.13283  4.99%   192 2290s
 343887 168408  100.41046   52   96  101.18408   96.13568  4.99%   192 2299s
 344783 168865   99.82377   41   50  101.18408   96.13846  4.99%   192 2307s
 345770 169302   98.72528   52   90  101.18408   96.14070  4.98%   192 2315s
 346693 169694  101.09783   70   51  101.18408   96.14540  4.98%   192 2326s
 347544 170101   96.99992   53  361  101.18408   96.14725  4.98%   192 2334s
 348405 170616   98.43739   41  132  101.18408   96.15162  4.97%   192 2344s
 349612 171154   97.20413   42  122  101.18408   96.15430  4.97%   192 2355s
 350730 171688   97.91173   39  273  101.18408   96.15715  4.97%   192 2365s
 351874 172005   99.05001   55  127  101.18408   96.16005  4.97%   192 2373s
 352688 172521     cutoff   50       101.18408   96.16270  4.96%   192 2384s
 353953 173046  100.11830   48   85  101.18408   96.16573  4.96%   191 2394s
 355031 173531   97.27145   67  162  101.18408   96.16930  4.96%   191 2403s
 355956 174062   98.28186   62   61  101.18408   96.17265  4.95%   191 2414s
 357189 174498 infeasible   51       101.18408   96.17635  4.95%   191 2423s
 358160 175031   98.01672   46  107  101.18408   96.17889  4.95%   191 2432s
 359306 175484 infeasible   45       101.18408   96.18162  4.94%   191 2441s
 360377 175897  100.92518   63   76  101.18408   96.18412  4.94%   191 2450s
 361415 176241   99.77912   50   97  101.18408   96.18826  4.94%   191 2458s
 362302 176741   97.19634   58  139  101.18408   96.19158  4.93%   191 2466s
 363309 177235   97.48927   51  127  101.18408   96.19450  4.93%   190 2474s
 364228 177719   99.67453   55  235  101.18408   96.19716  4.93%   190 2483s
 365306 178083   96.67718   56  144  101.18408   96.20088  4.92%   190 2492s
 366161 178465   96.48240   37  171  101.18408   96.20450  4.92%   190 2501s
 367105 178899     cutoff   48       101.18408   96.20746  4.92%   190 2508s
 368064 179483  100.18493   68   99  101.18408   96.21114  4.91%   190 2518s
 369217 180079  100.75946   55  134  101.18408   96.21456  4.91%   190 2528s
 370266 180546   98.62187   62  326  101.18408   96.21730  4.91%   190 2537s
 371309 181145   96.76482   46  386  101.18408   96.21957  4.91%   190 2549s
 372617 181465  100.12564   40   65  101.18408   96.22341  4.90%   189 2558s
 373538 181897     cutoff   46       101.18408   96.22535  4.90%   189 2566s
 374472 182425  100.31283   78   87  101.18408   96.22986  4.90%   189 2575s
 375657 182954   99.90124   50  130  101.18408   96.23291  4.89%   189 2585s
 376650 183342   99.21285   45  118  101.18408   96.23519  4.89%   189 2594s
 377530 183775   96.67678   48  229  101.18408   96.23748  4.89%   189 2604s
 378456 184227   99.19987   48  306  101.18408   96.24012  4.89%   189 2612s
 379396 184800   99.50716   66   94  101.18408   96.24310  4.88%   189 2621s
 380527 185294   98.46054   50  132  101.18408   96.24581  4.88%   189 2631s
 381654 185795   99.38415   52  173  101.18408   96.24805  4.88%   189 2641s
 382640 186200   97.39322   42  137  101.18408   96.25161  4.87%   188 2649s
 383517 186666   96.83489   54  103  101.18408   96.25375  4.87%   188 2658s
 384550 187114   98.84203   62  143  101.18408   96.25643  4.87%   188 2668s
 385487 187598   98.24054   35   78  101.18408   96.25888  4.87%   188 2678s
 386592 188222   97.07060   49  156  101.18408   96.26187  4.86%   188 2689s
 387925 188620   97.09204   45  159  101.18408   96.26388  4.86%   188 2697s
 388835 189043   98.54958   58  140  101.18408   96.26696  4.86%   188 2705s
 389853 189516  100.19595   36  141  101.18408   96.27151  4.86%   188 2714s
 390924 190031   98.64137   62   93  101.18408   96.27485  4.85%   188 2723s
 391983 190506   98.71351   44  101  101.18408   96.27657  4.85%   188 2732s
 392895 190701   97.55984   45  107  101.18408   96.27904  4.85%   188 2738s
 393271 191241   99.19969   66  323  101.18408   96.27966  4.85%   188 2747s
 394438 191620   97.39171   48  210  101.18408   96.28314  4.84%   187 2755s
 395397 192140   99.27715   50  380  101.18408   96.28598  4.84%   187 2765s
 396495 192593   98.68598   35  136  101.18408   96.28853  4.84%   187 2775s
 397460 192995   99.63838   56   59  101.18408   96.29156  4.84%   187 2784s
 398385 193429     cutoff   67       101.18408   96.29384  4.83%   187 2794s
 399331 193863   99.69966   52   80  101.18408   96.29762  4.83%   187 2804s
 400411 194415   97.57386   49  367  101.18408   96.30078  4.83%   187 2815s
 401615 195041 infeasible   58       101.18408   96.30399  4.82%   187 2827s
 402972 195589   99.88058   52   92  101.18408   96.30662  4.82%   187 2837s
 404124 195902   98.76408   50   86  101.18408   96.30933  4.82%   187 2849s
 404961 196316   96.85072   53  131  101.18408   96.31026  4.82%   186 2857s
 405827 196749  100.46762   58   75  101.18408   96.31380  4.81%   186 2867s
 406951 197143   97.40564   43  152  101.18408   96.31645  4.81%   186 2876s
 407869 197716     cutoff   61       101.18408   96.31969  4.81%   186 2887s
 409025 198191     cutoff   56       101.18408   96.32265  4.80%   186 2896s
 410090 198651   96.45534   46  164  101.18408   96.32533  4.80%   186 2907s
 411174 199124   97.76122   46   75  101.18408   96.32816  4.80%   186 2916s
 412168 199629   97.06592   48  172  101.18408   96.33110  4.80%   186 2926s
 413182 200071   97.96622   50   89  101.18408   96.33390  4.79%   186 2936s
 414193 200551 infeasible   32       101.18408   96.33746  4.79%   186 2946s
 415273 200993   99.65819   51  105  101.18408   96.34010  4.79%   186 2956s
 416392 201469   96.47419   37  160  101.18408   96.34178  4.79%   186 2969s
 417472 202032   99.03587   51  108  101.18408   96.34505  4.78%   185 2981s
 418715 202511  100.48111   52  110  101.18408   96.34714  4.78%   185 2991s
 419801 202989   96.50100   48  359  101.18408   96.35060  4.78%   185 3003s
 420998 203409   99.42651   65  142  101.18408   96.35279  4.77%   185 3012s
 421942 203885   99.27408   48  150  101.18408   96.35574  4.77%   185 3023s
 423081 204453   97.45858   58  320  101.18408   96.35802  4.77%   185 3033s
 424214 204936   97.02520   55  145  101.18408   96.36096  4.77%   185 3043s
 425199 205527   97.52214   47  108  101.18408   96.36414  4.76%   185 3053s
 426309 206048   98.12399   40  124  101.18408   96.36679  4.76%   185 3064s
 427408 206631   99.96211   50   88  101.18408   96.36984  4.76%   185 3076s
 428709 206992   97.52598   49  167  101.18408   96.37241  4.76%   185 3085s
 429553 207370  100.25634   53   45  101.18408   96.37439  4.75%   184 3100s
 430330 207868   98.13084   48  106  101.18408   96.37578  4.75%   184 3111s
 431416 208507  101.11947   66  101  101.18408   96.37919  4.75%   184 3123s
 432743 208984     cutoff   70       101.18408   96.38147  4.75%   184 3133s
 433785 209497     cutoff   78       101.18408   96.38422  4.74%   184 3144s
 434800 209926  100.34955   48   82  101.18408   96.38709  4.74%   184 3154s
 435688 210359  100.74205   57   85  101.18408   96.38861  4.74%   184 3165s
 436782 210747   98.85557   56  162  101.18408   96.39032  4.74%   184 3175s
 437764 211189   96.69537   50  156  101.18408   96.39236  4.74%   184 3185s
 438734 211624  101.07556   60   55  101.18408   96.39496  4.73%   184 3195s
 439795 212162   98.63784   64  298  101.18408   96.39698  4.73%   184 3206s
 440845 212721   97.77797   47  111  101.18408   96.39901  4.73%   184 3219s
 442115 213059     cutoff   56       101.18408   96.40248  4.73%   184 3229s
 443038 213516   99.34643   48  143  101.18408   96.40437  4.72%   184 3238s
 444032 214079   99.31710   48   75  101.18408   96.40741  4.72%   184 3248s
 445248 214588     cutoff   56       101.18408   96.40997  4.72%   184 3259s
 446350 215116   97.28993   51  146  101.18408   96.41125  4.72%   183 3271s
 447705 215638   97.29041   50  111  101.18408   96.41468  4.71%   183 3281s
 448709 216200   98.41297   47   85  101.18408   96.41630  4.71%   183 3292s
 449845 216724   98.29160   61  108  101.18408   96.41879  4.71%   183 3303s
 450959 217225     cutoff   30       101.18408   96.42141  4.71%   183 3313s
 452083 217716   99.70407   38   92  101.18408   96.42365  4.70%   183 3324s
 453302 218243   97.34941   46  126  101.18408   96.42602  4.70%   183 3336s
 454507 218582   97.24650   59   97  101.18408   96.42758  4.70%   183 3344s
 454829 218582   98.14137   38   69  101.18408   96.42787  4.70%   183 3345s
 455325 219032   98.35041   54   73  101.18408   96.42908  4.70%   183 3354s
 456394 219350   97.64509   49  213  101.18408   96.43164  4.70%   183 3362s
 457328 219770   97.30292   45  122  101.18408   96.43312  4.70%   183 3372s
 458247 220229   99.57618   49  143  101.18408   96.43590  4.69%   183 3382s
 459285 220736   97.69547   42  111  101.18408   96.43760  4.69%   182 3393s
 460470 221139   97.28577   46  135  101.18408   96.44050  4.69%   182 3403s
 461360 221720 infeasible   50       101.18408   96.44249  4.69%   182 3415s
 462725 222158   99.68260   39  125  101.18408   96.44520  4.68%   182 3423s
 463543 222639   99.89872   74   49  101.18408   96.44730  4.68%   182 3434s
 464609 223116  101.12444   46   73  101.18408   96.44914  4.68%   182 3446s
 465742 223725   98.63991   47   86  101.18408   96.45166  4.68%   182 3458s
 467040 224162   97.23779   63  175  101.18408   96.45399  4.67%   182 3468s
 468155 224572   99.95769   43   98  101.18408   96.45662  4.67%   182 3478s
 469160 225014  100.23800   58  154  101.18408   96.45832  4.67%   182 3488s
 470257 225250   99.41227   26  115  101.18408   96.46019  4.67%   182 3499s
 470882 225707     cutoff   43       101.18408   96.46131  4.67%   182 3509s
 471966 226050  100.89156   58  271  101.18408   96.46395  4.66%   182 3516s
 472649 226567   98.15789   73   70  101.18408   96.46460  4.66%   182 3527s
 473773 226950   99.72743   59  371  101.18408   96.46719  4.66%   182 3543s
 474601 227433  100.08812   60  283  101.18408   96.46820  4.66%   181 3554s
 475730 227932   99.19602   57   72  101.18408   96.47138  4.66%   181 3565s
 476849 228498  100.74069   35   68  101.18408   96.47407  4.65%   181 3576s
 478105 229025   97.94943   54   91  101.18408   96.47596  4.65%   181 3587s
 479181 229468  101.01769   68  206  101.18408   96.47881  4.65%   181 3598s
 480229 229529   97.01275   55  176  101.18408   96.47998  4.65%   181 3600s

Cutting planes:
  Learned: 194
  Gomory: 35
  Lift-and-project: 10
  Cover: 3565
  Implied bound: 751
  Projected implied bound: 29
  Clique: 375
  MIR: 185
  StrongCG: 112
  Flow cover: 1592
  GUB cover: 75
  Inf proof: 120
  Zero half: 74
  Network: 6
  RLT: 317
  Relax-and-lift: 318
  BQP: 5

Explored 480336 nodes (87028949 simplex iterations) in 3600.20 seconds (3459.22 work units)
Thread count was 8 (of 24 available processors)

Solution count 10: 101.184 101.184 101.184 ... 101.797

Time limit reached
Warning: max constraint violation (1.1786e-01) exceeds tolerance
Warning: max bound violation (1.1786e-01) exceeds tolerance
         (model may be infeasible or unbounded - try turning presolve off)
Best objective 1.011840773595e+02, best bound 9.647997712867e+01, gap 4.6491%
