
Gurobi 10.0.0 (win64) logging started Sat Jan 20 07:56:04 2024

Set parameter LogFile to value "C:/Users\Administrator\Documents\BNC_Repo\BNC_Tests\10_MIP_Results\n20m2\Instance_Class3_Parts20_Machines2_Instance2_logfileChe21.txt"
Gurobi Optimizer version 10.0.0 build v10.0.0rc2 (win64)

CPU model: AMD EPYC 7513 32-Core Processor, instruction set [SSE2|AVX|AVX2]
Thread count: 24 physical cores, 24 logical processors, using up to 8 threads

Optimize a model with 14158 rows, 2601 columns and 68618 nonzeros
Model fingerprint: 0x22feab53
Variable types: 921 continuous, 1680 integer (1680 binary)
Coefficient statistics:
  Matrix range     [4e-06, 5e+02]
  Objective range  [1e+00, 1e+00]
  Bounds range     [1e+00, 1e+00]
  RHS range        [1e+00, 7e+02]
Presolve removed 4249 rows and 863 columns
Presolve time: 0.25s
Presolved: 9909 rows, 1738 columns, 60516 nonzeros
Variable types: 80 continuous, 1658 integer (1618 binary)
Found heuristic solution: objective 795.5785200
Found heuristic solution: objective 432.2924000
Root relaxation presolved: 9909 rows, 1738 columns, 60516 nonzeros


Use crossover to convert LP symmetric solution to basic solution...

Root relaxation: objective 7.966285e+01, 1966 iterations, 0.23 seconds (0.30 work units)

    Nodes    |    Current Node    |     Objective Bounds      |     Work
 Expl Unexpl |  Obj  Depth IntInf | Incumbent    BestBd   Gap | It/Node Time

     0     0   79.66285    0  234  432.29240   79.66285  81.6%     -    0s
H    0     0                     225.8194800   79.66285  64.7%     -    0s
H    0     0                     220.1759000   79.66285  63.8%     -    0s
H    0     0                     125.4921800   79.73863  36.5%     -    1s
     0     0   79.86165    0  404  125.49218   79.86165  36.4%     -    2s
     0     0   79.93212    0  509  125.49218   79.93212  36.3%     -    2s
     0     0   79.93212    0  462  125.49218   79.93212  36.3%     -    2s
     0     0   80.04291    0  543  125.49218   80.04291  36.2%     -    3s
     0     0   80.04291    0  176  125.49218   80.04291  36.2%     -    5s
     0     0   80.07472    0  396  125.49218   80.07472  36.2%     -    6s
     0     0   80.23462    0  441  125.49218   80.23462  36.1%     -    6s
     0     0   80.57323    0  584  125.49218   80.57323  35.8%     -    8s
     0     0   80.59479    0  571  125.49218   80.59479  35.8%     -    8s
     0     0   80.60316    0  556  125.49218   80.60316  35.8%     -    8s
     0     0   80.60530    0  559  125.49218   80.60530  35.8%     -    8s
     0     0   80.60652    0  568  125.49218   80.60652  35.8%     -    8s
     0     0   80.60672    0  578  125.49218   80.60672  35.8%     -    8s
     0     0   80.60672    0  569  125.49218   80.60672  35.8%     -    9s
     0     0   80.67160    0  271  125.49218   80.67160  35.7%     -    9s
     0     0   80.69674    0  598  125.49218   80.69674  35.7%     -    9s
     0     0   80.70427    0  602  125.49218   80.70427  35.7%     -   10s
     0     0   80.70454    0  612  125.49218   80.70454  35.7%     -   10s
     0     0   80.70454    0  612  125.49218   80.70454  35.7%     -   10s
     0     0   80.96720    0  654  125.49218   80.96720  35.5%     -   10s
     0     0   81.08696    0  641  125.49218   81.08696  35.4%     -   10s
     0     0   81.08696    0  638  125.49218   81.08696  35.4%     -   11s
H    0     0                     121.7423829   81.19758  33.3%     -   11s
H    0     0                     119.5497600   81.32940  32.0%     -   11s
     0     0   81.32940    0  230  119.54976   81.32940  32.0%     -   11s
     0     0   81.41561    0  253  119.54976   81.41561  31.9%     -   12s
     0     0   81.41561    0  252  119.54976   81.41561  31.9%     -   12s
H    0     0                     115.3963800   81.44916  29.4%     -   12s
H    0     0                     108.4450800   81.44916  24.9%     -   12s
     0     0   81.44916    0  248  108.44508   81.44916  24.9%     -   12s
     0     0   81.44916    0  210  108.44508   81.44916  24.9%     -   12s
H    0     0                      99.1372400   81.44916  17.8%     -   13s
H    0     0                      92.5602800   81.44916  12.0%     -   15s
     0     2   81.44916    0  161   92.56028   81.44916  12.0%     -   16s
H   32    36                      92.2953600   81.44916  11.8%  1613   19s
    47    53   82.38584    7  182   92.29536   81.44916  11.8%  1516   20s
H   69    68                      92.0704000   81.44916  11.5%  1255   21s
H   72    68                      91.9440000   81.44916  11.4%  1242   21s
H   75    68                      91.8375200   81.44916  11.3%  1240   21s
H  108   103                      91.6675200   81.44916  11.1%   972   22s
H  114   103                      91.2311800   81.44916  10.7%   941   22s
   492   397   88.50540   50   61   91.23118   81.75664  10.4%   349   25s
   882   600   83.37327    7  288   91.23118   81.78193  10.4%   320   30s
H  911   600                      91.1047800   81.78193  10.2%   312   30s
H 1004   633                      90.8697000   81.78193  10.0%   319   33s
H 1008   629                      90.7459600   81.78193  9.88%   323   33s
H 1069   649                      89.6146600   81.78193  8.74%   335   36s
  1175   843 infeasible   16        89.61466   81.78193  8.74%   333   40s
  1459   889   89.15318   34  543   89.61466   81.78193  8.74%   305   48s
  1461   890   82.12595   11  266   89.61466   81.78193  8.74%   304   50s
  1471   897   84.00378   24  292   89.61466   81.78193  8.74%   302   55s
  1474   899   85.41112   32  226   89.61466   81.78193  8.74%   301   60s
  1610  1001   83.45623   24  153   89.61466   81.78193  8.74%   347   65s
  2051  1148   82.19334   21  393   89.61466   81.78193  8.74%   325   70s
  2514  1239   83.74339   21   93   89.61466   81.78193  8.74%   324   75s
  2570  1227   84.33201   24  176   89.61466   81.78193  8.74%   325   80s
H 2595  1137                      89.0228800   81.78193  8.13%   327   82s
  2982  1222   84.16740   26  117   89.02288   81.82193  8.09%   327   85s
  4168  1428   84.30876   25   90   89.02288   82.02200  7.86%   294   90s
  5225  1832   85.61063   35   99   89.02288   82.18994  7.68%   282   95s
  6042  2253   84.95697   29  127   89.02288   82.53160  7.29%   286  100s
  7062  2756   84.58314   28  227   89.02288   82.73712  7.06%   278  105s
  7874  3131   87.66674   35  171   89.02288   82.96261  6.81%   274  111s
  8700  3685   85.91041   40   57   89.02288   83.02761  6.73%   271  116s
  9183  3902   83.99044   26  114   89.02288   83.08549  6.67%   268  120s
 10333  4423   83.43021   24  136   89.02288   83.22731  6.51%   265  126s
 11219  4780   83.92375   24  153   89.02288   83.30839  6.42%   262  130s
 12208  5208   84.66554   30  142   89.02288   83.39810  6.32%   260  135s
 13150  5705   83.55089   27  150   89.02288   83.45455  6.25%   260  141s
 14598  6457 infeasible   48        89.02288   83.50395  6.20%   255  148s
 15426  6739   84.80527   29  115   89.02288   83.50395  6.20%   252  151s
 15977  6750     cutoff   37        89.02288   83.50395  6.20%   250  160s
H15985  6696                      88.9187200   83.50395  6.09%   250  160s
 16386  7113   83.58397   38   75   88.91872   83.50395  6.09%   249  166s
 16972  7356   86.42580   39   77   88.91872   83.53105  6.06%   250  170s
 18414  8337   85.67864   33   71   88.91872   83.58397  6.00%   250  179s
 19559  8869   85.54313   43   63   88.91872   83.58397  6.00%   245  184s
 20526  9343     cutoff   32        88.91872   83.58397  6.00%   243  189s
 21624  9716   83.87963   25  147   88.91872   83.58397  6.00%   241  194s
 22349 10180   83.92375   26  139   88.91872   83.62870  5.95%   240  198s
 23257 10592   85.46057   28  171   88.91872   83.66861  5.90%   240  202s
 24133 10926   86.48084   40   94   88.91872   83.71566  5.85%   239  207s
 24936 11281 infeasible   52        88.91872   83.78564  5.77%   239  211s
 25652 11631   85.19931   25  150   88.91872   83.79568  5.76%   239  215s
 27238 12330   83.98029   29  101   88.91872   83.87387  5.67%   239  223s
 28005 12735   85.35174   31   99   88.91872   83.90029  5.64%   239  228s
 28975 13349   88.26495   44  162   88.91872   83.92194  5.62%   238  234s
 30066 13349   84.92936   43   59   88.91872   83.92375  5.62%   235  235s
 30359 14142   83.92375   31  115   88.91872   83.92375  5.62%   234  242s
 31972 14416     cutoff   37        88.91872   83.92375  5.62%   229  246s
 32562 14696   85.09426   35  115   88.91872   83.92375  5.62%   229  250s
 33241 15082   86.02719   38  132   88.91872   83.92375  5.62%   229  255s
 34944 15720   86.59931   30  164   88.91872   83.95599  5.58%   228  264s
 35676 16090   84.39812   32   80   88.91872   83.97286  5.56%   228  269s
 36650 16417   84.11324   28  111   88.91872   83.98029  5.55%   228  274s
 37496 16709   86.28239   37   93   88.91872   83.98029  5.55%   229  279s
 38160 17099   84.98994   29   99   88.91872   83.98029  5.55%   230  284s
 39033 17446   88.35201   52   91   88.91872   83.98495  5.55%   230  290s
 39800 17867   86.11405   25  108   88.91872   84.00378  5.53%   231  295s
 40761 18253   86.90348   38   95   88.91872   84.00378  5.53%   230  302s
 41768 18581 infeasible   31        88.91872   84.01393  5.52%   229  307s
 42645 18867   84.66143   28  150   88.91872   84.02928  5.50%   229  313s
 43520 19239   85.40861   21  183   88.91872   84.05502  5.47%   229  319s
 44406 19694   85.23426   26  117   88.91872   84.07753  5.44%   229  326s
 45439 20041 infeasible   71        88.91872   84.10494  5.41%   227  331s
 46191 20516 infeasible   32        88.91872   84.14233  5.37%   228  338s
 47160 21048   86.68356   40   80   88.91872   84.16383  5.35%   228  346s
 48277 21522 infeasible   36        88.91872   84.17677  5.33%   227  354s
 49660 21915   85.24946   33   88   88.91872   84.19200  5.32%   226  361s
 50583 22191   84.58069   31  134   88.91872   84.19200  5.32%   225  367s
 51326 22399   84.35922   27  160   88.91872   84.21910  5.29%   226  373s
 51880 22782   85.64016   31  138   88.91872   84.21910  5.29%   226  379s
 52684 23270   87.38515   41   56   88.91872   84.24385  5.26%   227  387s
 53717 23606   84.65447   35  137   88.91872   84.24385  5.26%   226  394s
 54444 23906   84.65613   36  162   88.91872   84.24385  5.26%   227  400s
 55221 24375   85.11112   26  143   88.91872   84.25789  5.24%   228  408s
 56241 24794 infeasible   29        88.91872   84.27202  5.23%   227  415s
 57188 24997   85.75208   30   89   88.91872   84.28482  5.21%   227  420s
 57807 25367   86.52224   42   64   88.91872   84.29849  5.20%   228  428s
 58707 25776   84.99115   28  132   88.91872   84.31631  5.18%   228  435s
 59580 26113   86.18479   33   92   88.91872   84.33919  5.15%   229  442s
*60331 24852              98      88.5742800   84.34597  4.77%   229  442s
H60436 24081                      88.4059600   84.35463  4.58%   229  449s
H60593 24068                      88.4042800   84.35588  4.58%   229  449s
 60658 25358 infeasible   32        88.40428   84.35588  4.58%   229  480s
 64180 25556   87.11590   33  176   88.40428   84.42304  4.50%   229  493s
 64609 25928   86.14922   40   65   88.40428   84.42632  4.50%   229  502s
 65600 26376   86.14922   41   86   88.40428   84.45613  4.47%   229  510s
 66658 26738   87.51813   31  230   88.40428   84.48086  4.44%   230  518s
 67615 27003   86.52224   33   79   88.40428   84.49830  4.42%   230  526s
 68466 27387   87.29158   45   41   88.40428   84.50956  4.41%   230  535s
 69504 27896   85.52036   33  137   88.40428   84.53054  4.38%   230  545s
 70706 28274   87.41160   52   65   88.40428   84.53666  4.37%   230  555s
 71744 28666   88.31896   67   20   88.40428   84.53666  4.37%   230  563s
*71756 28228              79      88.3189600   84.53666  4.28%   230  563s
 72782 28447 infeasible   32        88.31896   84.55371  4.26%   229  573s
H72783 27311                      88.1542400   84.55371  4.08%   229  573s
H72891 27241                      88.1489600   84.55371  4.08%   229  573s
 73601 27533   86.70629   33   93   88.14896   84.57236  4.06%   230  581s
 74493 27777   85.15832   34   91   88.14896   84.58314  4.05%   230  589s
H74607 27756                      88.1446200   84.58314  4.04%   230  589s
H74765 24741                      87.7922200   84.58545  3.65%   230  589s
H74958 24741                      87.7922194   84.58685  3.65%   230  589s
 75309 24986   85.31934   29   90   87.79222   84.59915  3.64%   230  595s
 76114 25162   85.42900   36   84   87.79222   84.61413  3.62%   230  603s
 76882 25338 infeasible   24        87.79222   84.62323  3.61%   230  610s
 77659 25592   86.67030   42   81   87.79222   84.63413  3.60%   231  617s
 78547 25893   86.39365   34  120   87.79222   84.65330  3.58%   231  625s
 79627 26132   86.10185   33  116   87.79222   84.66834  3.56%   231  632s
 80482 26329 infeasible   32        87.79222   84.67318  3.55%   231  639s
 81133 26678   86.38950   33  100   87.79222   84.68723  3.54%   231  647s
 82195 26881   85.70907   27  158   87.79222   84.70605  3.52%   231  654s
 83005 27258   85.84151   28  107   87.79222   84.72593  3.49%   231  663s
 84114 27557   85.69980   28  139   87.79222   84.74475  3.47%   231  670s
 85055 27863   86.35823   34  101   87.79222   84.76122  3.45%   231  678s
 86030 28012 infeasible   32        87.79222   84.77632  3.44%   231  684s
 86676 28218 infeasible   32        87.79222   84.79568  3.41%   232  692s
 87636 28474 infeasible   31        87.79222   84.80998  3.40%   232  700s
 88536 28835   85.13507   31  136   87.79222   84.82541  3.38%   232  708s
 89676 29147   86.84880   59   76   87.79222   84.84641  3.36%   231  716s
 90683 29354     cutoff   43        87.79222   84.85700  3.34%   231  724s
 91479 29701   86.19202   46   75   87.79222   84.87172  3.33%   231  731s
 92493 29946 infeasible   29        87.79222   84.88290  3.31%   231  738s
 93400 30227   86.11573   36   87   87.79222   84.89811  3.30%   230  745s
 94335 30488   87.54513   41   54   87.79222   84.90945  3.28%   230  754s
 95311 31002   86.14922   39   88   87.79222   84.92175  3.27%   230  763s
 96717 31254   86.66087   43   84   87.79222   84.93190  3.26%   229  770s
 97620 31439   85.52869   36   96   87.79222   84.93872  3.25%   229  777s
 98359 31601   87.62762   37  136   87.79222   84.94967  3.24%   229  784s
 99088 31837   85.57790   35  105   87.79222   84.95554  3.23%   229  790s
 99916 32144   86.76495   27  180   87.79222   84.96476  3.22%   229  797s
 100895 32458   86.17373   35   85   87.79222   84.97173  3.21%   229  806s
 101883 32663   86.65340   34   94   87.79222   84.97764  3.21%   228  814s
 102698 32909   84.99440   41  139   87.79222   84.98471  3.20%   229  821s
 103502 33149   85.99127   37  122   87.79222   84.98590  3.20%   229  828s
 104291 33358   85.48516   26  121   87.79222   84.99044  3.19%   229  835s
 105298 33604   87.58648   44   92   87.79222   85.00025  3.18%   229  844s
 106345 33851   85.55542   39   93   87.79222   85.00939  3.17%   228  850s
 107104 34057 infeasible   55        87.79222   85.01345  3.17%   228  857s
 107910 34320   87.48327   32   93   87.79222   85.01345  3.17%   228  864s
 108799 34529   86.00178   35  110   87.79222   85.02615  3.15%   228  871s
 109756 34870   85.85749   34   71   87.79222   85.03395  3.14%   228  878s
 110793 35155   87.41386   36   78   87.79222   85.04080  3.13%   227  886s
 111727 35442   86.38391   35  221   87.79222   85.04918  3.12%   227  893s
 112617 35863   85.38238   37  118   87.79222   85.05541  3.12%   227  902s
 113756 36096   85.61191   35   85   87.79222   85.05885  3.11%   227  909s
 114514 36355   86.65139   44   45   87.79222   85.06573  3.11%   227  915s
 115382 36522 infeasible   40        87.79222   85.07250  3.10%   227  922s
 116117 36794   86.50038   33   95   87.79222   85.08068  3.09%   227  928s
 116888 37064 infeasible   38        87.79222   85.08673  3.08%   227  935s
 117921 37363   86.95070   37   76   87.79222   85.09175  3.08%   227  943s
 118981 37585   87.21884   34   72   87.79222   85.10211  3.06%   226  951s
 119931 37765   85.87649   28  139   87.79222   85.10706  3.06%   226  958s
 120625 38113   86.62556   33   69   87.79222   85.11271  3.05%   226  968s
 121842 38419   85.86346   33   91   87.79222   85.11988  3.04%   226  977s
 122913 38655   86.07927   36  103   87.79222   85.13352  3.03%   226  985s
 123793 38903   86.30899   36  111   87.79222   85.13854  3.02%   226  993s
 124718 39067   86.03218   35  120   87.79222   85.14524  3.02%   226 1000s
H124741 38082                      87.7113600   85.14524  2.93%   226 1000s
H124807 37816                      87.6922200   85.14600  2.90%   226 1000s
 125339 37987   86.08531   35  108   87.69222   85.15045  2.90%   226 1007s
 126197 38178     cutoff   43        87.69222   85.16012  2.89%   226 1015s
 127029 38363   87.30366   46   55   87.69222   85.16736  2.88%   226 1022s
H127277 38363                      87.6922195   85.16781  2.88%   226 1022s
 127827 38604   86.15443   34   84   87.69222   85.17179  2.87%   226 1032s
 128829 38752   87.67197   34   77   87.69222   85.18175  2.86%   226 1039s
 129630 39040   85.91041   40   74   87.69222   85.19072  2.85%   226 1049s
 130688 39270     cutoff   54        87.69222   85.20066  2.84%   226 1057s
 131591 39472   86.96974   40   63   87.69222   85.21009  2.83%   226 1066s
 132517 39761   85.86607   32  117   87.69222   85.21954  2.82%   226 1075s
 133523 39925     cutoff   39        87.69222   85.22471  2.81%   226 1082s
 134291 40161   87.41263   32   78   87.69222   85.22905  2.81%   226 1090s
 135219 40379   87.50369   51   97   87.69222   85.23697  2.80%   226 1099s
 136168 40710   87.10236   51   61   87.69222   85.24500  2.79%   226 1108s
 137212 40843   85.72688   34  182   87.69222   85.24965  2.79%   226 1114s
 137891 41032   87.28738   40   58   87.69222   85.25308  2.78%   226 1123s
 138800 41273   86.20304   32   87   87.69222   85.26292  2.77%   226 1131s
 139725 41468   87.42414   36  104   87.69222   85.27159  2.76%   226 1139s
 140627 41683   86.28324   25  108   87.69222   85.27736  2.75%   226 1147s
 141343 41907 infeasible   38        87.69222   85.27763  2.75%   226 1155s
 142265 42181   86.36911   37   73   87.69222   85.28557  2.74%   226 1165s
 143359 42504   85.56900   41  142   87.69222   85.29454  2.73%   226 1174s
 144475 42733   87.34405   39   96   87.69222   85.29985  2.73%   225 1181s
 145258 42977   87.21029   48   65   87.69222   85.30212  2.73%   226 1190s
 146176 43285   87.55495   38   35   87.69222   85.30636  2.72%   225 1200s
 147323 43574   85.42519   30  121   87.69222   85.31579  2.71%   225 1208s
 148123 43898   87.13990   40   87   87.69222   85.32076  2.70%   225 1218s
 149116 44202   85.54397   29  119   87.69222   85.32910  2.69%   225 1228s
 150222 44316     cutoff   48        87.69222   85.33056  2.69%   225 1236s
 150972 44643   85.33521   27  129   87.69222   85.33056  2.69%   225 1249s
 152355 44845   87.30416   33   92   87.69222   85.33992  2.68%   224 1257s
 153311 45036   87.08423   35   99   87.69222   85.34823  2.67%   224 1267s
 154262 45211     cutoff   44        87.69222   85.35318  2.67%   224 1275s
 155178 45476   86.76232   33   69   87.69222   85.36038  2.66%   224 1285s
 156223 45652   87.27910   47   55   87.69222   85.36412  2.65%   224 1293s
 157139 45835   87.46847   35   76   87.69222   85.37192  2.65%   224 1301s
 157889 46057   86.38929   52   63   87.69222   85.37685  2.64%   224 1311s
 158922 46263   86.44202   38  101   87.69222   85.38349  2.63%   224 1321s
 159962 46481   85.92194   39  230   87.69222   85.39031  2.62%   224 1329s
 160787 46626   86.12212   36   80   87.69222   85.39641  2.62%   224 1339s
 161829 46798 infeasible   34        87.69222   85.40190  2.61%   224 1350s
 162763 46920   86.69554   37   88   87.69222   85.40320  2.61%   223 1358s
 163442 47012   86.97836   28  206   87.69222   85.41195  2.60%   223 1366s
 163845 47265   87.05405   41   56   87.69222   85.41397  2.60%   224 1377s
 164917 47456   86.77694   36   87   87.69222   85.42029  2.59%   223 1385s
 165662 47897   85.98917   35   77   87.69222   85.42575  2.58%   223 1400s
 167141 48118     cutoff   51        87.69222   85.42900  2.58%   223 1409s
 168068 48268   87.19918   33   89   87.69222   85.43606  2.57%   223 1418s
 168884 48533   87.37212   32  102   87.69222   85.43910  2.57%   223 1429s
 169918 48741   86.12212   39   53   87.69222   85.44651  2.56%   223 1438s
 170757 48959     cutoff   35        87.69222   85.45330  2.55%   223 1448s
 171851 49140   85.79218   35   91   87.69222   85.45780  2.55%   223 1459s
 172806 49297   86.10762   30  147   87.69222   85.46224  2.54%   223 1469s
 173757 49625   86.30927   41   67   87.69222   85.46674  2.54%   223 1481s
 174996 49766   87.48115   34   96   87.69222   85.47419  2.53%   222 1490s
 175788 49990 infeasible   31        87.69222   85.47812  2.52%   222 1500s
 176794 50312 infeasible   35        87.69222   85.47976  2.52%   222 1512s
 178002 50444   87.54373   64   35   87.69222   85.48629  2.52%   222 1520s
 178697 50706   86.38293   36  104   87.69222   85.48939  2.51%   222 1531s
 179781 50962   86.35789   41  107   87.69222   85.49430  2.51%   222 1542s
 180783 51158   86.11775   35  112   87.69222   85.50064  2.50%   222 1552s
 181635 51377   87.56296   49   58   87.69222   85.50467  2.49%   222 1561s
 182524 51681   86.28324   31  151   87.69222   85.50829  2.49%   222 1573s
 183686 51878     cutoff   49        87.69222   85.51197  2.49%   221 1584s
 184820 52103   85.80803   31   94   87.69222   85.51283  2.49%   221 1594s
 185746 52346 infeasible   38        87.69222   85.51917  2.48%   221 1604s
 186691 52579   87.52985   38   62   87.69222   85.52343  2.47%   221 1613s
 187615 52811   85.53105   38  100   87.69222   85.53058  2.47%   221 1623s
 188704 53251   87.20550   38   61   87.69222   85.53451  2.46%   221 1636s
 190123 53316 infeasible   46        87.69222   85.53993  2.45%   220 1646s
 190340 53599   86.11659   26  113   87.69222   85.53993  2.45%   220 1658s
 191467 53643   85.74646   41  125   87.69222   85.53993  2.45%   220 1668s
 191852 53889   86.11062   42   99   87.69222   85.53993  2.45%   220 1679s
 192950 54108   86.20887   37  127   87.69222   85.54551  2.45%   220 1690s
 193912 54342   86.14936   39  109   87.69222   85.54889  2.44%   220 1700s
 194754 54539   85.88205   33   81   87.69222   85.55482  2.44%   220 1712s
 195761 54923   85.86231   43  103   87.69222   85.56069  2.43%   219 1727s
 197216 55028   87.63117   43   59   87.69222   85.56195  2.43%   219 1738s
 198039 55312     cutoff   37        87.69222   85.56575  2.42%   219 1750s
 199172 55599   87.38368   49   44   87.69222   85.56702  2.42%   219 1763s
 200315 55769   85.94890   34   88   87.69222   85.57063  2.42%   219 1773s
 201186 56009   87.62596   31   93   87.69222   85.57489  2.41%   219 1783s
 202093 56212     cutoff   32        87.69222   85.57674  2.41%   219 1795s
 203074 56427   87.10306   37   90   87.69222   85.58227  2.41%   219 1806s
 204101 56670   87.47746   28   75   87.69222   85.58754  2.40%   218 1818s
 205184 56914 infeasible   42        87.69222   85.59010  2.40%   218 1828s
 206033 57058   85.94393   34  120   87.69222   85.59365  2.39%   218 1839s
 206967 57262   86.24760   32  111   87.69222   85.59665  2.39%   218 1849s
 207838 57438   86.19224   38   50   87.69222   85.60064  2.39%   218 1861s
 208803 57707 infeasible   33        87.69222   85.60543  2.38%   218 1872s
 209867 57945   85.78713   40  133   87.69222   85.60903  2.38%   218 1885s
 211008 58195   86.84165   36   64   87.69222   85.61193  2.37%   218 1896s
 212013 58378   86.17926   36   86   87.69222   85.61594  2.37%   218 1906s
 212887 58680   85.90372   49   80   87.69222   85.61995  2.36%   218 1921s
 214238 58841     cutoff   40        87.69222   85.62029  2.36%   218 1931s
 215110 58998   87.38027   36   82   87.69222   85.62338  2.36%   218 1940s
 215935 59203   87.10550   45   43   87.69222   85.62748  2.35%   218 1951s
 216814 59320     cutoff   37        87.69222   85.63333  2.35%   218 1961s
 217580 59611   86.16517   43   71   87.69222   85.63817  2.34%   218 1974s
 218765 60124   86.12212   39  112   87.69222   85.64176  2.34%   218 1991s
 220432 60784     cutoff   46        87.69222   85.64578  2.33%   217 2017s
 223079 61002   86.52226   34  100   87.69222   85.64578  2.33%   216 2034s
 224522 61494   86.17458   35   82   87.69222   85.64578  2.33%   215 2054s
 226368 61783   86.50012   38   98   87.69222   85.64578  2.33%   214 2067s
 227450 61976   86.23023   33  137   87.69222   85.64578  2.33%   214 2078s
 228248 62103   86.56859   38  106   87.69222   85.64639  2.33%   214 2086s
 228646 62208 infeasible   34        87.69222   85.64777  2.33%   214 2094s
 229391 62369   86.37641   37   78   87.69222   85.65074  2.33%   214 2103s
 230106 62564   86.47677   34  110   87.69222   85.65362  2.32%   214 2113s
 230989 62812   87.55114   40   46   87.69222   85.65646  2.32%   214 2123s
 231899 63051 infeasible   40        87.69222   85.65937  2.32%   214 2134s
 232153 63051   85.95504   30  101   87.69222   85.66006  2.32%   214 2135s
 232816 63245   86.54139   38  100   87.69222   85.66445  2.31%   214 2144s
 233653 63461   86.24065   40   92   87.69222   85.66731  2.31%   214 2155s
 234736 63669   86.93589   34   86   87.69222   85.67032  2.31%   214 2167s
 235701 63871   86.90051   45   87   87.69222   85.67288  2.30%   214 2181s
 236825 64087     cutoff   29        87.69222   85.67288  2.30%   213 2195s
 237973 64407   85.99283   41   87   87.69222   85.67288  2.30%   213 2207s
 239096 64488   87.24894   47   79   87.69222   85.67288  2.30%   213 2217s
 239869 64715 infeasible   38        87.69222   85.68029  2.29%   213 2229s
 240899 64890   87.03812   40   77   87.69222   85.68560  2.29%   213 2242s
 241920 65066   87.40088   45   86   87.69222   85.69100  2.28%   213 2254s
 242826 65298   87.41946   44   54   87.69222   85.69432  2.28%   213 2267s
 244096 65636     cutoff   44        87.69222   85.69929  2.27%   213 2280s
 245232 65797     cutoff   39        87.69222   85.70341  2.27%   213 2292s
 246274 65931   86.22797   39   90   87.69222   85.70859  2.26%   213 2302s
 247051 66171   87.13981   57   57   87.69222   85.71340  2.26%   213 2315s
 248060 66397   85.96207   40   78   87.69222   85.71728  2.25%   213 2327s
 249118 66593   87.54410   32  113   87.69222   85.72200  2.25%   212 2342s
 250173 66919   85.89655   48   78   87.69222   85.72454  2.24%   213 2361s
 251762 67311     cutoff   58        87.69222   85.72580  2.24%   212 2381s
 253461 67804 infeasible   36        87.69222   85.72580  2.24%   212 2402s
 255099 68130 infeasible   54        87.69222   85.72580  2.24%   212 2423s
 256587 68473     cutoff   50        87.69222   85.72580  2.24%   211 2443s
 258091 68582   87.40998   67   35   87.69222   85.72580  2.24%   211 2458s
 259046 68646     cutoff   43        87.69222   85.72580  2.24%   211 2471s
 259974 68794   86.84225   36  111   87.69222   85.72794  2.24%   211 2481s
 260700 69009   87.10072   36  101   87.69222   85.73012  2.24%   211 2493s
 261582 69193   87.54237   41  107   87.69222   85.73396  2.23%   211 2505s
 262415 69347   87.04888   48   95   87.69222   85.73754  2.23%   211 2515s
 263169 69445   86.29875   34  120   87.69222   85.74113  2.22%   211 2526s
 263911 69625     cutoff   35        87.69222   85.74395  2.22%   211 2537s
 264804 69738   86.99612   32  134   87.69222   85.74789  2.22%   211 2547s
 265482 69863   85.76796   35  133   87.69222   85.75162  2.21%   211 2560s
 266407 70050   85.95861   40  113   87.69222   85.75528  2.21%   211 2573s
 267336 70079     cutoff   49        87.69222   85.75822  2.21%   211 2582s
 267770 70158   87.19770   33  128   87.69222   85.76067  2.20%   211 2592s
 268569 70377   86.46118   36  115   87.69222   85.76563  2.20%   211 2607s
 269660 70444   87.58538   40   91   87.69222   85.77032  2.19%   211 2618s
 270396 70691 infeasible   38        87.69222   85.77388  2.19%   211 2635s
 271678 70811   85.85081   32  122   87.69222   85.77916  2.18%   211 2647s
 272454 70988   86.72127   40   81   87.69222   85.77980  2.18%   212 2660s
 273533 71155   86.72850   45   81   87.69222   85.78803  2.17%   212 2674s
 274571 71331   85.90241   44  119   87.69222   85.79164  2.17%   212 2687s
 275546 71439     cutoff   45        87.69222   85.79568  2.16%   212 2703s
 276026 71642   86.30922   31   91   87.69222   85.79568  2.16%   212 2718s
 277120 71721   86.22722   33   92   87.69222   85.80236  2.16%   212 2733s
 278081 71884     cutoff   38        87.69222   85.80739  2.15%   212 2749s
 279164 72045     cutoff   42        87.69222   85.81304  2.14%   212 2762s
 280069 72163   87.47779   40  159   87.69222   85.81654  2.14%   212 2776s
H280408 69764                      87.5995800   85.81711  2.03%   212 2776s
H280668 68132                      87.5571200   85.81711  1.99%   212 2791s
 281073 68303   86.60002   36  127   87.55712   85.81990  1.98%   212 2808s
 282168 68714 infeasible   33        87.55712   85.82551  1.98%   212 2833s
 284097 69181   85.85521   41   83   87.55712   85.82912  1.97%   212 2856s
 285894 69469   87.41078   52   44   87.55712   85.82912  1.97%   211 2871s
 287158 69983   87.25073   44   54   87.55712   85.82912  1.97%   211 2890s
 288732 70363     cutoff   52        87.55712   85.82912  1.97%   210 2906s
 290013 70566   86.21135   44   66   87.55712   85.82912  1.97%   210 2921s
 290957 70734   86.14748   47  112   87.55712   85.82912  1.97%   210 2933s
 291703 71080   86.14922   37  126   87.55712   85.82912  1.97%   210 2949s
 292923 71450   87.23739   35   83   87.55712   85.82912  1.97%   209 2964s
 294016 71640   87.00846   35  206   87.55712   85.83200  1.97%   209 2977s
 294933 71818   87.26866   39  113   87.55712   85.83417  1.97%   209 2989s
 295796 71873   86.70717   36  157   87.55712   85.83663  1.96%   209 2999s
 296509 72030   87.36780   44   54   87.55712   85.83914  1.96%   209 3013s
 297394 72131   86.35498   37   89   87.55712   85.84220  1.96%   209 3025s
 298184 72250   86.14301   55  108   87.55712   85.84429  1.96%   209 3037s
 298972 72433   87.27235   33  137   87.55712   85.84720  1.95%   209 3052s
 300036 72575   87.07538   43   99   87.55712   85.85064  1.95%   209 3065s
 301000 72691   87.21688   33  108   87.55712   85.85368  1.95%   209 3080s
 301970 73079     cutoff   30        87.55712   85.85710  1.94%   209 3098s
 303361 73257   86.01547   35  172   87.55712   85.85869  1.94%   209 3111s
 304353 73398 infeasible   37        87.55712   85.86360  1.93%   209 3123s
 305274 73604   87.04897   61   31   87.55712   85.86702  1.93%   209 3137s
 306289 73754   86.14922   35   66   87.55712   85.87191  1.92%   209 3151s
 307281 74033   86.83473   38   64   87.55712   85.87528  1.92%   209 3170s
 308729 74377   86.07132   42  143   87.55712   85.88131  1.91%   209 3190s
 310279 74878 infeasible   57        87.55712   85.88205  1.91%   208 3212s
 312170 75252 infeasible   40        87.55712   85.88205  1.91%   208 3235s
 313632 75622   86.88247   46   76   87.55712   85.88205  1.91%   208 3257s
 315018 76105   86.91628   43   57   87.55712   85.88205  1.91%   207 3277s
 316386 76621   87.09500   47   47   87.55712   85.88205  1.91%   207 3300s
 318081 76999   87.52190   54   38   87.55712   85.88205  1.91%   207 3318s
 319331 77260   86.14922   37  104   87.55712   85.88205  1.91%   207 3337s
 320644 77347   87.36349   36  104   87.55712   85.88205  1.91%   206 3351s
 321544 77472   87.42154   43   55   87.55712   85.88458  1.91%   206 3363s
 322315 77688   87.00268   36  106   87.55712   85.88746  1.91%   206 3379s
 323437 77748     cutoff   42        87.55712   85.89104  1.90%   206 3392s
 324352 77947   87.29304   36   91   87.55712   85.89445  1.90%   206 3408s
 325461 78232   85.96207   43   97   87.55712   85.89798  1.89%   206 3429s
 326834 78352   86.56569   36  114   87.55712   85.90133  1.89%   206 3446s
 328089 78422 infeasible   47        87.55712   85.90449  1.89%   206 3460s
 328848 78899 infeasible   51        87.55712   85.90778  1.88%   206 3492s
 331423 79048     cutoff   40        87.55712   85.90914  1.88%   206 3508s
 332349 79407 infeasible   45        87.55712   85.90914  1.88%   206 3530s
 333999 79683   86.12212   31   84   87.55712   85.91041  1.88%   206 3551s
 335431 80059   87.35836   43   66   87.55712   85.91041  1.88%   205 3570s
 336714 80263   86.63872   43   78   87.55712   85.91041  1.88%   205 3585s
 337887 80371   87.24269   41   67   87.55712   85.91353  1.88%   205 3599s
 338650 80381   86.78941   32  112   87.55712   85.91615  1.87%   205 3600s

Cutting planes:
  Learned: 313
  Gomory: 14
  Lift-and-project: 7
  Cover: 11002
  Implied bound: 2086
  Projected implied bound: 10
  Clique: 350
  MIR: 330
  StrongCG: 115
  Flow cover: 2232
  GUB cover: 36
  Inf proof: 132
  Zero half: 129
  Network: 1
  RLT: 378
  Relax-and-lift: 256
  BQP: 5
  PSD: 6

Explored 338674 nodes (69488776 simplex iterations) in 3600.18 seconds (3306.82 work units)
Thread count was 8 (of 24 available processors)

Solution count 10: 87.5571 87.5571 87.5996 ... 88.149

Time limit reached
Best objective 8.755712000000e+01, best bound 8.591614916630e+01, gap 1.8742%
