
Gurobi 10.0.0 (win64) logging started Sat Jan 20 06:56:02 2024

Set parameter LogFile to value "C:/Users\Administrator\Documents\BNC_Repo\BNC_Tests\10_MIP_Results\n20m2\Instance_Class3_Parts20_Machines2_Instance1_logfileChe2021.txt"
Gurobi Optimizer version 10.0.0 build v10.0.0rc2 (win64)

CPU model: AMD EPYC 7513 32-Core Processor, instruction set [SSE2|AVX|AVX2]
Thread count: 24 physical cores, 24 logical processors, using up to 8 threads

Optimize a model with 14158 rows, 2601 columns and 68500 nonzeros
Model fingerprint: 0x4597187e
Variable types: 921 continuous, 1680 integer (1680 binary)
Coefficient statistics:
  Matrix range     [4e-06, 4e+02]
  Objective range  [1e+00, 1e+00]
  Bounds range     [1e+00, 1e+00]
  RHS range        [1e+00, 7e+02]
Presolve removed 6127 rows and 965 columns
Presolve time: 0.30s
Presolved: 8031 rows, 1636 columns, 52529 nonzeros
Variable types: 80 continuous, 1556 integer (1516 binary)
Root relaxation presolved: 8031 rows, 1636 columns, 52529 nonzeros


Use crossover to convert LP symmetric solution to basic solution...

Root relaxation: objective 8.863415e+01, 2010 iterations, 0.28 seconds (0.31 work units)

    Nodes    |    Current Node    |     Objective Bounds      |     Work
 Expl Unexpl |  Obj  Depth IntInf | Incumbent    BestBd   Gap | It/Node Time

     0     0   88.63415    0  164          -   88.63415      -     -    0s
H    0     0                     654.3940400   88.63415  86.5%     -    0s
H    0     0                     518.3180200   88.63415  82.9%     -    0s
H    0     0                     222.8839000   88.63415  60.2%     -    1s
H    0     0                     196.7362200   88.85703  54.8%     -    1s
     0     0   89.08127    0  444  196.73622   89.08127  54.7%     -    1s
     0     0   89.11822    0  329  196.73622   89.11822  54.7%     -    2s
H    0     0                     165.7706200   89.22265  46.2%     -    2s
     0     0   89.22265    0  400  165.77062   89.22265  46.2%     -    2s
     0     0   89.28078    0  530  165.77062   89.28078  46.1%     -    2s
H    0     0                     165.2273800   89.33876  45.9%     -    3s
H    0     0                     161.1737700   89.33876  44.6%     -    3s
H    0     0                     155.6198400   89.33876  42.6%     -    3s
     0     0   89.33876    0  543  155.61984   89.33876  42.6%     -    3s
H    0     0                     130.1330000   89.34913  31.3%     -    3s
H    0     0                     129.5210600   89.34913  31.0%     -    3s
     0     0   89.34913    0  383  129.52106   89.34913  31.0%     -    3s
H    0     0                     128.3795400   89.41494  30.4%     -    3s
     0     0   89.41494    0  549  128.37954   89.41494  30.4%     -    3s
     0     0   89.42198    0  509  128.37954   89.42198  30.3%     -    4s
     0     0   89.42847    0  349  128.37954   89.42847  30.3%     -    4s
     0     0   89.43821    0  350  128.37954   89.43821  30.3%     -    4s
     0     0   89.44952    0  341  128.37954   89.44952  30.3%     -    4s
     0     0   89.46068    0  296  128.37954   89.46068  30.3%     -    4s
     0     0   89.49301    0  418  128.37954   89.49301  30.3%     -    5s
     0     0   89.49301    0  412  128.37954   89.49301  30.3%     -    5s
     0     0   89.49573    0  384  128.37954   89.49573  30.3%     -    5s
     0     0   89.50037    0  386  128.37954   89.50037  30.3%     -    6s
     0     0   89.50361    0  322  128.37954   89.50361  30.3%     -    6s
     0     0   89.52002    0  468  128.37954   89.52002  30.3%     -    6s
H    0     0                     122.2846000   89.54851  26.8%     -    6s
     0     0   89.54851    0  454  122.28460   89.54851  26.8%     -    6s
H    0     0                     119.2246000   89.56994  24.9%     -    7s
     0     0   89.59657    0  329  119.22460   89.59657  24.9%     -    7s
     0     0   89.59819    0  301  119.22460   89.59819  24.8%     -    7s
H    0     0                     118.1784500   89.59819  24.2%     -    8s
     0     2   89.59819    0  269  118.17845   89.59819  24.2%     -    8s
    14    22   89.72213    4  297  118.17845   89.62624  24.2%  1290   10s
H   30    36                     116.6312300   89.72377  23.1%  1452   11s
H   30    36                     116.4752600   89.72377  23.0%  1452   11s
H   64    69                     115.5008800   89.72377  22.3%  1099   12s
H   66    69                     114.5964500   89.72377  21.7%  1074   12s
H  104   107                     110.2056200   89.72377  18.6%   931   14s
H  105   107                     108.1105000   89.72377  17.0%   941   14s
H  106   107                     107.9405000   89.72377  16.9%   950   14s
   143   134   91.06174   14  284  107.94050   89.72377  16.9%   857   15s
H  144   134                     107.6005000   89.72377  16.6%   851   15s
H  145   134                     107.2576400   89.72377  16.3%   846   15s
H  154   134                     106.1876800   89.72377  15.5%   818   15s
H  201   183                     106.0678400   89.72377  15.4%   711   16s
H  208   183                     105.8448200   89.72377  15.2%   694   16s
H  253   211                     105.7233000   89.72377  15.1%   617   16s
H  301   243                     103.6241000   89.72377  13.4%   557   19s
   345   291   91.79585   23  193  103.62410   89.72377  13.4%   548   20s
H  351   291                     102.9948200   89.72377  12.9%   542   20s
H  357   291                     102.9029600   89.72377  12.8%   541   20s
H  820   568                     101.8365700   89.72377  11.9%   327   23s
  1013   716   98.30452   52   73  101.83657   89.72377  11.9%   309   25s
  1435  1017   94.29541   10  165  101.83657   89.89170  11.7%   291   30s
  1481  1019  100.42203   60  192  101.83657   89.89170  11.7%   289   35s
  1492  1027   93.49327   26  169  101.83657   89.89170  11.7%   287   40s
  1604  1108   96.12851   19  168  101.83657   89.89170  11.7%   308   45s
H 1610  1054                     101.7535800   89.89170  11.7%   307   45s
H 1645  1023                     101.2892000   89.95588  11.2%   305   45s
H 1707  1017                     101.1840800   89.95588  11.1%   305   47s
  1894  1077  100.26681   21  149  101.18408   90.00491  11.0%   298   50s
  2807  1401   92.23718   20  293  101.18408   90.68559  10.4%   261   55s
  3368  1556   91.51385   21  436  101.18408   91.37328  9.70%   260   62s
  3852  1718   94.82361   55  134  101.18408   91.37328  9.70%   246   66s
  4553  2231   94.28628   41  140  101.18408   91.82569  9.25%   236   70s
  6011  3089  100.50632   73   56  101.18408   91.92624  9.15%   222   75s
  6788  3636   94.86938   32  190  101.18408   92.21106  8.87%   221   80s
  7845  4324   94.27837   14  154  101.18408   92.39330  8.69%   218   85s
  8826  4809   93.88146   31  105  101.18408   92.50268  8.58%   215   90s
H 9090  4980                     101.1840793   92.56626  8.52%   215   92s
  9549  5477   94.60446   25  354  101.18408   92.63060  8.45%   214   95s
 10895  6198   97.34661   40  178  101.18408   92.70498  8.38%   209  101s
 12182  6935   96.74104   36  239  101.18408   92.78098  8.30%   208  106s
 13093  7536   97.15392   39  128  101.18408   92.83284  8.25%   209  110s
 14281  8316   97.97368   40  117  101.18408   92.88441  8.20%   205  115s
 15605  9171   99.13320   34   88  101.18408   92.94093  8.15%   204  120s
H16384  9538                     101.1840790   92.96659  8.12%   202  123s
 16878  9880   98.46018   36   72  101.18408   92.98866  8.10%   202  126s
 17972 10508   95.27795   41  149  101.18408   93.05399  8.03%   202  132s
 18759 10880   99.63924   22  123  101.18408   93.09343  8.00%   201  135s
 20219 11856   96.94912   28  242  101.18408   93.13836  7.95%   202  141s
 21960 12824   95.53698   26  158  101.18408   93.19434  7.90%   201  148s
 22736 13311   94.45430   28  110  101.18408   93.21666  7.87%   202  151s
 24257 14074  100.23800   28  120  101.18408   93.28627  7.81%   202  158s
 24949 14490   94.72797   25  327  101.18408   93.31368  7.78%   203  161s
 25951 14905   96.22554   30  164  101.18408   93.33726  7.75%   202  165s
 27442 15782  100.63736   39  139  101.18408   93.41050  7.68%   203  171s
 28966 16586   94.33120   32  202  101.18408   93.46485  7.63%   205  178s
 29653 16615  100.78630   46  141  101.18408   93.49592  7.60%   206  187s
H29704 16615                     101.1840785   93.49761  7.60%   206  187s
 29711 20866  100.44211   37  102  101.18408   93.49768  7.60%   206  233s
 37719 21162   95.64977   36  260  101.18408   93.68794  7.41%   210  241s
 38260 21792   95.32152   36  151  101.18408   93.72180  7.37%   211  245s
 39276 22345   96.45284   26  135  101.18408   93.75014  7.35%   211  250s
 41135 23279   99.15784   29   90  101.18408   93.80731  7.29%   211  259s
 42050 23714   97.51416   34  104  101.18408   93.83369  7.26%   212  263s
 42858 24181   96.54081   27  117  101.18408   93.85043  7.25%   212  267s
 43753 24728   96.02188   41   90  101.18408   93.87690  7.22%   212  271s
 44630 25197   95.11157   37  263  101.18408   93.89823  7.20%   213  276s
 46168 25960     cutoff   36       101.18408   93.93113  7.17%   214  284s
 46925 26566   95.12064   40  112  101.18408   93.94945  7.15%   215  289s
 47599 26566   97.76771   41   87  101.18408   93.95506  7.14%   215  290s
 48734 27413     cutoff   39       101.18408   93.99892  7.10%   216  299s
 49586 27817 infeasible   53       101.18408   94.01818  7.08%   217  303s
 50395 28306  100.49747   29   76  101.18408   94.04401  7.06%   217  308s
 51371 28692   96.84633   27  182  101.18408   94.06343  7.04%   218  312s
 52198 29308 infeasible   27       101.18408   94.08464  7.02%   218  317s
 53476 29854   97.79533   33   88  101.18408   94.11778  6.98%   217  322s
 54413 30361   95.85778   38  102  101.18408   94.12872  6.97%   217  327s
 55352 30714   94.81333   21  192  101.18408   94.15746  6.94%   217  331s
 56184 31238   96.53498   43  138  101.18408   94.17522  6.93%   218  335s
 57960 32055   99.51164   39  154  101.18408   94.19756  6.90%   218  344s
 58816 32417   97.21779   39  111  101.18408   94.21724  6.89%   218  348s
 59622 32799   97.14072   32   91  101.18408   94.22834  6.87%   218  353s
 60412 33220   96.27659   26  235  101.18408   94.24570  6.86%   219  357s
 61225 33680   97.20810   31  170  101.18408   94.26380  6.84%   219  362s
 62088 34279   96.38294   33   86  101.18408   94.28315  6.82%   220  367s
 63180 34695   95.24115   24  195  101.18408   94.30004  6.80%   219  372s
 64066 35068  101.12507   46   84  101.18408   94.32178  6.78%   219  377s
 64936 35470   95.83819   27  222  101.18408   94.33983  6.76%   220  382s
 65718 35794   96.12505   36   76  101.18408   94.35624  6.75%   220  386s
 66482 36232   96.18669   26   87  101.18408   94.38275  6.72%   221  391s
 67388 36788   95.97701   24  199  101.18408   94.39795  6.71%   221  395s
 68471 37162   99.43329   27  143  101.18408   94.41585  6.69%   220  400s
 69322 37474   96.29809   41  111  101.18408   94.43597  6.67%   221  405s
 70881 38256   95.90147   36  199  101.18408   94.46591  6.64%   221  414s
 71646 38911   95.68839   28   57  101.18408   94.48037  6.63%   221  419s
 72730 39392   98.43290   44   95  101.18408   94.49304  6.61%   221  424s
 73615 39854   96.29286   26   77  101.18408   94.50588  6.60%   221  428s
 74655 40251 infeasible   31       101.18408   94.51539  6.59%   221  432s
 75519 40543   96.64615   27   89  101.18408   94.53247  6.57%   221  436s
 76346 41042  100.34281   41  101  101.18408   94.53905  6.57%   221  440s
 77229 41357   99.50149   38  112  101.18408   94.55587  6.55%   221  445s
 78881 42017   97.01744   45   93  101.18408   94.58367  6.52%   222  452s
 79752 42366   96.52241   28  156  101.18408   94.59513  6.51%   222  457s
 80488 42697   95.25162   37  160  101.18408   94.60977  6.50%   222  462s
 81382 43202   98.17789   31  216  101.18408   94.61877  6.49%   222  466s
 82412 43653  100.65911   42   49  101.18408   94.63344  6.47%   222  471s
 83506 44110   95.74072   36  129  101.18408   94.64566  6.46%   222  475s
 85156 44892   96.43433   33  156  101.18408   94.67268  6.44%   222  484s
 86045 45303   99.08535   40  191  101.18408   94.68273  6.43%   222  488s
 86984 45809   98.07815   38  130  101.18408   94.70172  6.41%   222  492s
 87939 46371   95.73771   21  168  101.18408   94.71882  6.39%   222  497s
 88936 46779  100.44185   37  150  101.18408   94.73056  6.38%   222  504s
 89730 47140   96.38836   38  184  101.18408   94.73997  6.37%   221  508s
 90412 47542   98.27471   51  119  101.18408   94.74353  6.37%   221  513s
 91367 47874   96.38366   37   97  101.18408   94.75744  6.35%   222  517s
 92463 48384   95.86721   31  273  101.18408   94.77146  6.34%   222  522s
 93485 48873   97.84682   43  284  101.18408   94.78417  6.33%   221  526s
 94363 49235   95.69038   40  212  101.18408   94.79353  6.32%   221  530s
 95992 49988   95.74511   28  252  101.18408   94.81502  6.29%   222  539s
 96739 50342     cutoff   45       101.18408   94.82336  6.29%   222  543s
 97569 50750   96.36679   33  152  101.18408   94.83570  6.27%   222  547s
 98476 51172   97.67522   55  267  101.18408   94.84652  6.26%   222  552s
 99415 51688   97.65578   29   60  101.18408   94.85677  6.25%   222  556s
 100467 52070     cutoff   52       101.18408   94.86918  6.24%   222  562s
 101277 52547   99.36887   35   74  101.18408   94.87608  6.23%   222  566s
 102148 53040  100.31584   60   92  101.18408   94.88796  6.22%   222  571s
 103157 53435     cutoff   33       101.18408   94.89908  6.21%   221  576s
 104002 53808     cutoff   29       101.18408   94.91536  6.20%   221  580s
 104763 54253   96.41765   34  155  101.18408   94.92086  6.19%   221  585s
 106619 55078   96.62269   29   76  101.18408   94.94381  6.17%   221  594s
 107391 55623  100.63922   34   44  101.18408   94.95077  6.16%   221  599s
 108416 56133   96.27441   32  134  101.18408   94.96538  6.15%   221  603s
 109347 56636  100.41437   63   99  101.18408   94.97711  6.13%   220  608s
 110291 57030   97.34038   43  155  101.18408   94.98630  6.13%   220  612s
 111097 57537   95.37092   27   70  101.18408   94.99746  6.11%   220  617s
 112012 57682  101.15250   32   56  101.18408   95.00728  6.10%   220  623s
 112431 58122   96.51220   19   78  101.18408   95.01234  6.10%   220  628s
 113338 58626   99.25833   35   72  101.18408   95.02464  6.09%   220  633s
 114304 59143  100.84525   64   64  101.18408   95.03700  6.08%   220  638s
 115315 59806   97.00010   36   87  101.18408   95.04822  6.06%   219  644s
 116564 60270   95.43007   27  126  101.18408   95.05918  6.05%   219  648s
 117470 60688   96.81403   38   66  101.18408   95.07007  6.04%   218  653s
 118478 61192 infeasible   66       101.18408   95.08088  6.03%   218  658s
 119476 61688     cutoff   31       101.18408   95.08989  6.02%   218  663s
 120543 62112     cutoff   40       101.18408   95.09978  6.01%   217  668s
 121498 62620  100.17967   50  100  101.18408   95.10971  6.00%   217  672s
 122512 62986  100.37946   44  121  101.18408   95.11461  6.00%   217  676s
 123305 63393 infeasible   41       101.18408   95.12112  5.99%   216  681s
 124227 63741   95.60709   27  144  101.18408   95.12959  5.98%   216  685s
 125797 64642  100.42144   48   54  101.18408   95.14965  5.96%   216  694s
 126782 64975   97.62155   32   78  101.18408   95.15748  5.96%   215  698s
 127594 65450   97.12714   48  154  101.18408   95.16797  5.95%   215  702s
 128484 65868   96.69589   37   57  101.18408   95.17456  5.94%   215  706s
 129304 66367 infeasible   41       101.18408   95.18245  5.93%   215  710s
 130263 66738   95.39302   29  241  101.18408   95.19248  5.92%   214  715s
 131973 67569   96.18568   32   99  101.18408   95.20833  5.91%   214  723s
 132721 68044   98.01426   39  183  101.18408   95.21659  5.90%   214  728s
 133678 68377  100.18878   56  248  101.18408   95.22304  5.89%   213  732s
 134481 68834   96.47451   31  157  101.18408   95.23159  5.88%   213  737s
 135468 69303  100.50517   58  275  101.18408   95.24486  5.87%   213  742s
 136388 69761   97.69052   43  136  101.18408   95.25151  5.86%   213  747s
 137302 70150   97.75803   36  123  101.18408   95.26139  5.85%   212  752s
 138195 70630   97.18013   29   89  101.18408   95.26675  5.85%   212  757s
 139284 71015     cutoff   25       101.18408   95.27755  5.84%   212  762s
 140106 71609   99.58265   43   69  101.18408   95.28557  5.83%   212  767s
 141184 72010   98.37807   47   97  101.18408   95.29330  5.82%   211  771s
 142041 72342  100.04964   49  206  101.18408   95.29820  5.82%   211  776s
 142680 72817   99.53750   37   81  101.18408   95.30609  5.81%   211  781s
 143636 73241   99.96700   56   93  101.18408   95.31018  5.81%   211  786s
 144524 73618   97.34848   33  113  101.18408   95.31466  5.80%   210  790s
 145466 74023   96.41243   41  190  101.18408   95.32264  5.79%   210  795s
 146285 74433   97.23551   29   83  101.18408   95.32738  5.79%   210  800s
 147136 74887   98.80465   25  127  101.18408   95.33359  5.78%   209  805s
 148121 75328   96.98340   38  148  101.18408   95.34022  5.78%   209  810s
 149066 75859 infeasible   49       101.18408   95.34750  5.77%   209  816s
 150057 76248     cutoff   53       101.18408   95.35613  5.76%   209  821s
 150964 76788   96.29560   32  157  101.18408   95.36225  5.75%   209  826s
 151919 77201   98.33937   35   91  101.18408   95.36776  5.75%   208  831s
 152911 77608   98.70360   40  150  101.18408   95.37860  5.74%   208  837s
 153695 78175   98.89771   33  125  101.18408   95.38032  5.74%   208  842s
 154889 78578   96.19466   28  155  101.18408   95.38722  5.73%   208  847s
 155785 79024   99.63126   50  161  101.18408   95.39177  5.72%   207  853s
 156813 79544   96.65419   31   51  101.18408   95.39801  5.72%   207  858s
 157916 79906   96.60155   39  108  101.18408   95.40360  5.71%   207  862s
 158637 80412   96.07022   47  126  101.18408   95.41014  5.71%   207  867s
 159549 80975   95.96157   37  143  101.18408   95.41549  5.70%   206  872s
 160534 81382   97.35128   38   68  101.18408   95.41917  5.70%   206  877s
 161273 81870   96.42375   41  167  101.18408   95.42484  5.69%   206  882s
 162249 82305   95.87901   26  178  101.18408   95.43102  5.69%   206  887s
 163021 82704  100.56964   50  116  101.18408   95.43593  5.68%   205  892s
 163915 83272   97.28192   40  159  101.18408   95.44104  5.68%   205  898s
 164945 83704   95.80046   36  217  101.18408   95.44509  5.67%   205  904s
 165961 84318   97.27196   34  117  101.18408   95.45390  5.66%   205  909s
 167015 84708   96.30377   47  272  101.18408   95.45900  5.66%   205  914s
 167727 85150  101.09783   61  177  101.18408   95.46175  5.66%   204  919s
 168578 85558   99.40370   43   62  101.18408   95.46891  5.65%   204  924s
 169459 85927 infeasible   44       101.18408   95.47596  5.64%   204  928s
 170221 86484   96.06032   42  275  101.18408   95.48026  5.64%   204  934s
 171212 86902  100.70647   49   61  101.18408   95.48667  5.63%   204  940s
 172177 87257   98.59062   40   80  101.18408   95.49483  5.62%   203  945s
 173052 87560   97.35795   30  117  101.18408   95.50115  5.62%   203  951s
 173636 87998   97.35494   28  134  101.18408   95.50232  5.62%   203  956s
 174595 88496   97.53541   22  100  101.18408   95.50907  5.61%   203  962s
 175565 88930   95.91394   25   65  101.18408   95.51383  5.60%   203  968s
 176530 89373   99.16162   36  110  101.18408   95.52082  5.60%   203  973s
 177456 89845   99.18147   46  159  101.18408   95.52530  5.59%   202  979s
 178355 90328   99.01564   37  107  101.18408   95.53169  5.59%   202  986s
 179410 90688  100.73365   50   82  101.18408   95.53766  5.58%   202  992s
 180081 91165  100.27678   57   53  101.18408   95.54246  5.58%   202  999s
 181153 91585     cutoff   71       101.18408   95.54857  5.57%   202 1005s
 182128 91922   96.43908   30  172  101.18408   95.55287  5.57%   201 1011s
 182917 92412   98.61217   33  256  101.18408   95.55918  5.56%   201 1017s
 183965 92983   98.99414   36   61  101.18408   95.56440  5.55%   201 1023s
 184980 93518   96.09949   40   78  101.18408   95.57243  5.55%   201 1028s
 185916 93886   96.38711   33  134  101.18408   95.57691  5.54%   201 1034s
 186790 94328   97.16450   36  119  101.18408   95.58163  5.54%   201 1039s
 187772 94779     cutoff   37       101.18408   95.58600  5.53%   201 1046s
 188743 95218   96.80882   35  118  101.18408   95.59189  5.53%   200 1051s
 189616 95756   97.99736   35  159  101.18408   95.59629  5.52%   200 1057s
 190771 96136   96.75718   52  230  101.18408   95.60041  5.52%   200 1063s
 191621 96636  101.04642   49  110  101.18408   95.60281  5.52%   200 1069s
 192528 97040     cutoff   47       101.18408   95.60838  5.51%   200 1075s
 193356 97606     cutoff   42       101.18408   95.61483  5.50%   200 1083s
 194408 98138   97.16440   37  127  101.18408   95.62190  5.50%   199 1090s
 195428 98688   97.45091   26  208  101.18408   95.62501  5.49%   199 1096s
 196495 99096   99.30263   36  175  101.18408   95.62846  5.49%   199 1103s
 197523 99641   98.15752   37   65  101.18408   95.63599  5.48%   199 1109s
 198508 100014     cutoff   37       101.18408   95.64160  5.48%   198 1119s
 199180 100534   97.93089   42   95  101.18408   95.64216  5.48%   198 1125s
 200091 101023   96.83195   39  184  101.18408   95.64702  5.47%   198 1132s
 201086 101472 infeasible   27       101.18408   95.65283  5.47%   198 1138s
 202044 101927   96.91584   34   86  101.18408   95.65821  5.46%   198 1144s
 202974 102293   97.52037   44  161  101.18408   95.66369  5.46%   198 1150s
 203880 102710     cutoff   35       101.18408   95.66859  5.45%   197 1155s
 204749 103098   99.25466   52   95  101.18408   95.67528  5.44%   197 1161s
 205530 103616   96.97289   38  112  101.18408   95.67881  5.44%   197 1168s
 206595 104067   98.11123   34   98  101.18408   95.68550  5.43%   197 1174s
 207585 104601     cutoff   38       101.18408   95.69159  5.43%   197 1180s
 208636 105306   97.45019   44  128  101.18408   95.69576  5.42%   197 1188s
 209901 105655   99.35220   49  113  101.18408   95.70199  5.42%   196 1194s
 210600 106030   96.33815   32  120  101.18408   95.70617  5.41%   196 1199s
 211554 106446   98.28575   35   90  101.18408   95.71038  5.41%   196 1205s
 212497 106791   97.76345   45  124  101.18408   95.71454  5.41%   196 1210s
 213230 107214   99.49733   38  147  101.18408   95.71947  5.40%   196 1216s
 214187 107645   97.79464   33  202  101.18408   95.72420  5.40%   195 1222s
 215062 108112   99.94806   42  162  101.18408   95.72827  5.39%   195 1228s
 215965 108612   99.89784   37   86  101.18408   95.73371  5.39%   195 1235s
 217072 109097   98.22645   39  115  101.18408   95.73732  5.38%   195 1241s
 217969 109505   98.21112   36  118  101.18408   95.74174  5.38%   195 1247s
 218885 109977   98.46167   54  320  101.18408   95.74705  5.37%   195 1253s
 219891 110410   99.67105   60   79  101.18408   95.75144  5.37%   195 1259s
 220821 110920   99.61162   37  198  101.18408   95.75415  5.37%   194 1265s
 221724 111380   97.79466   41   93  101.18408   95.75928  5.36%   194 1271s
 222543 111879   97.01776   28   95  101.18408   95.76276  5.36%   194 1278s
 223597 112443   98.15717   46  227  101.18408   95.76767  5.35%   194 1285s
 224722 112919   97.60908   48   70  101.18408   95.77413  5.35%   194 1292s
 225682 113419     cutoff   50       101.18408   95.77862  5.34%   194 1298s
 226736 113808   98.04833   42  189  101.18408   95.78156  5.34%   193 1304s
 227676 114244   97.36795   49  131  101.18408   95.78713  5.33%   193 1309s
 228067 114244   97.56454   30  159  101.18408   95.78791  5.33%   193 1310s
 228546 114650  100.32306   51  136  101.18408   95.78984  5.33%   193 1318s
 229321 114929   97.34565   46   92  101.18408   95.79160  5.33%   193 1324s
 229973 115442     cutoff   31       101.18408   95.79740  5.32%   193 1332s
 231029 115881     cutoff   36       101.18408   95.80196  5.32%   193 1338s
 232017 116410   96.47777   45   94  101.18408   95.80597  5.32%   193 1345s
 232993 116857   96.93608   34  219  101.18408   95.81128  5.31%   192 1352s
 233890 117138   97.03061   31  159  101.18408   95.81459  5.31%   192 1358s
 234449 117534   98.31532   46  156  101.18408   95.81558  5.31%   192 1365s
 235467 118004     cutoff   46       101.18408   95.81911  5.30%   192 1372s
 236343 118478   97.90765   39  103  101.18408   95.82306  5.30%   192 1379s
 237231 118919   98.85556   38  132  101.18408   95.82832  5.29%   192 1386s
 238194 119440   96.29817   35   82  101.18408   95.83068  5.29%   192 1394s
 239155 119878   99.25957   42  120  101.18408   95.83404  5.29%   191 1401s
 240107 120487   97.28136   32   58  101.18408   95.84047  5.28%   191 1409s
 241243 120953   97.91934   42  225  101.18408   95.84554  5.28%   191 1417s
 242186 121472   99.96848   46  139  101.18408   95.84949  5.27%   191 1425s
 243242 121938     cutoff   40       101.18408   95.85238  5.27%   191 1432s
 244147 122347   96.47368   44  264  101.18408   95.85677  5.26%   191 1439s
 245143 122805   99.22866   59   75  101.18408   95.85944  5.26%   190 1447s
 246296 123217   97.36723   35  237  101.18408   95.86591  5.26%   190 1454s
 247282 123782   97.91448   45  117  101.18408   95.86963  5.25%   190 1461s
 248312 124260     cutoff   38       101.18408   95.87367  5.25%   190 1468s
 249276 124704   99.33256   22  300  101.18408   95.87692  5.25%   190 1475s
 250216 125115     cutoff   31       101.18408   95.88141  5.24%   189 1482s
 251061 125454   97.77854   42   70  101.18408   95.88547  5.24%   189 1488s
 251847 125934   96.02681   41  179  101.18408   95.88895  5.23%   189 1496s
 252845 126376   99.78485   50  152  101.18408   95.89376  5.23%   189 1503s
 253918 126902   97.24419   38  237  101.18408   95.89631  5.23%   189 1510s
 254875 127444  100.15766   51   93  101.18408   95.90162  5.22%   189 1517s
 255848 127890   98.42826   45   95  101.18408   95.90688  5.22%   189 1524s
 256780 128332  100.98534   63  136  101.18408   95.91033  5.21%   189 1531s
 257770 128794   98.37681   49   97  101.18408   95.91596  5.21%   188 1538s
 258686 129278   99.36630   41   71  101.18408   95.92035  5.20%   188 1545s
 259911 129614   97.09676   43  133  101.18408   95.92311  5.20%   188 1551s
 260748 129963   96.48293   33  131  101.18408   95.92765  5.19%   188 1557s
 261602 130363   96.96516   42  160  101.18408   95.93296  5.19%   188 1563s
 262373 130860   96.42082   30  195  101.18408   95.93545  5.19%   188 1570s
 263303 131257   97.76704   34  153  101.18408   95.94013  5.18%   188 1577s
 264277 131630   98.55167   32  101  101.18408   95.94255  5.18%   188 1585s
 265014 132073   98.11707   43  100  101.18408   95.94371  5.18%   187 1591s
 265957 132493   99.66836   37   67  101.18408   95.94813  5.17%   187 1598s
 266819 132908   99.13587   53   94  101.18408   95.95185  5.17%   187 1604s
 267722 133440   98.47511   42   76  101.18408   95.95605  5.17%   187 1613s
 269008 133767  100.13914   48   94  101.18408   95.96026  5.16%   187 1620s
 269866 134265   96.13299   27  138  101.18408   95.96316  5.16%   187 1627s
 270781 134689   99.13322   45  144  101.18408   95.96815  5.15%   187 1635s
 271536 135157   96.08541   40  175  101.18408   95.96991  5.15%   187 1642s
 272456 135589   98.72016   64   46  101.18408   95.97359  5.15%   187 1649s
 273485 136061   98.74621   50  215  101.18408   95.97790  5.15%   186 1657s
 274509 136485     cutoff   44       101.18408   95.98107  5.14%   186 1665s
 275517 136982   96.68610   37  117  101.18408   95.98351  5.14%   186 1672s
 276492 137406   96.46435   40  248  101.18408   95.98749  5.14%   186 1679s
 277398 137887   98.85940   47   89  101.18408   95.99110  5.13%   186 1687s
 278544 138374     cutoff   34       101.18408   95.99545  5.13%   186 1694s
 279521 138725     cutoff   65       101.18408   95.99998  5.12%   186 1701s
 280388 139166   96.31488   40  186  101.18408   96.00274  5.12%   185 1708s
 281367 139592   97.72070   37  242  101.18408   96.00649  5.12%   185 1715s
 282282 140166   96.16228   27  116  101.18408   96.01057  5.11%   185 1725s
 283567 140585   97.59458   48  109  101.18408   96.01457  5.11%   185 1731s
 284454 140945  100.59056   42   89  101.18408   96.01824  5.11%   185 1738s
 285209 141395   96.21084   31  121  101.18408   96.02032  5.10%   185 1745s
 286212 141872   98.99816   24   67  101.18408   96.02425  5.10%   185 1753s
 287178 142069   97.04932   44  154  101.18408   96.02811  5.10%   185 1758s
 287530 142596     cutoff   45       101.18408   96.02867  5.10%   185 1766s
 288559 143069   98.18235   45  104  101.18408   96.03137  5.09%   184 1774s
 289618 143531   99.40130   28   57  101.18408   96.03627  5.09%   184 1783s
 290854 143946   97.24088   24  112  101.18408   96.03780  5.09%   184 1791s
 291769 144385   99.15113   45  120  101.18408   96.03780  5.09%   184 1799s
 292823 144818   97.22266   35  135  101.18408   96.04119  5.08%   184 1807s
 293800 145252     cutoff   36       101.18408   96.04545  5.08%   184 1816s
 294833 145755   98.02289   33  131  101.18408   96.05017  5.07%   184 1823s
 295834 146070   97.25801   33  166  101.18408   96.05409  5.07%   184 1830s
 296754 146517  100.81968   41  115  101.18408   96.05789  5.07%   184 1839s
 297727 146932  100.38308   36  188  101.18408   96.06232  5.06%   183 1850s
H297986 146932                     101.1840781   96.06294  5.06%   183 1850s
 298708 147439     cutoff   49       101.18408   96.06545  5.06%   183 1860s
 299743 148053   99.39847   32   84  101.18408   96.06854  5.06%   183 1870s
 300903 148437   96.33502   36   99  101.18408   96.07254  5.05%   183 1879s
 301721 148998   98.28339   32  120  101.18408   96.07707  5.05%   183 1888s
 302931 149532   97.51212   44  159  101.18408   96.08165  5.04%   183 1898s
 303998 149900   99.47964   27   68  101.18408   96.08494  5.04%   183 1906s
 304894 150361     cutoff   50       101.18408   96.08813  5.04%   183 1914s
 305946 150885     cutoff   60       101.18408   96.09121  5.03%   183 1923s
 306977 151360   97.11566   51  185  101.18408   96.09403  5.03%   183 1933s
 307997 151925   97.15201   38   86  101.18408   96.09938  5.03%   182 1944s
 309251 152357  100.22444   33  121  101.18408   96.10299  5.02%   182 1952s
 310229 152867   97.25806   34  105  101.18408   96.10584  5.02%   182 1960s
 311339 153503   99.25221   45   85  101.18408   96.10836  5.02%   182 1970s
 312757 153878  100.92340   48   66  101.18408   96.11126  5.01%   182 1977s
 313574 154274   96.28244   30  133  101.18408   96.11469  5.01%   182 1984s
 314382 154699   97.21432   30   98  101.18408   96.11798  5.01%   182 1992s
 315346 155110   97.94175   47  226  101.18408   96.12168  5.00%   181 1999s
 316154 155594   97.19665   41  150  101.18408   96.12423  5.00%   181 2007s
 317139 156085   99.23040   32  102  101.18408   96.12677  5.00%   181 2016s
 318218 156538   98.03443   40  143  101.18408   96.13086  4.99%   181 2024s
 319172 156946   96.39362   37  163  101.18408   96.13439  4.99%   181 2031s
 320059 157336   96.49397   25  193  101.18408   96.13703  4.99%   181 2038s
 320895 157838   96.64352   31  188  101.18408   96.14085  4.98%   181 2046s
 321824 158312   98.65526   43  129  101.18408   96.14352  4.98%   181 2054s
 322804 158823   98.05560   44  177  101.18408   96.14654  4.98%   181 2063s
 324002 159219   97.04974   35  163  101.18408   96.14934  4.98%   180 2070s
 324908 159547   97.04052   32  191  101.18408   96.15308  4.97%   180 2077s
 325785 160053   97.14197   40  118  101.18408   96.15632  4.97%   180 2087s
 327069 160414   98.53336   34  122  101.18408   96.16015  4.97%   180 2093s
 327856 160935   97.25873   40  136  101.18408   96.16340  4.96%   180 2101s
 328842 161437   98.50990   41   96  101.18408   96.16626  4.96%   180 2109s
 329825 161842   96.45799   22  156  101.18408   96.17042  4.95%   180 2117s
 331001 162216  100.45753   40   81  101.18408   96.17313  4.95%   180 2125s
 331885 162731   97.87641   46  109  101.18408   96.17646  4.95%   180 2134s
 332844 163272   97.34435   40  143  101.18408   96.17944  4.95%   179 2143s
 334042 163722   96.96969   34  118  101.18408   96.18289  4.94%   179 2151s
 334923 164104   96.93707   36   66  101.18408   96.18434  4.94%   179 2159s
 335825 164546   98.07619   35   68  101.18408   96.18840  4.94%   179 2167s
 336780 165022     cutoff   35       101.18408   96.19169  4.93%   179 2174s
 337715 165436     cutoff   32       101.18408   96.19466  4.93%   179 2182s
 338700 166023   98.49700   37   82  101.18408   96.19743  4.93%   179 2191s
 339808 166382     cutoff   42       101.18408   96.20115  4.92%   179 2199s
 340719 166953     cutoff   49       101.18408   96.20397  4.92%   179 2209s
 342032 167422   98.04185   28  123  101.18408   96.20669  4.92%   178 2218s
 343051 167820     cutoff   39       101.18408   96.20958  4.92%   178 2225s
 343852 168275   97.86084   50  137  101.18408   96.21168  4.91%   178 2233s
 344780 168805     cutoff   42       101.18408   96.21617  4.91%   178 2242s
 345850 169160   98.03950   36  100  101.18408   96.21900  4.91%   178 2249s
 346622 169561  100.33115   46  142  101.18408   96.22131  4.90%   178 2257s
 347493 170017   99.08554   38  111  101.18408   96.22554  4.90%   178 2265s
 348453 170492   97.46969   30  132  101.18408   96.22845  4.90%   178 2274s
 349466 171000   96.90280   35   70  101.18408   96.23191  4.89%   178 2282s
 350426 171473   98.96752   41   89  101.18408   96.23536  4.89%   178 2290s
 351538 171832  100.75666   51   88  101.18408   96.23833  4.89%   178 2304s
 352513 172254   98.15905   51  128  101.18408   96.24048  4.89%   177 2312s
 353378 172796   97.12891   42  161  101.18408   96.24445  4.88%   177 2321s
 354482 173289   99.93042   46   90  101.18408   96.24659  4.88%   177 2330s
 355617 173822  101.17757   41   81  101.18408   96.25066  4.88%   177 2341s
 356748 174452   97.37741   34  116  101.18408   96.25356  4.87%   177 2352s
 358083 174884   99.58947   42   51  101.18408   96.25708  4.87%   177 2360s
 359048 175301   97.93783   50  200  101.18408   96.26043  4.87%   177 2367s
 359896 175748     cutoff   50       101.18408   96.26245  4.86%   177 2375s
 360705 176189  100.23960   34  118  101.18408   96.26527  4.86%   177 2386s
 361828 176661   98.31721   48   93  101.18408   96.26785  4.86%   176 2394s
 362797 177038   97.74270   31  118  101.18408   96.27067  4.86%   176 2404s
 363695 177489   97.74471   37  179  101.18408   96.27326  4.85%   176 2412s
 364645 177936   99.88733   49   75  101.18408   96.27530  4.85%   176 2421s
 365655 178443   98.11156   46   71  101.18408   96.27875  4.85%   176 2431s
 366698 178850   98.48581   54  160  101.18408   96.28186  4.84%   176 2439s
 367546 179257   98.22486   43  112  101.18408   96.28291  4.84%   176 2449s
 368789 179749  100.03276   33   59  101.18408   96.28698  4.84%   176 2458s
 369817 180133   98.26510   37   75  101.18408   96.29011  4.84%   176 2467s
 370730 180681   98.45419   40   73  101.18408   96.29133  4.84%   176 2479s
 371901 181057   99.44181   45   36  101.18408   96.29485  4.83%   176 2488s
 372609 181766   98.60937   45  105  101.18408   96.29826  4.83%   175 2499s
 373913 182250   99.81980   50   61  101.18408   96.30073  4.83%   175 2509s
 374934 182770   97.58452   33  110  101.18408   96.30322  4.82%   175 2519s
 376039 183343   97.30022   33  132  101.18408   96.30653  4.82%   175 2530s
 377228 183843   97.65580   33   95  101.18408   96.30931  4.82%   175 2538s
 378245 184333     cutoff   60       101.18408   96.31286  4.81%   175 2548s
 379272 184817  100.78658   44   78  101.18408   96.31490  4.81%   175 2557s
 380356 185333  100.38845   38   63  101.18408   96.31768  4.81%   175 2567s
 381423 185770   99.17707   38   79  101.18408   96.32035  4.81%   175 2577s
 382483 186217     cutoff   39       101.18408   96.32285  4.80%   174 2587s
 383474 186687   97.33413   43  129  101.18408   96.32527  4.80%   174 2597s
 384527 187080     cutoff   50       101.18408   96.32838  4.80%   174 2606s
 385364 187585   97.96741   36  105  101.18408   96.33136  4.80%   174 2618s
 386719 187923     cutoff   52       101.18408   96.33392  4.79%   174 2626s
 387574 188325  100.88587   39  121  101.18408   96.33778  4.79%   174 2635s
 388461 188761   97.21751   43  262  101.18408   96.33986  4.79%   174 2646s
 389385 189155   98.83248   37  159  101.18408   96.34127  4.79%   174 2656s
 390377 189632   98.01548   50  127  101.18408   96.34500  4.78%   174 2665s
 391414 190086   98.04664   38  152  101.18408   96.34678  4.78%   174 2675s
 392570 190588   99.91195   43  108  101.18408   96.35006  4.78%   174 2684s
 393587 191025  100.00968   56   84  101.18408   96.35321  4.77%   174 2694s
 394629 191467   96.84042   36  181  101.18408   96.35611  4.77%   173 2702s
 395632 191893   97.45038   40  109  101.18408   96.36054  4.77%   173 2712s
 396730 192382   98.88102   49   75  101.18408   96.36348  4.76%   173 2722s
 397770 192919 infeasible   35       101.18408   96.36602  4.76%   173 2732s
 398848 193338   96.85975   39  146  101.18408   96.36849  4.76%   173 2742s
 399788 193828   97.26157   46   66  101.18408   96.37094  4.76%   173 2753s
 400969 194309   99.94399   51  130  101.18408   96.37369  4.75%   173 2763s
 402104 194791   98.01377   39   72  101.18408   96.37615  4.75%   173 2773s
 403145 195302   98.74828   41   63  101.18408   96.37945  4.75%   173 2782s
 404198 195790   99.15993   43   59  101.18408   96.38210  4.75%   173 2792s
 405240 196411   98.96014   43  268  101.18408   96.38448  4.74%   172 2803s
 406487 196818   99.72956   30   67  101.18408   96.38765  4.74%   172 2814s
 407274 197321  100.21365   52   90  101.18408   96.38944  4.74%   172 2823s
 408326 197744   99.12559   57  116  101.18408   96.39267  4.74%   172 2833s
 409331 198209   97.65018   44   97  101.18408   96.39493  4.73%   172 2842s
 410457 198653  101.07121   65   67  101.18408   96.39741  4.73%   172 2852s
 411602 199200  100.00932   46  255  101.18408   96.40087  4.73%   172 2863s
 412704 199472  100.94298   47  102  101.18408   96.40389  4.72%   172 2878s
 413436 199816     cutoff   36       101.18408   96.40462  4.72%   172 2887s
 414400 200346     cutoff   51       101.18408   96.40778  4.72%   172 2900s
 415539 200888   97.26730   52  173  101.18408   96.40987  4.72%   171 2912s
 416722 201366   97.64681   36  136  101.18408   96.41362  4.71%   171 2924s
 417759 201817  100.76404   29   41  101.18408   96.41637  4.71%   171 2935s
 418666 202261     cutoff   47       101.18408   96.41735  4.71%   171 2946s
 419756 202770 infeasible   63       101.18408   96.41985  4.71%   171 2959s
 420940 203205   97.23517   27  142  101.18408   96.42248  4.71%   171 2969s
 422081 203748   99.99404   39   99  101.18408   96.42322  4.71%   171 2981s
 423183 204361  101.08094   48   81  101.18408   96.42725  4.70%   171 2993s
 424396 204932   97.25370   36  233  101.18408   96.43032  4.70%   171 3006s
 425686 205394   97.33705   39  131  101.18408   96.43287  4.70%   171 3016s
 426660 205806   99.10287   46  121  101.18408   96.43547  4.69%   171 3026s
 427717 206300  100.27149   39  134  101.18408   96.43785  4.69%   171 3037s
 428849 206929 infeasible   55       101.18408   96.44285  4.69%   170 3050s
 430095 207340   97.41962   45  105  101.18408   96.44533  4.68%   170 3059s
 431027 207858     cutoff   45       101.18408   96.44860  4.68%   170 3071s
 432161 208267   98.25776   41  286  101.18408   96.45173  4.68%   170 3080s
 433170 208836   97.80674   46  123  101.18408   96.45452  4.67%   170 3092s
 434340 209446  100.01896   40  139  101.18408   96.45728  4.67%   170 3103s
 435505 210010  100.65970   77   16  101.18408   96.45948  4.67%   170 3114s
 436548 210455   99.68478   37  114  101.18408   96.46269  4.67%   170 3125s
 437451 210981     cutoff   40       101.18408   96.46444  4.66%   170 3135s
 438475 211393   99.62336   48   96  101.18408   96.46690  4.66%   170 3146s
 439489 211793     cutoff   55       101.18408   96.47035  4.66%   170 3156s
 440360 212245   98.62571   50   85  101.18408   96.47217  4.66%   170 3166s
 441463 212690   98.98931   50   93  101.18408   96.47499  4.65%   170 3176s
 442483 213315   98.61773   38  131  101.18408   96.47823  4.65%   169 3187s
 443682 213892   97.02085   45  239  101.18408   96.48081  4.65%   169 3201s
 444961 214302   97.07522   37  156  101.18408   96.48410  4.64%   169 3212s
 445805 214784   99.30671   54   86  101.18408   96.48581  4.64%   169 3224s
 447024 215285   97.74221   46  269  101.18408   96.48951  4.64%   169 3235s
 448089 215764   98.17741   42  121  101.18408   96.49219  4.64%   169 3246s
 449238 216356   97.77671   38  118  101.18408   96.49508  4.63%   169 3257s
 450398 216763     cutoff   51       101.18408   96.49807  4.63%   169 3267s
 451326 217319  100.58924   50   84  101.18408   96.49949  4.63%   169 3278s
 452550 217650   98.78012   56   95  101.18408   96.50186  4.63%   169 3289s
 453469 218084   98.76179   42  100  101.18408   96.50512  4.62%   169 3299s
 454604 218585  100.18939   56   55  101.18408   96.50783  4.62%   169 3310s
 455670 218960   97.04742   47  219  101.18408   96.51023  4.62%   168 3320s
 456520 219395   99.25714   33   74  101.18408   96.51202  4.62%   168 3330s
 457628 219886   98.20001   42  226  101.18408   96.51447  4.61%   168 3341s
 458736 220578   97.48746   46  110  101.18408   96.51643  4.61%   168 3355s
 460127 221122   97.56193   26   92  101.18408   96.51901  4.61%   168 3365s
 461185 221603     cutoff   65       101.18408   96.52219  4.61%   168 3375s
 462151 221985   97.48921   29  197  101.18408   96.52347  4.61%   168 3384s
 463062 222362   97.52175   42   91  101.18408   96.52616  4.60%   168 3394s
 463940 222815   96.85595   32   79  101.18408   96.52854  4.60%   168 3403s
 464943 223290   97.62473   43  149  101.18408   96.53095  4.60%   168 3413s
 465904 223779   97.53269   39  147  101.18408   96.53272  4.60%   168 3422s
 466856 224032   97.53342   42  236  101.18408   96.53463  4.60%   168 3431s
 467408 224467   98.18263   40   98  101.18408   96.53556  4.59%   168 3442s
 468412 224999   97.83245   40  272  101.18408   96.53890  4.59%   168 3453s
 469607 225320   97.72194   37   95  101.18408   96.54172  4.59%   168 3464s
 470677 225773     cutoff   47       101.18408   96.54394  4.59%   168 3474s
 471664 226264   97.77329   31  121  101.18408   96.54559  4.58%   168 3486s
 472809 226793  100.49669   41   98  101.18408   96.54845  4.58%   167 3497s
 474078 227324  100.78259   55   48  101.18408   96.55048  4.58%   167 3509s
 474828 227324 infeasible   58       101.18408   96.55084  4.58%   167 3510s
 475527 227732  101.04707   50   68  101.18408   96.55285  4.58%   167 3520s
 476503 228204   97.85226   41  255  101.18408   96.55499  4.57%   167 3530s
 477487 228712  100.86160   55   79  101.18408   96.55686  4.57%   167 3540s
 478532 229163   98.72304   41   80  101.18408   96.55920  4.57%   167 3549s
 479472 229545     cutoff   50       101.18408   96.56105  4.57%   167 3558s
 480350 229959   98.64418   38   83  101.18408   96.56333  4.57%   167 3568s
 481572 230449   98.48057   33  117  101.18408   96.56501  4.57%   167 3579s
 482668 230896   98.27594   45  128  101.18408   96.56730  4.56%   167 3588s
 483624 231230  100.04488   33  141  101.18408   96.56923  4.56%   167 3597s
 484511 231342  100.50498   41   97  101.18408   96.57153  4.56%   167 3600s

Cutting planes:
  Learned: 190
  Gomory: 17
  Lift-and-project: 3
  Cover: 3448
  Implied bound: 943
  Projected implied bound: 28
  Clique: 309
  MIR: 188
  StrongCG: 73
  Flow cover: 1586
  GUB cover: 69
  Inf proof: 128
  Zero half: 81
  Network: 3
  RLT: 249
  Relax-and-lift: 300

Explored 484757 nodes (80847759 simplex iterations) in 3600.23 seconds (3157.27 work units)
Thread count was 8 (of 24 available processors)

Solution count 10: 101.184 101.184 101.184 ... 102.903

Time limit reached
Warning: max constraint violation (2.3052e-04) exceeds tolerance
Warning: max bound violation (2.3052e-04) exceeds tolerance
Best objective 1.011840781097e+02, best bound 9.657214678945e+01, gap 4.5580%
