
Gurobi 10.0.0 (win64) logging started Sun Jan 21 04:15:58 2024

Set parameter LogFile to value "C:/Users\Administrator\Documents\BNC_Repo\BNC_Tests\10_MIP_Results\n20m2\Instance_Class4_Parts20_Machines2_Instance5_logfileChe2021.txt"
Gurobi Optimizer version 10.0.0 build v10.0.0rc2 (win64)

CPU model: AMD EPYC 7513 32-Core Processor, instruction set [SSE2|AVX|AVX2]
Thread count: 24 physical cores, 24 logical processors, using up to 8 threads

Optimize a model with 14158 rows, 2601 columns and 67136 nonzeros
Model fingerprint: 0xdfd8191e
Variable types: 921 continuous, 1680 integer (1680 binary)
Coefficient statistics:
  Matrix range     [4e-06, 4e+02]
  Objective range  [1e+00, 1e+00]
  Bounds range     [1e+00, 1e+00]
  RHS range        [1e+00, 6e+02]
Presolve removed 5223 rows and 902 columns
Presolve time: 0.30s
Presolved: 8935 rows, 1699 columns, 52555 nonzeros
Variable types: 80 continuous, 1619 integer (1579 binary)
Found heuristic solution: objective 618.1976000
Found heuristic solution: objective 254.1379000
Root relaxation presolved: 8935 rows, 1699 columns, 52555 nonzeros


Use crossover to convert LP symmetric solution to basic solution...

Root relaxation: objective 1.077138e+02, 1352 iterations, 0.17 seconds (0.16 work units)

    Nodes    |    Current Node    |     Objective Bounds      |     Work
 Expl Unexpl |  Obj  Depth IntInf | Incumbent    BestBd   Gap | It/Node Time

     0     0  107.71385    0   61  254.13790  107.71385  57.6%     -    0s
H    0     0                     204.3055200  107.71385  47.3%     -    0s
H    0     0                     203.2574600  107.71385  47.0%     -    0s
H    0     0                     174.4268000  107.71385  38.2%     -    1s
H    0     0                     139.3399200  107.71385  22.7%     -    1s
     0     0  107.71385    0  320  139.33992  107.71385  22.7%     -    1s
     0     0  107.71385    0  285  139.33992  107.71385  22.7%     -    1s
     0     0  107.71385    0  274  139.33992  107.71385  22.7%     -    1s
     0     0  107.71385    0   70  139.33992  107.71385  22.7%     -    3s
     0     0  107.71385    0   82  139.33992  107.71385  22.7%     -    3s
     0     0  107.71385    0   93  139.33992  107.71385  22.7%     -    4s
     0     0  107.71385    0  101  139.33992  107.71385  22.7%     -    4s
     0     0  107.71385    0   74  139.33992  107.71385  22.7%     -    5s
     0     0  107.71385    0   46  139.33992  107.71385  22.7%     -    5s
     0     0  107.71385    0   46  139.33992  107.71385  22.7%     -    5s
H    0     0                     130.9629200  107.71385  17.8%     -    5s
H    0     0                     128.1615000  107.71385  16.0%     -    6s
H    0     2                     127.1405200  107.71385  15.3%     -    6s
     0     2  107.71385    0   45  127.14052  107.71385  15.3%     -    6s
    23    28  107.71385    4  290  127.14052  107.71385  15.3%  1469   10s
H   31    36                     126.8671000  107.71385  15.1%  1578   10s
H   31    36                     122.6236600  107.71385  12.2%  1578   10s
    64    70  107.71385    8  177  122.62366  107.71385  12.2%  1491   16s
H   65    70                     122.4066600  107.71385  12.0%  1468   16s
H   68    70                     120.8637400  107.71385  10.9%  1439   16s
H   97    93                     118.7905000  107.71385  9.32%  1335   19s
    98    94  107.71385    4   46  118.79050  107.71385  9.32%  1321   20s
   101    96  107.71385    9   58  118.79050  107.71385  9.32%  1282   26s
   103    97  107.88385   13   78  118.79050  107.71385  9.32%  1257   30s
H  105    93                     118.2820800  107.71385  8.93%  1233   33s
   107    94  107.71385    4   63  118.28208  107.71385  8.93%  1210   36s
   111    97  109.36537    6   62  118.28208  107.71385  8.93%  1166   40s
H  113    93                     117.6005000  107.71385  8.41%  1146   44s
   115    94  108.13885   14   73  117.60050  107.71385  8.41%  1126   46s
H  116    90                     116.5555000  107.71385  7.59%  1116   48s
H  117    88                     116.2820800  107.71385  7.37%  1549   49s
   124    95  107.71385   17  333  116.28208  107.71385  7.37%  1520   50s
H  146   102                     116.0086600  107.71385  7.15%  1512   52s
   184   127  111.71385   21  138  116.00866  107.71385  7.15%  1397   55s
H  187   121                     114.9051600  107.71385  6.26%  1394   55s
H  189   117                     114.6486600  107.71385  6.05%  1387   55s
   227   146  109.71385   23  122  114.64866  107.71385  6.05%  1244   60s
H  228   142                     114.5228000  107.71385  5.95%  1238   60s
H  235   135                     113.9020800  107.71385  5.43%  1223   60s
H  236   132                     113.6284600  107.71385  5.21%  1218   60s
H  308   186                     113.2884600  107.71385  4.92%  1013   64s
H  331   211                     113.2884597  107.71385  4.92%   948   65s
   429   317  107.71385   30   97  113.28846  107.71385  4.92%   783   70s
   743   462  107.90599   57   55  113.28846  107.71385  4.92%   569   75s
  1185   721  110.49885   45   81  113.28846  107.71385  4.92%   470   82s
  1534   888  108.39385   26  129  113.28846  107.71385  4.92%   424   86s
  1743  1014  107.71385   27  238  113.28846  107.71385  4.92%   415   93s
  1847  1158  107.71385   28  205  113.28846  107.71385  4.92%   409   97s
  2297  1412  109.66551   37   67  113.28846  107.71385  4.92%   388  100s
  3034  1676  107.71385   30  109  113.28846  107.71385  4.92%   364  106s
  3463  1963  108.92124   35  118  113.28846  107.71385  4.92%   356  112s
  3759  2020  107.71385   23  230  113.28846  107.71385  4.92%   350  120s
  3835  2071  107.71385   24   99  113.28846  107.71385  4.92%   351  125s
  4639  2558  108.44043   32  107  113.28846  107.71385  4.92%   332  133s
  4904  2713  108.67067   31  129  113.28846  107.71385  4.92%   333  138s
  5175  2868  109.83547   36  111  113.28846  107.71385  4.92%   334  141s
  5419  3204  109.63525   43   83  113.28846  107.71385  4.92%   331  145s
  6535  3545  107.79885   35  162  113.28846  107.71385  4.92%   314  156s
  6816  3799  108.39385   30  128  113.28846  107.71385  4.92%   310  160s
  7372  4109  111.47869   33   77  113.28846  107.71385  4.92%   305  166s
  7940  4305  107.71385   26  300  113.28846  107.71385  4.92%   303  171s
  8323  4573  107.86501   31  169  113.28846  107.71385  4.92%   302  176s
  8833  4606     cutoff   51       113.28846  107.71385  4.92%   299  184s
H 8837  4514                     112.9174400  107.71385  4.61%   299  184s
  8912  4738  107.71385   30  126  112.91744  107.71385  4.61%   300  188s
  9392  5059  107.71385   31   84  112.91744  107.71385  4.61%   298  194s
  9988  5355  107.75121   33  196  112.91744  107.71385  4.61%   294  201s
 10518  5610  107.77026   36  256  112.91744  107.71385  4.61%   293  206s
 11066  5830  108.13885   33  186  112.91744  107.71385  4.61%   291  211s
 11518  5948  110.56952   30  162  112.91744  107.71385  4.61%   291  218s
H11572  5897                     112.7785600  107.71385  4.49%   291  218s
 11767  6264  110.79319   30   99  112.77856  107.71385  4.49%   292  224s
 12386  6448  108.89381   45  103  112.77856  107.71385  4.49%   292  231s
H12579  6315                     112.5795600  107.71385  4.32%   294  231s
 12779  6534  107.71385   21  113  112.57956  107.71385  4.32%   295  238s
H12780  6507                     112.5398600  107.71385  4.29%   295  238s
 13311  6794  108.08611   22  104  112.53986  107.71385  4.29%   296  244s
 13959  6884  107.87023   23  152  112.53986  107.71385  4.29%   295  249s
 14120  7081  108.55852   24  151  112.53986  107.71385  4.29%   296  261s
 14500  7352  108.23520   24  140  112.53986  107.71385  4.29%   295  271s
 15150  7720  110.92385   44   63  112.53986  107.71385  4.29%   296  280s
 16031  8156  109.02552   28  146  112.53986  107.71385  4.29%   297  289s
 17025  8361  109.43120   43  142  112.53986  107.71385  4.29%   295  298s
 17537  8781  108.30357   30  153  112.53986  107.71385  4.29%   294  306s
 18718  9263  109.47124   37  117  112.53986  107.71385  4.29%   291  316s
 19977  9721  111.38830   36   88  112.53986  107.79269  4.22%   286  325s
 21043 10126     cutoff   33       112.53986  107.81027  4.20%   284  334s
 22056 10552  109.50768   27  125  112.53986  107.83661  4.18%   282  342s
 23154 10904     cutoff   34       112.53986  107.87056  4.15%   279  349s
 24010 11306  110.92385   34  115  112.53986  107.88385  4.14%   279  357s
 24964 11656  108.94597   36  164  112.53986  107.90732  4.12%   277  366s
 25835 12072  110.26385   40   77  112.53986  107.93273  4.09%   276  374s
 26826 12117  108.40492   26  167  112.53986  107.96038  4.07%   274  384s
 26877 12503 infeasible   28       112.53986  107.96225  4.07%   273  392s
 27762 12876 infeasible   39       112.53986  107.97973  4.05%   272  400s
 28747 13217     cutoff   34       112.53986  108.01566  4.02%   271  407s
 29554 13752  109.27051   35  231  112.53986  108.04451  3.99%   270  418s
 30803 14077  108.69135   29   84  112.53986  108.05703  3.98%   268  426s
 31603 14439  109.04255   23  119  112.53986  108.09939  3.95%   268  433s
 32341 14721  111.17885   38   51  112.53986  108.12017  3.93%   268  440s
 33082 15130  111.17885   35   78  112.53986  108.13701  3.91%   268  450s
 34076 15312  108.13885   24   87  112.53986  108.13885  3.91%   267  456s
 34642 15498  110.28997   29  119  112.53986  108.13885  3.91%   269  463s
 35144 15813  110.26385   36   64  112.53986  108.13885  3.91%   270  470s
 35746 16172 infeasible   41       112.53986  108.13885  3.91%   271  478s
 36615 16598  108.84112   29  272  112.53986  108.15100  3.90%   272  488s
 37644 17000  108.71385   27  147  112.53986  108.17451  3.88%   271  497s
 38588 17435  108.57079   30  210  112.53986  108.19672  3.86%   271  507s
 39594 17802  108.81885   35  142  112.53986  108.20840  3.85%   270  515s
 40546 18102  109.37885   25  163  112.53986  108.22531  3.83%   271  523s
 41391 18592  110.51017   40   74  112.53986  108.24589  3.82%   270  533s
 42586 18961  109.41601   33  111  112.53986  108.27432  3.79%   268  542s
 43543 19358  109.74434   35  132  112.53986  108.30710  3.76%   268  550s
 44518 19670     cutoff   43       112.53986  108.31879  3.75%   267  558s
 45280 20139  110.07385   28  275  112.53986  108.33122  3.74%   267  567s
 46354 20529     cutoff   40       112.53986  108.35135  3.72%   267  576s
 47417 20930  108.84710   31  166  112.53986  108.37821  3.70%   266  584s
 47796 20930  108.39385   25  121  112.53986  108.39123  3.69%   266  585s
 48395 21315  108.53310   25  175  112.53986  108.39385  3.68%   265  594s
 49338 21637  111.72047   43   66  112.53986  108.39385  3.68%   266  603s
 50210 22109  108.81885   35   90  112.53986  108.39385  3.68%   266  614s
 51440 22396  111.61575   40   52  112.53986  108.39385  3.68%   266  623s
 52257 22770  108.39385   32   99  112.53986  108.39385  3.68%   266  632s
 53205 23069  111.79678   43   74  112.53986  108.39385  3.68%   267  641s
 54094 23382  109.49885   32  113  112.53986  108.39385  3.68%   267  649s
 54500 23382     cutoff   32       112.53986  108.39385  3.68%   268  650s
 54944 23712  111.02986   35  116  112.53986  108.39385  3.68%   268  658s
 55763 23990 infeasible   46       112.53986  108.39385  3.68%   268  666s
 56368 24417  108.82703   36   82  112.53986  108.39385  3.68%   269  675s
 57354 24740  112.36175   39   54  112.53986  108.40040  3.68%   269  683s
 58380 25158  109.06072   37  135  112.53986  108.41067  3.67%   268  691s
 59309 25490     cutoff   41       112.53986  108.42264  3.66%   268  700s
 60037 25941  108.72973   30  197  112.53986  108.43005  3.65%   268  710s
 61074 26342  110.49885   32  115  112.53986  108.43941  3.64%   269  720s
 61982 26744  108.81885   25  141  112.53986  108.44938  3.63%   269  732s
 63060 27100  109.04026   28  130  112.53986  108.46435  3.62%   269  742s
 63991 27536  111.49370   44   57  112.53986  108.47809  3.61%   270  752s
 65083 27895  109.49885   36  115  112.53986  108.48000  3.61%   269  761s
 65958 28279  109.49885   31   83  112.53986  108.49391  3.60%   269  771s
 67002 28546  108.99489   33  146  112.53986  108.50366  3.59%   269  779s
 67537 28546  108.60123   34  132  112.53986  108.50617  3.58%   269  780s
 67865 28880  111.70931   34   80  112.53986  108.51285  3.58%   269  788s
 68652 29257  109.83731   34  334  112.53986  108.52161  3.57%   269  798s
 69664 29571     cutoff   49       112.53986  108.53330  3.56%   269  807s
 70501 29975  110.24385   35   72  112.53986  108.54100  3.55%   269  816s
 71540 30302  108.75541   29  153  112.53986  108.55385  3.54%   269  827s
 72530 30668  109.11924   37  156  112.53986  108.56385  3.53%   269  837s
 73595 31011  110.73268   34  142  112.53986  108.56898  3.53%   269  851s
 74763 31271     cutoff   38       112.53986  108.58265  3.52%   268  861s
 75476 31603  109.98527   33  243  112.53986  108.58726  3.51%   268  871s
 76407 32005  111.92877   44  116  112.53986  108.60148  3.50%   269  882s
 77464 32354  111.82518   46   69  112.53986  108.61689  3.49%   269  894s
 78566 32684  110.71267   27   86  112.53986  108.62918  3.47%   268  904s
 79474 33026  109.63259   32   90  112.53986  108.64218  3.46%   268  915s
 80420 33458     cutoff   43       112.53986  108.64885  3.46%   268  927s
 81504 33711  111.72375   32   76  112.53986  108.65786  3.45%   268  937s
 82254 33991  110.84204   35   91  112.53986  108.66936  3.44%   268  946s
 83037 34345  110.05885   40  157  112.53986  108.68321  3.43%   269  957s
 84004 34719  109.45407   30  106  112.53986  108.69235  3.42%   268  969s
 84897 35040  109.58993   35  196  112.53986  108.70079  3.41%   269  980s
 85841 35372  108.99538   27  135  112.53986  108.71189  3.40%   269  991s
 86621 35633  109.21197   45  177  112.53986  108.71385  3.40%   270 1000s
 87173 35860  110.89505   39   77  112.53986  108.71385  3.40%   271 1010s
 87747 36288  111.07301   33  111  112.53986  108.72010  3.39%   271 1023s
 89023 36584  110.20081   32  277  112.53986  108.73000  3.39%   271 1033s
 89821 37029  111.94385   46   62  112.53986  108.73547  3.38%   271 1044s
 90787 37322  110.66924   39  117  112.53986  108.74541  3.37%   271 1054s
 91683 37527  108.81885   44  136  112.53986  108.75370  3.36%   271 1064s
 92375 37825  109.95118   39  141  112.53986  108.76408  3.36%   271 1075s
 93198 38133  110.26385   30   89  112.53986  108.77483  3.35%   271 1086s
 93992 38353  111.46659   31  203  112.53986  108.78592  3.34%   272 1096s
 94736 38563  112.15825   32   81  112.53986  108.79378  3.33%   272 1106s
 95559 38906  108.97277   33   98  112.53986  108.80335  3.32%   272 1120s
 96748 39387  110.36993   29  105  112.53986  108.81636  3.31%   271 1136s
 98281 39776  110.29781   43  153  112.53986  108.81885  3.31%   271 1150s
 99413 40225  109.57061   37   78  112.53986  108.81885  3.31%   271 1165s
 100691 40671  110.07385   39   54  112.53986  108.81885  3.31%   272 1182s
 102035 41066  111.04666   31   99  112.53986  108.81885  3.31%   272 1195s
 103121 41459  109.80531   35   97  112.53986  108.81885  3.31%   272 1209s
 104194 41907  110.27171   36   96  112.53986  108.81885  3.31%   272 1224s
 105410 42412  110.07385   35   89  112.53986  108.81885  3.31%   272 1240s
 106802 42889  109.71014   34  358  112.53986  108.81885  3.31%   271 1254s
 107998 43392  109.14643   26  125  112.53986  108.81885  3.31%   271 1270s
 109352 43783     cutoff   44       112.53986  108.81885  3.31%   271 1284s
 110513 44207  110.26385   38   91  112.53986  108.81885  3.31%   271 1301s
 111745 44707  109.28679   41  138  112.53986  108.81885  3.31%   271 1315s
 112935 45084  110.55047   26  139  112.53986  108.81885  3.31%   271 1329s
 114064 45520 infeasible   44       112.53986  108.81885  3.31%   271 1342s
 115166 46007  110.40386   40  106  112.53986  108.81885  3.31%   272 1357s
 116424 46421  111.57552   37   60  112.53986  108.81885  3.31%   272 1370s
 117495 46884  112.22166   30  124  112.53986  108.81885  3.31%   272 1385s
 118690 47229  108.81885   33   86  112.53986  108.81885  3.31%   272 1400s
 119645 47558  109.59827   40  111  112.53986  108.81885  3.31%   272 1413s
 120503 47559  110.83885   39   46  112.53986  108.81885  3.31%   273 1441s
 120506 47561  110.63497   40   57  112.53986  108.81885  3.31%   273 1445s
 120509 47563  111.31463   50   88  112.53986  108.81885  3.31%   273 1451s
 120511 47564  109.68330   37  136  112.53986  108.81885  3.31%   273 1455s
 120514 47566  110.17429   32   89  112.53986  108.81885  3.31%   273 1460s
 120529 47585  108.81885   33  449  112.53986  108.81885  3.31%   274 1465s
 120673 47715  108.81885   38  102  112.53986  108.81885  3.31%   274 1470s
 121277 47815  109.15885   52  125  112.53986  108.81885  3.31%   274 1475s
 121688 47919  109.19816   59  227  112.53986  108.81885  3.31%   274 1480s
 122209 48004  110.85808   65  194  112.53986  108.81885  3.31%   275 1485s
 122678 48029  108.81885   38  151  112.53986  108.81885  3.31%   275 1491s
 122998 48063  110.50976   46   97  112.53986  108.81885  3.31%   275 1495s
 123308 48181  111.48239   55  269  112.53986  108.81885  3.31%   276 1501s
 123491 48187  112.36969   72   77  112.53986  108.81885  3.31%   275 1505s
 123907 48327  108.81885   39  111  112.53986  108.81885  3.31%   276 1511s
 124241 48370  108.81885   42  179  112.53986  108.81885  3.31%   276 1516s
 124536 48491  108.81885   43  110  112.53986  108.81885  3.31%   276 1521s
 124925 48598  108.91318   41  125  112.53986  108.81885  3.31%   277 1527s
 125195 48609  108.81885   45  150  112.53986  108.81885  3.31%   277 1530s
 125808 48711  108.82142   42  124  112.53986  108.81885  3.31%   277 1535s
 126306 48819  110.55444   49   95  112.53986  108.81885  3.31%   277 1540s
 126840 48912  109.13857   43  285  112.53986  108.81885  3.31%   277 1546s
 127431 49041  110.14772   52  138  112.53986  108.81885  3.31%   278 1552s
 127856 49049  111.85885   53   39  112.53986  108.81885  3.31%   278 1555s
 128495 49231  110.07385   44  220  112.53986  108.81885  3.31%   278 1562s
 128843 49362  108.88987   44   97  112.53986  108.81885  3.31%   278 1567s
 129353 49438  109.27784   41  118  112.53986  108.81885  3.31%   278 1571s
 129811 49570  109.75972   46  180  112.53986  108.81885  3.31%   278 1575s
 130340 49625  108.81885   45  130  112.53986  108.81885  3.31%   278 1580s
 130813 49744     cutoff   56       112.53986  108.81885  3.31%   279 1585s
 131772 49807  109.07298   38  346  112.53986  108.81885  3.31%   279 1593s
 132248 49878  109.15888   43   85  112.53986  108.81885  3.31%   279 1599s
 132744 49957  108.81885   42   61  112.53986  108.81885  3.31%   279 1604s
 133303 50085  108.81885   40  213  112.53986  108.81885  3.31%   279 1610s
 133909 50159 infeasible   46       112.53986  108.81885  3.31%   280 1616s
 134494 50260  109.24385   45   78  112.53986  108.81885  3.31%   280 1621s
 135156 50361  112.35826   56  130  112.53986  108.81885  3.31%   280 1628s
 136011 50315  109.32218   43   98  112.53986  108.81885  3.31%   280 1632s
 136527 50397  109.00859   46  187  112.53986  108.81885  3.31%   280 1639s
 137117 50395  109.91463   50   99  112.53986  108.81885  3.31%   280 1645s
 137625 50444  109.65885   50   90  112.53986  108.81885  3.31%   281 1652s
 138149 50521  109.51526   45  289  112.53986  108.81885  3.31%   281 1660s
 138722 50678  109.04482   43  159  112.53986  108.81885  3.31%   282 1669s
 139439 50811  111.65072   60  236  112.53986  108.81885  3.31%   282 1678s
 140228 51105  109.18895   42  147  112.53986  108.81885  3.31%   283 1687s
 141263 51285  109.45404   44  293  112.53986  108.81885  3.31%   283 1699s
 142422 51272  109.70196   43  164  112.53986  108.81885  3.31%   283 1708s
 143284 51343 infeasible   49       112.53986  108.81885  3.31%   283 1724s
 144135 51406  111.84115   53   87  112.53986  108.81885  3.31%   283 1733s
 144987 51415  109.50768   44   97  112.53986  108.81885  3.31%   284 1743s
 145691 51568  110.24385   55   88  112.53986  108.81885  3.31%   284 1752s
 146611 51549  110.51218   54   70  112.53986  108.81885  3.31%   285 1761s
 147307 51708 infeasible   52       112.53986  108.81885  3.31%   285 1770s
 148196 51717  110.49885   47   58  112.53986  108.81885  3.31%   285 1779s
 148972 51795  109.93272   45  315  112.53986  108.81885  3.31%   286 1789s
 149854 51685  111.14113   48  105  112.53986  108.81885  3.31%   286 1798s
 150379 51950  109.33605   45  254  112.53986  108.81885  3.31%   286 1813s
 151659 51956  109.81885   46  118  112.53986  108.81885  3.31%   287 1825s
 152736 51849  108.81885   47  119  112.53986  108.81885  3.31%   287 1835s
 153507 51937  110.08968   45  100  112.53986  108.81885  3.31%   288 1846s
 154362 51978  110.80928   50   75  112.53986  108.81885  3.31%   288 1857s
 155299 52102  109.81885   52   96  112.53986  108.81885  3.31%   289 1872s
 156424 52328  109.01517   50  122  112.53986  108.81885  3.31%   290 1888s
 157865 52330  109.58749   47  107  112.53986  108.81885  3.31%   290 1903s
 159200 52320  110.63837   50   89  112.53986  108.81885  3.31%   290 1917s
 160328 52437  111.36929   48   96  112.53986  108.81885  3.31%   291 1932s
 161626 52499  110.49885   50   69  112.53986  108.81885  3.31%   292 1946s
 162888 52446  110.07385   56   87  112.53986  108.81885  3.31%   292 1957s
 163843 52512  111.84917   45   77  112.53986  108.81885  3.31%   292 1969s
 164808 52512  108.85670   44  157  112.53986  108.81885  3.31%   293 1979s
 165510 52708  109.66733   52  111  112.53986  108.81885  3.31%   293 1996s
 166721 52771  110.07385   52   80  112.53986  108.81885  3.31%   294 2010s
 167849 52696  111.18662   48   88  112.53986  108.81885  3.31%   294 2023s
 168622 52839  112.21093   53   51  112.53986  108.82023  3.31%   295 2035s
 169803 52804  109.52459   44  183  112.53986  108.83358  3.29%   295 2047s
 170712 52880     cutoff   57       112.53986  108.84116  3.29%   295 2059s
 171684 52857  109.61460   45  389  112.53986  108.85596  3.27%   295 2072s
 172820 52805  109.33930   42  138  112.53986  108.86110  3.27%   295 2083s
 173617 52864 infeasible   54       112.53986  108.87112  3.26%   296 2095s
 174526 52877  110.71952   45  333  112.53986  108.87945  3.25%   296 2106s
 175440 52818     cutoff   54       112.53986  108.89267  3.24%   296 2119s
 176161 52901  109.81885   51  116  112.53986  108.90165  3.23%   297 2131s
 177136 52908  110.85085   45   89  112.53986  108.90829  3.23%   297 2142s
 178114 52886  109.66865   45  138  112.53986  108.91622  3.22%   297 2154s
 178895 52839  109.72322   49  167  112.53986  108.92702  3.21%   297 2165s
 179745 52790  109.98108   45   79  112.53986  108.93953  3.20%   297 2176s
 180533 52885     cutoff   51       112.53986  108.94777  3.19%   297 2190s
 181653 52796  110.47087   48  104  112.53986  108.95838  3.18%   297 2201s
 182629 52684  109.77535   47  290  112.53986  108.97082  3.17%   297 2211s
 183467 52759  110.24349   54  101  112.53986  108.98075  3.16%   297 2225s
 184366 52754  110.92385   44  287  112.53986  108.99170  3.15%   298 2237s
 185153 52840  110.24586   53  165  112.53986  108.99738  3.15%   298 2249s
 186196 52815  110.75385   48  121  112.53986  109.00766  3.14%   298 2262s
 187112 52805  112.17873   58  123  112.53986  109.01625  3.13%   298 2273s
 187959 52677  110.38525   47  205  112.53986  109.02445  3.12%   298 2286s
 188508 52873 infeasible   59       112.53986  109.03616  3.11%   298 2298s
 189501 52805  110.46748   53  192  112.53986  109.04362  3.11%   298 2312s
 190466 52755  110.10804   46  370  112.53986  109.05466  3.10%   298 2323s
 191323 52744  109.90723   48   91  112.53986  109.06490  3.09%   298 2336s
 192307 52693  110.04449   40  133  112.53986  109.06885  3.08%   298 2347s
 193131 52707     cutoff   56       112.53986  109.07885  3.08%   299 2358s
 194065 52678     cutoff   53       112.53986  109.08763  3.07%   299 2370s
 195029 52566  110.35413   44  136  112.53986  109.09453  3.06%   299 2381s
 195759 52621  110.85425   56   99  112.53986  109.10838  3.05%   299 2396s
 196691 52663     cutoff   51       112.53986  109.11726  3.04%   299 2411s
 197850 52679 infeasible   49       112.53986  109.13885  3.02%   299 2425s
 198956 52677  110.12357   46   98  112.53986  109.14569  3.02%   299 2439s
 200065 52568  111.26921   54  108  112.53986  109.15218  3.01%   299 2450s
 200769 52593  111.85011   50   90  112.53986  109.15885  3.00%   299 2462s
H201173 50079                     112.5398599  109.15885  3.00%   299 2462s
 201375 50273  110.26385   42   87  112.53986  109.15885  3.00%   299 2473s
 202135 50264  110.29988   42  189  112.53986  109.15885  3.00%   300 2485s
 202919 50319  110.24385   53   75  112.53986  109.16502  3.00%   300 2503s
 203899 50248     cutoff   57       112.53986  109.17510  2.99%   300 2518s
 204697 50225  111.24461   52   81  112.53986  109.18337  2.98%   300 2529s
 205447 50256  109.65288   47  118  112.53986  109.19191  2.97%   300 2543s
 206452 50226     cutoff   52       112.53986  109.19876  2.97%   300 2555s
 207265 50198  109.76140   50  170  112.53986  109.21566  2.95%   300 2566s
 208082 50257  109.98043   48  161  112.53986  109.22524  2.95%   301 2579s
 209102 50189  109.70096   41  139  112.53986  109.23900  2.93%   301 2594s
 209973 50128  110.07820   49  242  112.53986  109.24385  2.93%   301 2607s
 210734 50162  109.29827   42  279  112.53986  109.24385  2.93%   301 2624s
 211834 50076  111.03011   48   91  112.53986  109.24557  2.93%   302 2638s
 212758 50034  109.73877   51  238  112.53986  109.25623  2.92%   302 2651s
 213636 50076  110.14297   47  111  112.53986  109.26791  2.91%   302 2666s
 214870 49870  110.24385   50   48  112.53986  109.27637  2.90%   302 2699s
 215530 50004  111.05279   56   75  112.53986  109.28212  2.89%   302 2715s
 216672 49911  110.11845   43  165  112.53986  109.29420  2.88%   302 2728s
 217550 49958  110.26385   53   79  112.53986  109.30169  2.88%   302 2743s
 218725 49848  110.36079   49   76  112.53986  109.31260  2.87%   302 2756s
 219588 49843  110.07385   43   91  112.53986  109.32007  2.86%   302 2770s
 220523 49730  110.11385   39  128  112.53986  109.32725  2.85%   302 2781s
 221206 49718  109.92000   49  108  112.53986  109.33833  2.84%   303 2793s
 221999 49714  111.17885   49   68  112.53986  109.35155  2.83%   303 2810s
H222466 47298                     112.5398597  109.35335  2.83%   303 2810s
 222836 47433  109.91155   52  120  112.53986  109.35921  2.83%   303 2824s
 223638 47391  109.84189   51   97  112.53986  109.36741  2.82%   303 2839s
 224472 47513  110.82850   42   95  112.53986  109.37783  2.81%   303 2854s
 225510 47409  110.53635   49  113  112.53986  109.38773  2.80%   303 2867s
 226245 47411  111.17885   49   64  112.53986  109.39479  2.79%   303 2880s
 227130 47364  111.03580   51  110  112.53986  109.40252  2.79%   303 2893s
 228153 47283  109.61802   53  140  112.53986  109.41385  2.78%   303 2905s
 229014 47129  111.32275   45  108  112.53986  109.42489  2.77%   303 2921s
 229568 47206  110.83885   43   86  112.53986  109.42659  2.77%   303 2934s
 230372 47247  110.62741   50   74  112.53986  109.43609  2.76%   303 2946s
 231209 47203 infeasible   49       112.53986  109.44497  2.75%   303 2962s
 232005 47236  110.36989   54   96  112.53986  109.45227  2.74%   303 2975s
 232945 47330  110.60708   45   90  112.53986  109.45815  2.74%   303 2989s
 234141 47187     cutoff   49       112.53986  109.47021  2.73%   303 3004s
 235156 47184  110.85684   52   56  112.53986  109.47851  2.72%   303 3018s
 236129 47175     cutoff   55       112.53986  109.48493  2.71%   302 3032s
 237223 47089  112.52051   52   85  112.53986  109.49686  2.70%   302 3048s
 238122 47103  112.05026   63  209  112.53986  109.49885  2.70%   303 3062s
 239034 47053  110.75385   49   86  112.53986  109.49885  2.70%   303 3075s
 239806 47171  112.09432   51   90  112.53986  109.49885  2.70%   303 3094s
 240955 47257  110.75385   49   87  112.53986  109.49885  2.70%   304 3117s
 242434 47161     cutoff   65       112.53986  109.49885  2.70%   304 3134s
 243604 47099  109.52984   41   96  112.53986  109.49885  2.70%   304 3151s
 244686 47076  110.75385   56   72  112.53986  109.49885  2.70%   304 3167s
 245857 47041  112.28467   51   49  112.53986  109.51682  2.69%   304 3184s
 246987 47084  111.32052   54   82  112.53986  109.52846  2.68%   304 3201s
 248211 46905  111.46881   59   60  112.53986  109.53662  2.67%   304 3216s
 249137 46900  109.99005   47  300  112.53986  109.54125  2.66%   304 3233s
 250114 47114  110.83885   49  111  112.53986  109.55137  2.66%   304 3252s
 250979 47409  109.58385   45   84  112.53986  109.56322  2.64%   304 3269s
 252111 47708  110.60619   44  112  112.53986  109.57060  2.64%   304 3286s
 253171 48019  111.02671   48  172  112.53986  109.57577  2.63%   304 3303s
 254128 48240  109.61259   51  218  112.53986  109.58178  2.63%   304 3315s
 254829 48713  112.50391   47   70  112.53986  109.58385  2.63%   304 3340s
 256266 49065  109.59991   56  100  112.53986  109.58385  2.63%   305 3359s
 257358 49479     cutoff   36       112.53986  109.58385  2.63%   305 3377s
 258452 49893  111.00162   51  113  112.53986  109.58385  2.63%   305 3393s
 259433 50200  110.94385   47   64  112.53986  109.58385  2.63%   305 3410s
 260162 50440  111.24218   47   99  112.53986  109.58385  2.63%   306 3426s
 260805 50895  110.08478   48  324  112.53986  109.58385  2.63%   306 3449s
 262240 51232  109.71638   44  200  112.53986  109.58385  2.63%   306 3468s
 263306 51649  110.22776   46  138  112.53986  109.59122  2.62%   306 3489s
 263955 51649  111.05569   60  235  112.53986  109.59181  2.62%   306 3490s
 264664 51804  109.91718   53   93  112.53986  109.59927  2.61%   306 3515s
 265175 52023  112.39972   61   80  112.53986  109.60070  2.61%   306 3530s
 265874 52385  111.83885   46   91  112.53986  109.60820  2.60%   306 3549s
 267057 52723  111.02320   45  105  112.53986  109.61144  2.60%   306 3568s
 268171 52997  112.11980   61   52  112.53986  109.62016  2.59%   306 3585s
 269069 53225  110.07563   41  136  112.53986  109.62418  2.59%   307 3600s

Cutting planes:
  Learned: 495
  Gomory: 33
  Lift-and-project: 58
  Cover: 13200
  Implied bound: 4980
  Projected implied bound: 38
  Clique: 77
  MIR: 608
  StrongCG: 640
  Flow cover: 2959
  GUB cover: 3
  Inf proof: 378
  Zero half: 147
  RLT: 438
  Relax-and-lift: 590

Explored 269702 nodes (82721598 simplex iterations) in 3600.50 seconds (6369.24 work units)
Thread count was 8 (of 24 available processors)

Solution count 10: 112.54 112.54 112.54 ... 113.628

Time limit reached
Warning: max constraint violation (5.9126e-02) exceeds tolerance
Warning: max bound violation (5.9126e-02) exceeds tolerance
         (model may be infeasible or unbounded - try turning presolve off)
Best objective 1.125398597432e+02, best bound 1.096299691367e+02, gap 2.5857%
