
Gurobi 10.0.0 (win64) logging started Sat Jan 20 09:56:09 2024

Set parameter LogFile to value "C:/Users\Administrator\Documents\BNC_Repo\BNC_Tests\10_MIP_Results\n20m2\Instance_Class3_Parts20_Machines2_Instance2_logfileChe2021.txt"
Gurobi Optimizer version 10.0.0 build v10.0.0rc2 (win64)

CPU model: AMD EPYC 7513 32-Core Processor, instruction set [SSE2|AVX|AVX2]
Thread count: 24 physical cores, 24 logical processors, using up to 8 threads

Optimize a model with 14158 rows, 2601 columns and 68618 nonzeros
Model fingerprint: 0x22feab53
Variable types: 921 continuous, 1680 integer (1680 binary)
Coefficient statistics:
  Matrix range     [4e-06, 5e+02]
  Objective range  [1e+00, 1e+00]
  Bounds range     [1e+00, 1e+00]
  RHS range        [1e+00, 7e+02]
Presolve removed 4249 rows and 863 columns
Presolve time: 0.20s
Presolved: 9909 rows, 1738 columns, 60516 nonzeros
Variable types: 80 continuous, 1658 integer (1618 binary)
Found heuristic solution: objective 795.5785200
Found heuristic solution: objective 432.2924000
Root relaxation presolved: 9909 rows, 1738 columns, 60516 nonzeros


Use crossover to convert LP symmetric solution to basic solution...

Root relaxation: objective 7.966285e+01, 2176 iterations, 0.25 seconds (0.32 work units)

    Nodes    |    Current Node    |     Objective Bounds      |     Work
 Expl Unexpl |  Obj  Depth IntInf | Incumbent    BestBd   Gap | It/Node Time

     0     0   79.66285    0  222  432.29240   79.66285  81.6%     -    0s
H    0     0                     271.2130600   79.66285  70.6%     -    0s
H    0     0                     267.7102800   79.66285  70.2%     -    0s
     0     0   79.95168    0  427  267.71028   79.95168  70.1%     -    2s
H    0     0                     266.0102800   79.95168  69.9%     -    2s
     0     0   79.97573    0  673  266.01028   79.97573  69.9%     -    2s
     0     0   79.97573    0  752  266.01028   79.97573  69.9%     -    2s
     0     0   79.97834    0  635  266.01028   79.97834  69.9%     -    3s
     0     0   79.97834    0  183  266.01028   79.97834  69.9%     -    5s
H    0     0                     143.4248200   79.97834  44.2%     -    5s
H    0     0                     132.9751800   79.97834  39.9%     -    5s
H    0     0                     124.1411600   79.97834  35.6%     -    6s
     0     0   80.14131    0  567  124.14116   80.14131  35.4%     -    7s
     0     0   80.14249    0  572  124.14116   80.14249  35.4%     -    7s
     0     0   80.24976    0  583  124.14116   80.24976  35.4%     -    7s
     0     0   80.24976    0  645  124.14116   80.24976  35.4%     -    7s
     0     0   80.24976    0  641  124.14116   80.24976  35.4%     -    7s
     0     0   80.24976    0  624  124.14116   80.24976  35.4%     -    7s
     0     0   80.24976    0  631  124.14116   80.24976  35.4%     -    7s
     0     0   80.24976    0  625  124.14116   80.24976  35.4%     -    7s
H    0     0                     120.0256800   80.24976  33.1%     -    8s
     0     0   80.34402    0  465  120.02568   80.34402  33.1%     -    8s
H    0     0                     112.8906200   80.34402  28.8%     -    9s
     0     0   80.47245    0  621  112.89062   80.47245  28.7%     -    9s
     0     0   80.48278    0  620  112.89062   80.48278  28.7%     -   10s
     0     0   80.48329    0  634  112.89062   80.48329  28.7%     -   10s
     0     0   80.48333    0  643  112.89062   80.48333  28.7%     -   10s
     0     0   81.19358    0  536  112.89062   81.19358  28.1%     -   11s
H    0     0                     112.1862200   81.22239  27.6%     -   11s
     0     0   81.22239    0  593  112.18622   81.22239  27.6%     -   11s
     0     0   81.23970    0  622  112.18622   81.23970  27.6%     -   12s
     0     0   81.23970    0  635  112.18622   81.23970  27.6%     -   12s
     0     0   81.23970    0  638  112.18622   81.23970  27.6%     -   12s
H    0     0                     109.5862200   81.32180  25.8%     -   13s
     0     0   81.32180    0  591  109.58622   81.32180  25.8%     -   13s
     0     0   81.32180    0  524  109.58622   81.32180  25.8%     -   13s
H    0     0                      94.6159600   81.32180  14.1%     -   17s
     0     0   81.32180    0  164   94.61596   81.32180  14.1%     -   19s
     0     0   81.32180    0  443   94.61596   81.32180  14.1%     -   20s
     0     0   81.32180    0  529   94.61596   81.32180  14.1%     -   21s
     0     0   81.32180    0  600   94.61596   81.32180  14.1%     -   21s
     0     0   81.32180    0  433   94.61596   81.32180  14.1%     -   22s
     0     0   81.32180    0  473   94.61596   81.32180  14.1%     -   22s
     0     0   81.32180    0  458   94.61596   81.32180  14.1%     -   22s
     0     0   81.32180    0  443   94.61596   81.32180  14.1%     -   22s
     0     0   81.32180    0  405   94.61596   81.32180  14.1%     -   22s
     0     0   81.32180    0  255   94.61596   81.32180  14.1%     -   23s
     0     0   81.32180    0  243   94.61596   81.32180  14.1%     -   23s
     0     0   81.32180    0  264   94.61596   81.32180  14.1%     -   23s
     0     0   81.32180    0  257   94.61596   81.32180  14.1%     -   24s
     0     0   81.32180    0  238   94.61596   81.32180  14.1%     -   24s
     0     0   81.32180    0  237   94.61596   81.32180  14.1%     -   24s
     0     0   81.32180    0  352   94.61596   81.32180  14.1%     -   24s
     0     0   81.32180    0  320   94.61596   81.32180  14.1%     -   25s
H    0     0                      93.5613400   81.32180  13.1%     -   26s
     0     2   81.32180    0  288   93.56134   81.32180  13.1%     -   26s
H   34    40                      93.1246400   81.32180  12.7%  1226   29s
H   70    75                      92.3007600   81.32180  11.9%   843   30s
H  116   115                      91.5098000   81.32180  11.1%   597   31s
H  120   115                      91.3172800   81.32180  10.9%   589   31s
H  224   187                      91.0586600   81.32180  10.7%   381   31s
H  228   187                      90.9702600   81.32180  10.6%   379   31s
H  229   187                      90.9687800   81.32180  10.6%   377   31s
   396   297 infeasible   38        90.96878   81.36031  10.6%   278   35s
H  725   500                      90.6780000   81.76678  9.83%   225   38s
H  728   486                      89.8134000   81.76678  8.96%   226   38s
  1005   661   83.71214   12  334   89.81340   81.78193  8.94%   199   42s
  1415   933   88.43532   38   53   89.81340   81.78193  8.94%   208   45s
  1511   934   87.13907   39  635   89.81340   81.78193  8.94%   210   52s
  1514   936   87.47312   36  243   89.81340   81.78193  8.94%   209   55s
  1522   941   81.86195    8  295   89.81340   81.78193  8.94%   208   60s
H 1556   921                      89.6574800   81.78193  8.78%   237   63s
H 1587   897                      88.8231400   81.78193  7.93%   242   64s
  1627   914   84.12956   20   93   88.82314   81.78193  7.93%   244   65s
  1905  1004   82.56900   18  166   88.82314   81.78193  7.93%   239   70s
H 2279   986                      88.7581400   81.78193  7.86%   235   74s
  2373  1071   81.78193   20  140   88.75814   81.78193  7.86%   240   75s
  3137  1138   84.34508   26   93   88.75814   81.88650  7.74%   230   80s
H 3138  1064                      88.4600000   81.88650  7.43%   230   80s
  3804  1273   84.88196   19  122   88.46000   82.02200  7.28%   233   85s
H 4164  1466                      88.3600000   82.02200  7.17%   234   88s
  4684  1823   82.84166   26  135   88.36000   82.03031  7.16%   234   90s
  5587  2171   86.10776   26   97   88.36000   82.20521  6.97%   236   95s
  6293  2551     cutoff   32        88.36000   82.71005  6.39%   241  100s
  7493  3192 infeasible   34        88.36000   82.86288  6.22%   236  105s
H 7898  3169                      88.2026200   82.88607  6.03%   236  107s
  8232  3383   83.56514   18  155   88.20262   83.00627  5.89%   237  110s
  9280  3848   84.54447   34  124   88.20262   83.29855  5.56%   235  115s
 10429  4472   83.95446   30  118   88.20262   83.45942  5.38%   234  121s
 11532  4977   87.66339   39   96   88.20262   83.50395  5.33%   230  126s
 12469  5235   85.91041   32   75   88.20262   83.50395  5.33%   230  131s
 13313  5809     cutoff   24        88.20262   83.53105  5.30%   229  136s
 14507  6309   83.63690   30  109   88.20262   83.58397  5.24%   228  142s
 15140  6588   84.34116   20  154   88.20262   83.58397  5.24%   229  146s
 16550  7143   84.16383   19  140   88.20262   83.67981  5.13%   227  152s
 17132  7524   85.84092   27  162   88.20262   83.69085  5.12%   227  157s
 17935  7860     cutoff   30        88.20262   83.74275  5.06%   225  161s
 19460  8536   86.81017   35   56   88.20262   83.81438  4.98%   224  168s
 20390  9005   86.49073   35   72   88.20262   83.86281  4.92%   222  172s
 21467  9016   84.12226   21  161   88.20262   83.92375  4.85%   220  180s
H21499  8850                      88.0941200   83.92375  4.73%   221  180s
 22460  9563   85.80048   29   92   88.09412   83.92736  4.73%   220  188s
 23129  9680   87.21324   32   76   88.09412   83.93876  4.72%   220  193s
 23557 10053   87.38394   40   32   88.09412   83.95446  4.70%   221  198s
 24663 10476 infeasible   36        88.09412   84.00739  4.64%   219  203s
 25650 10768     cutoff   39        88.09412   84.00739  4.64%   219  208s
 26383 11065   85.42876   25  124   88.09412   84.00739  4.64%   219  214s
 27085 11351     cutoff   39        88.09412   84.00739  4.64%   220  219s
 27847 11458   85.98844   29  138   88.09412   84.00739  4.64%   221  224s
 28277 11778   86.83727   32   76   88.09412   84.00739  4.64%   222  229s
 29076 12089 infeasible   30        88.09412   84.13094  4.50%   221  234s
 29833 12421   87.38584   30  151   88.09412   84.17946  4.44%   222  240s
 30738 12857   86.19634   27  116   88.09412   84.21776  4.40%   222  245s
 31758 13256   85.62103   32   93   88.09412   84.24933  4.36%   221  251s
 32728 13683 infeasible   32        88.09412   84.28967  4.32%   221  258s
 33741 14099 infeasible   43        88.09412   84.33617  4.27%   221  264s
 34750 14483   85.48870   28   97   88.09412   84.37128  4.23%   220  270s
 35707 14795   86.71449   33   90   88.09412   84.39825  4.20%   220  275s
 36569 15211   84.66112   27  182   88.09412   84.40955  4.18%   220  281s
 37522 15641 infeasible   24        88.09412   84.43340  4.16%   220  287s
 38375 15964   84.84910   34  127   88.09412   84.44551  4.14%   220  292s
 39147 16370   84.55041   29  114   88.09412   84.46693  4.12%   220  298s
 40131 16820 infeasible   68        88.09412   84.48964  4.09%   220  304s
 41141 17122 infeasible   43        88.09412   84.50449  4.07%   219  309s
 41980 17491   85.95881   28   94   88.09412   84.51950  4.06%   219  314s
 42889 17794   87.84549   39   58   88.09412   84.52544  4.05%   219  320s
 43811 18117   86.62810   39   70   88.09412   84.54351  4.03%   219  326s
 44642 18624   84.87636   25   65   88.09412   84.56133  4.01%   219  333s
 45739 18979   86.62459   28  113   88.09412   84.57895  3.99%   218  338s
 46541 19403   86.15430   35  131   88.09412   84.59299  3.97%   218  344s
 46790 19403 infeasible   32        88.09412   84.59471  3.97%   218  345s
 47496 19794   86.59697   27   78   88.09412   84.60903  3.96%   218  350s
 48456 20101   85.34353   25  131   88.09412   84.62523  3.94%   217  356s
 49450 20422   85.48573   34   87   88.09412   84.63601  3.93%   216  361s
 50382 20846   85.02700   37  130   88.09412   84.64563  3.91%   216  367s
 51293 21108   85.86811   30  109   88.09412   84.66507  3.89%   215  371s
 52072 21471   87.38349   33  105   88.09412   84.68364  3.87%   215  376s
 52946 21735   86.66346   39   60   88.09412   84.69471  3.86%   215  381s
 53647 22122 infeasible   25        88.09412   84.70414  3.85%   215  387s
 54577 22431   85.53993   33  100   88.09412   84.71817  3.83%   215  392s
 55417 22761   86.69482   36   93   88.09412   84.73216  3.82%   214  398s
 56322 23138   85.68901   30  129   88.09412   84.76607  3.78%   214  404s
 57257 23467     cutoff   35        88.09412   84.77402  3.77%   214  410s
 58176 23850   85.01901   25  110   88.09412   84.79232  3.75%   213  416s
 59077 24236   87.33118   45   62   88.09412   84.80790  3.73%   213  421s
 59994 24637   85.96851   31   69   88.09412   84.81971  3.72%   213  427s
 61064 24916   87.41780   59   83   88.09412   84.83439  3.70%   212  432s
 61778 25224   87.50788   35   75   88.09412   84.84980  3.68%   212  437s
 62602 25566   84.89838   23  178   88.09412   84.85396  3.68%   211  442s
 63494 25900     cutoff   33        88.09412   84.86248  3.67%   211  447s
 64310 26184   87.67983   48   53   88.09412   84.87611  3.65%   211  452s
 65096 26527   86.38757   32   65   88.09412   84.88555  3.64%   211  458s
 65991 26787   86.25443   39   99   88.09412   84.89592  3.63%   211  463s
 66762 27115 infeasible   22        88.09412   84.91031  3.61%   211  469s
 67588 27462     cutoff   28        88.09412   84.91845  3.60%   211  475s
 68437 27825   86.40944   44   82   88.09412   84.92556  3.60%   210  481s
 69244 28181   87.36654   27   64   88.09412   84.93151  3.59%   210  487s
 70150 28537   85.29942   31  135   88.09412   84.94885  3.57%   210  493s
 71080 28825   86.90984   38   73   88.09412   84.95660  3.56%   210  498s
 71877 29258   85.48573   30   56   88.09412   84.96007  3.56%   209  505s
 72979 29544   85.08695   28  117   88.09412   84.97392  3.54%   209  512s
 73897 29804   85.77623   34  113   88.09412   84.98557  3.53%   208  517s
 74537 30246   86.43822   38   87   88.09412   84.98590  3.53%   209  526s
 75778 30613   85.12380   26   90   88.09412   84.98786  3.53%   209  533s
 76792 30943     cutoff   32        88.09412   84.99819  3.51%   209  541s
 77803 31271   85.00558   27   95   88.09412   85.00558  3.51%   209  548s
 78736 31473   85.45008   33  142   88.09412   85.00558  3.51%   209  555s
 79470 31787   87.87505   38   65   88.09412   85.01168  3.50%   210  561s
 80361 32239   87.90088   47   38   88.09412   85.01300  3.50%   210  569s
 81622 32666   87.34470   52   27   88.09412   85.02815  3.48%   209  577s
 82717 32984   85.11286   22  213   88.09412   85.04647  3.46%   209  584s
 83393 33399   86.85077   50   82   88.09412   85.04844  3.46%   209  592s
 84625 33777   86.83093   46   85   88.09412   85.05943  3.44%   208  599s
 85606 34046   85.27400   28  131   88.09412   85.06593  3.44%   208  605s
 86488 34403   85.46294   39  145   88.09412   85.07413  3.43%   208  613s
 87498 34725 infeasible   35        88.09412   85.08888  3.41%   208  620s
 88411 35014   86.68050   34   83   88.09412   85.10149  3.40%   207  627s
 89315 35320   86.37540   26  149   88.09412   85.11144  3.39%   207  634s
 90189 35709   86.27888   36  105   88.09412   85.12227  3.37%   207  641s
 91217 35840   86.23761   39   72   88.09412   85.13368  3.36%   207  646s
 91709 36185     cutoff   25        88.09412   85.13760  3.36%   207  654s
 92726 36560   86.53784   35   97   88.09412   85.15433  3.34%   206  662s
 93728 36882   86.51455   35   96   88.09412   85.16477  3.33%   206  669s
 94671 37195   85.24670   27  205   88.09412   85.17516  3.31%   206  676s
 95508 37535   85.63998   26  107   88.09412   85.18850  3.30%   205  683s
 96473 37783   86.78941   31   76   88.09412   85.20133  3.28%   205  689s
 97154 38048   86.01957   28   92   88.09412   85.20786  3.28%   205  696s
 97937 38279   86.77738   42  102   88.09412   85.21669  3.27%   205  702s
 98667 38684   85.94005   34   83   88.09412   85.22471  3.26%   205  710s
 99689 38974 infeasible   45        88.09412   85.23434  3.25%   204  717s
 100602 39271     cutoff   45        88.09412   85.24566  3.23%   204  724s
 101553 39479     cutoff   28        88.09412   85.25353  3.22%   204  729s
 102209 39627   87.80724   40   73   88.09412   85.26115  3.22%   204  736s
 102624 39901 infeasible   45        88.09412   85.26115  3.22%   204  742s
 103345 40259   86.73317   44   59   88.09412   85.27022  3.21%   204  751s
 104452 40491   86.39191   39   67   88.09412   85.27022  3.21%   204  757s
 105205 40849   86.12954   42  111   88.09412   85.27888  3.20%   203  763s
 106115 41102   87.67460   43   88   88.09412   85.28714  3.19%   203  771s
 106973 41462   86.09629   34   64   88.09412   85.29435  3.18%   203  777s
 107873 41737   86.59521   40   93   88.09412   85.30346  3.17%   203  783s
 108647 42074   86.04590   35   65   88.09412   85.30694  3.16%   203  791s
 109750 42374   86.02123   39  157   88.09412   85.31272  3.16%   202  797s
 110562 42593   87.59324   28  117   88.09412   85.32188  3.15%   202  803s
 111195 42886   87.03884   34   79   88.09412   85.32335  3.15%   202  810s
 112099 43245 infeasible   26        88.09412   85.33056  3.14%   202  822s
 113163 43417 infeasible   46        88.09412   85.33056  3.14%   201  829s
 113968 43665   85.75874   27  117   88.09412   85.33885  3.13%   201  837s
 114913 44027 infeasible   26        88.09412   85.34897  3.12%   201  845s
 116046 44414   85.96207   27   81   88.09412   85.36255  3.10%   200  854s
 117061 44651     cutoff   45        88.09412   85.36559  3.10%   200  861s
 117769 45062   86.08881   30  114   88.09412   85.37579  3.09%   200  870s
 119004 45262   86.84128   32   82   88.09412   85.38349  3.08%   200  876s
 119653 45579   86.69737   45   85   88.09412   85.38349  3.08%   200  883s
 120465 45931   86.10879   28  146   88.09412   85.38901  3.07%   199  890s
 121420 46231   86.17386   34  102   88.09412   85.39804  3.06%   199  899s
 122405 46591   85.46178   47  133   88.09412   85.40190  3.06%   199  906s
 123322 46723     cutoff   45        88.09412   85.40190  3.06%   199  912s
 123969 46928   86.96128   34  105   88.09412   85.40190  3.06%   199  917s
 124690 47343     cutoff   34        88.09412   85.40209  3.06%   199  925s
 125687 47717   86.93597   41   79   88.09412   85.41320  3.04%   199  933s
 126698 47991   87.48353   40   61   88.09412   85.42126  3.03%   198  940s
 127559 48258   85.95729   25  111   88.09412   85.42672  3.03%   198  948s
 128312 48493   87.82401   26   48   88.09412   85.42900  3.03%   198  956s
 129137 48807   86.31054   40   68   88.09412   85.43254  3.02%   198  964s
 130043 49091   86.26561   30  123   88.09412   85.44043  3.01%   198  971s
 130980 49314   86.90515   48  102   88.09412   85.44928  3.00%   198  979s
 131903 49554   85.92749   33  114   88.09412   85.45604  2.99%   198  987s
 132880 50020     cutoff   39        88.09412   85.46224  2.99%   197  996s
 134014 50396   87.22524   35   87   88.09412   85.46224  2.99%   197 1004s
 134960 50811   86.25129   38   91   88.09412   85.46897  2.98%   197 1013s
 136013 51054   86.03363   31   73   88.09412   85.47648  2.97%   196 1020s
 136891 51483 infeasible   33        88.09412   85.48193  2.97%   196 1029s
 138029 51836   87.43181   39   57   88.09412   85.48573  2.96%   196 1036s
 139031 52420 infeasible   39        88.09412   85.48573  2.96%   196 1047s
 140397 52932   85.56264   42   86   88.09412   85.48573  2.96%   195 1057s
 141777 53185   86.38549   44   62   88.09412   85.48573  2.96%   195 1065s
 142629 53404   85.64578   29   81   88.09412   85.48573  2.96%   195 1072s
 143519 53501   87.58024   48   51   88.09412   85.48573  2.96%   195 1078s
 144049 53736   86.75367   40  117   88.09412   85.48573  2.96%   195 1085s
 144943 54025   87.36166   53   38   88.09412   85.48778  2.96%   195 1093s
 145789 54249     cutoff   28        88.09412   85.48934  2.96%   195 1100s
 146613 54521   86.97495   36  102   88.09412   85.49232  2.95%   195 1107s
 147464 54777 infeasible   40        88.09412   85.49995  2.94%   195 1116s
 148473 55052   86.48876   34   76   88.09412   85.50395  2.94%   195 1123s
 149384 55256   87.81179   40   55   88.09412   85.50775  2.94%   194 1131s
 150248 55555   86.19701   30   86   88.09412   85.51283  2.93%   194 1139s
 151137 55852 infeasible   32        88.09412   85.51964  2.92%   194 1148s
 152231 56130   85.82912   36   82   88.09412   85.52519  2.92%   194 1156s
 153097 56291   87.33986   36   93   88.09412   85.53105  2.91%   194 1163s
 153742 56703   86.96710   36   88   88.09412   85.53508  2.90%   194 1173s
 155156 57228   86.24532   29   85   88.09412   85.53993  2.90%   193 1187s
 156782 57711   85.53993   35   87   88.09412   85.53993  2.90%   192 1198s
 158235 58162   87.67467   33   78   88.09412   85.53993  2.90%   192 1211s
 159745 58553   87.94385   37   50   88.09412   85.53993  2.90%   191 1222s
 161073 59124   87.11005   34  155   88.09412   85.53993  2.90%   191 1232s
 162336 59538 infeasible   57        88.09412   85.53993  2.90%   190 1242s
 163630 59805   86.26101   30  108   88.09412   85.54035  2.90%   190 1249s
 164409 60059   86.99151   42   46   88.09412   85.54192  2.90%   189 1258s
 165261 60311 infeasible   35        88.09412   85.54756  2.89%   189 1266s
 166238 60619     cutoff   50        88.09412   85.55380  2.88%   189 1274s
 167192 60837   87.20285   39  124   88.09412   85.55850  2.88%   189 1282s
 168049 60924   87.82897   46   54   88.09412   85.56195  2.87%   189 1287s
 168561 61138   87.05261   41   99   88.09412   85.56195  2.87%   190 1295s
 169441 61544   85.85059   32   98   88.09412   85.56202  2.87%   190 1305s
 170615 61903   86.12593   37   70   88.09412   85.56575  2.87%   190 1317s
 171878 62175 infeasible   38        88.09412   85.56575  2.87%   190 1329s
 173131 62343   85.56575   40   88   88.09412   85.56575  2.87%   190 1339s
 174102 62547   87.06272   37   73   88.09412   85.56575  2.87%   190 1348s
 175041 62694   86.89163   42   87   88.09412   85.56575  2.87%   190 1357s
 175907 62826   86.84823   41   97   88.09412   85.56575  2.87%   190 1366s
 176667 63080   86.34560   38   68   88.09412   85.56575  2.87%   191 1373s
 177538 63394   86.81580   27  100   88.09412   85.56716  2.87%   191 1382s
 178566 63609   87.46371   35   68   88.09412   85.57210  2.86%   190 1390s
 179340 63979   87.16919   32  115   88.09412   85.57648  2.86%   190 1399s
 179737 63979   87.94269   49   85   88.09412   85.57750  2.86%   190 1400s
*179854 59078              76      87.7922200   85.57750  2.52%   190 1400s
 180303 59082 infeasible   34        87.79222   85.58144  2.52%   190 1407s
 180555 59366     cutoff   33        87.79222   85.58194  2.52%   190 1416s
 181509 59590   86.61233   32   73   87.79222   85.58779  2.51%   190 1426s
 182524 59827   86.78032   40   68   87.79222   85.58905  2.51%   190 1435s
 183507 60094   87.05628   33  133   87.79222   85.59744  2.50%   190 1445s
 184482 60387     cutoff   43        87.79222   85.60444  2.49%   190 1455s
 185505 60679     cutoff   35        87.79222   85.60970  2.49%   190 1464s
 186442 60970     cutoff   38        87.79222   85.61739  2.48%   190 1475s
 187662 61365   85.61995   32  105   87.79222   85.61995  2.47%   190 1487s
 188927 61623     cutoff   31        87.79222   85.61995  2.47%   190 1496s
 189925 61869     cutoff   53        87.79222   85.61995  2.47%   190 1506s
 191048 62110     cutoff   30        87.79222   85.62613  2.47%   189 1514s
 191971 62316   86.03024   37  104   87.79222   85.63127  2.46%   189 1523s
 192855 62589   87.69811   36   74   87.79222   85.63655  2.46%   189 1531s
 193878 62985   87.40025   37   77   87.79222   85.64075  2.45%   189 1545s
 195243 63519   86.47101   47   49   87.79222   85.64578  2.44%   189 1561s
 196786 64145   86.65139   38   43   87.79222   85.64578  2.44%   189 1577s
 198622 64570   87.06736   36   75   87.79222   85.64578  2.44%   188 1592s
 200190 64962   85.77378   37  133   87.79222   85.64578  2.44%   188 1605s
 201505 65355   87.08094   30   85   87.79222   85.64578  2.44%   188 1617s
 202746 65697     cutoff   47        87.79222   85.64578  2.44%   188 1629s
 203950 66126   86.07936   37   65   87.79222   85.64578  2.44%   187 1642s
 205189 66423   85.64578   35   86   87.79222   85.64578  2.44%   187 1655s
 206257 66905   85.68579   38   68   87.79222   85.64578  2.44%   187 1667s
 207347 67289     cutoff   42        87.79222   85.64578  2.44%   187 1679s
 208316 67822     cutoff   56        87.79222   85.64578  2.44%   187 1695s
 209705 68139   86.58724   37   62   87.79222   85.64578  2.44%   187 1706s
 210784 68470   86.26835   33   93   87.79222   85.64578  2.44%   187 1720s
 212115 68690   87.18573   47   61   87.79222   85.64887  2.44%   187 1731s
 213146 68893   86.83727   33   65   87.79222   85.65111  2.44%   187 1740s
H213149 68322                      87.7743400   85.65111  2.42%   187 1740s
H213848 66335                      87.6922200   85.65111  2.33%   187 1752s
H214314 63952                      87.5995800   85.65340  2.22%   187 1752s
 214427 64236     cutoff   34        87.59958   85.65421  2.22%   187 1763s
 215492 64555     cutoff   52        87.59958   85.65725  2.22%   187 1776s
 216610 64813   86.43640   26  126   87.59958   85.65976  2.21%   187 1788s
 217683 65114   86.57153   35   94   87.59958   85.66373  2.21%   187 1800s
 218885 65428   87.27324   29   57   87.59958   85.66804  2.20%   187 1813s
 220113 65753   85.99005   33   92   87.59958   85.67198  2.20%   187 1825s
 221207 66066   86.37094   26  148   87.59958   85.67288  2.20%   187 1837s
 222399 66209   86.97400   37   89   87.59958   85.67288  2.20%   187 1845s
 223049 66503   87.11891   42   70   87.59958   85.68125  2.19%   187 1858s
 224305 66684   87.37173   37   78   87.59958   85.68602  2.18%   187 1867s
 225138 66832   87.12031   36  101   87.59958   85.68962  2.18%   187 1878s
 226074 67198   87.48819   41   69   87.59958   85.69360  2.18%   187 1892s
 227532 67412   87.26224   40   75   87.59958   85.69624  2.17%   187 1904s
H228722 67479                      87.5995795   85.69900  2.17%   187 1913s
 228922 67550   86.42077   41   78   87.59958   85.70047  2.17%   187 1922s
 229326 67751   86.73771   42   88   87.59958   85.70105  2.17%   187 1932s
 230222 67955   86.58880   50   82   87.59958   85.70534  2.16%   187 1944s
 230889 68210     cutoff   47        87.59958   85.70589  2.16%   187 1956s
 232062 68476 infeasible   37        87.59958   85.71367  2.15%   187 1967s
 233250 68748   86.79723   37  121   87.59958   85.71921  2.15%   187 1983s
 234639 69001 infeasible   38        87.59958   85.72374  2.14%   187 1997s
 236052 69515   86.29356   31   44   87.59958   85.72580  2.14%   187 2014s
 237854 69768     cutoff   34        87.59958   85.72580  2.14%   187 2028s
 239094 70070   85.76863   38  128   87.59958   85.72580  2.14%   187 2041s
 240408 70348   86.05956   39  126   87.59958   85.72580  2.14%   187 2054s
 241525 70584 infeasible   54        87.59958   85.72580  2.14%   187 2068s
 242820 70869   86.67849   30  109   87.59958   85.72580  2.14%   187 2082s
 244111 71245   86.66727   33   81   87.59958   85.72580  2.14%   187 2096s
 245502 71420   86.82170   46   64   87.59958   85.72580  2.14%   186 2108s
 246522 71669   86.11743   37   79   87.59958   85.72580  2.14%   186 2121s
 247763 71902   87.56386   53   47   87.59958   85.72580  2.14%   186 2135s
 249020 72054   86.39027   39   92   87.59958   85.72580  2.14%   186 2145s
 249868 72263   87.12559   39   68   87.59958   85.72580  2.14%   187 2156s
 250921 72413   86.66727   33   67   87.59958   85.72580  2.14%   187 2167s
 251819 72602   85.74867   36  109   87.59958   85.73313  2.13%   187 2179s
 252893 72778   87.02111   48   84   87.59958   85.73719  2.13%   187 2190s
 253879 72980   86.83408   49   66   87.59958   85.73976  2.12%   187 2200s
 254915 73203   87.12108   41  107   87.59958   85.74389  2.12%   187 2210s
 255877 73505   86.54934   49   32   87.59958   85.74697  2.11%   187 2224s
 257205 73707   86.83548   31  109   87.59958   85.75029  2.11%   186 2235s
 258120 73964   86.77485   27  127   87.59958   85.75157  2.11%   186 2247s
 259110 74212   86.08485   32   94   87.59958   85.75508  2.11%   186 2258s
 260118 74340   87.35517   36  142   87.59958   85.75810  2.10%   186 2266s
 260778 74560   86.87301   35  113   87.59958   85.76210  2.10%   186 2278s
 261836 74821   86.63983   36  166   87.59958   85.76477  2.09%   186 2289s
 262848 74995   86.91952   31   78   87.59958   85.76857  2.09%   186 2299s
 263739 75202   86.95868   35  116   87.59958   85.77353  2.08%   186 2311s
 264806 75314   87.37066   46   46   87.59958   85.77873  2.08%   186 2322s
 266075 75379   85.77873   39   89   87.59958   85.77873  2.08%   186 2332s
 266867 75571   87.13204   58   79   87.59958   85.78085  2.08%   187 2343s
 267788 75824   85.96207   33   78   87.59958   85.78640  2.07%   187 2354s
 268820 75952 infeasible   49        87.59958   85.79019  2.07%   186 2362s
 269498 76132   87.36489   37   61   87.59958   85.79369  2.06%   186 2373s
 270478 76380   86.65139   34   70   87.59958   85.79896  2.06%   186 2386s
 271663 76752   86.41514   32   90   87.59958   85.80202  2.05%   186 2401s
 272960 76962 infeasible   39        87.59958   85.80314  2.05%   186 2413s
 274090 77096     cutoff   37        87.59958   85.80583  2.05%   186 2425s
 275005 77182   87.09854   37  176   87.59958   85.80849  2.04%   186 2434s
 275836 77478   87.13027   35   84   87.59958   85.81277  2.04%   186 2447s
 276979 77793   86.21734   40   57   87.59958   85.81608  2.04%   186 2460s
 278170 77939   87.53336   48  186   87.59958   85.81951  2.03%   186 2469s
 278880 78318   87.45036   46   73   87.59958   85.82176  2.03%   186 2484s
 279344 78318     cutoff   38        87.59958   85.82203  2.03%   186 2485s
 280331 78721   86.00728   38   87   87.59958   85.82781  2.02%   186 2502s
 281780 79109   86.77316   41  132   87.59958   85.82912  2.02%   186 2520s
 283182 79439   86.15348   36  118   87.59958   85.82912  2.02%   186 2534s
 284209 79972   86.75836   31  108   87.59958   85.82912  2.02%   185 2553s
 285818 80529   86.85061   42   59   87.59958   85.82912  2.02%   185 2574s
 287626 80966   86.72865   39   78   87.59958   85.82912  2.02%   185 2589s
 288338 80966   86.93432   52   95   87.59958   85.82912  2.02%   185 2590s
 288949 81231   87.25073   41   29   87.59958   85.82912  2.02%   185 2603s
 290045 81351     cutoff   34        87.59958   85.82960  2.02%   185 2615s
 290623 81533 infeasible   40        87.59958   85.82975  2.02%   185 2628s
 291706 81813   87.12773   44   40   87.59958   85.83457  2.01%   185 2643s
 292984 81982 infeasible   45        87.59958   85.83786  2.01%   185 2655s
 293942 82173 infeasible   49        87.59958   85.84192  2.01%   185 2667s
 294964 82419   87.08965   34  102   87.59958   85.84487  2.00%   185 2680s
 296118 82585 infeasible   47        87.59958   85.84915  2.00%   185 2692s
 297095 82753     cutoff   49        87.59958   85.85387  1.99%   185 2706s
 298079 82899   87.12773   45   46   87.59958   85.85749  1.99%   185 2717s
 298937 83049   86.27963   40   84   87.59958   85.85775  1.99%   185 2731s
 299892 83386     cutoff   54        87.59958   85.86103  1.98%   185 2749s
 301290 83619   87.15239   36   99   87.59958   85.86502  1.98%   185 2764s
 302490 83857   86.32294   37   99   87.59958   85.86793  1.98%   185 2778s
 303706 84135   86.83727   33   88   87.59958   85.87118  1.97%   185 2792s
 304796 84435   85.90611   37  108   87.59958   85.87435  1.97%   185 2808s
 306139 84884   87.33075   53   40   87.59958   85.87876  1.96%   185 2828s
 307962 85299   86.80402   39  182   87.59958   85.88205  1.96%   184 2849s
 309741 85341     cutoff   65        87.59958   85.88205  1.96%   184 2865s
 310113 85577   86.54475   46   69   87.59958   85.88205  1.96%   184 2883s
 311267 86030   87.30366   59   36   87.59958   85.88205  1.96%   184 2906s
 313054 86289     cutoff   37        87.59958   85.88205  1.96%   184 2924s
 314335 86686   87.50614   46   73   87.59958   85.88205  1.96%   184 2944s
 315952 86955   86.41501   37   89   87.59958   85.88205  1.96%   183 2962s
 317323 87244   85.88883   32  116   87.59958   85.88205  1.96%   183 2979s
 318566 87444   86.82182   37   98   87.59958   85.88205  1.96%   183 2997s
 319889 87646   86.80815   47   72   87.59958   85.88205  1.96%   183 3013s
 320936 87840   86.92692   40  117   87.59958   85.88205  1.96%   183 3031s
 322275 87972     cutoff   43        87.59958   85.88205  1.96%   183 3046s
 323363 88183 infeasible   64        87.59958   85.88205  1.96%   183 3061s
 324511 88407   86.22257   27   90   87.59958   85.88566  1.96%   183 3075s
 325545 88631   86.39517   42   57   87.59958   85.88851  1.95%   183 3089s
 326657 88740   87.45789   40   45   87.59958   85.89235  1.95%   183 3102s
 327579 88914   87.52050   38   66   87.59958   85.89649  1.94%   183 3116s
 328626 88979   87.38736   35   89   87.59958   85.89925  1.94%   183 3127s
 329347 89217     cutoff   34        87.59958   85.90188  1.94%   183 3143s
 330683 89342   86.12705   42   91   87.59958   85.90730  1.93%   183 3157s
 331420 89572   86.95104   49  106   87.59958   85.90914  1.93%   183 3173s
 332827 89812   86.59719   37  102   87.59958   85.90914  1.93%   183 3190s
 334102 90360   86.46932   34   83   87.59958   85.90914  1.93%   183 3215s
 336277 91019   86.85188   36   43   87.59958   85.91041  1.93%   182 3238s
 338372 91407   86.91602   37   61   87.59958   85.91041  1.93%   182 3257s
 339993 91672   86.85188   32   78   87.59958   85.91041  1.93%   182 3274s
 341142 91777     cutoff   43        87.59958   85.91145  1.93%   181 3286s
 341891 91902   87.54308   40  123   87.59958   85.91275  1.93%   182 3299s
 342784 92000   86.36722   42  153   87.59958   85.91525  1.92%   182 3310s
 343545 92261   87.33278   40   84   87.59958   85.91862  1.92%   182 3326s
 344880 92490   87.02176   27   79   87.59958   85.92267  1.91%   182 3341s
 345964 92602   87.39617   46   35   87.59958   85.92563  1.91%   182 3353s
 346854 92872   87.47983   38   84   87.59958   85.92800  1.91%   182 3369s
 348073 93029   87.31711   41   87   87.59958   85.93275  1.90%   182 3384s
 349256 93077   86.18519   31   85   87.59958   85.93711  1.90%   182 3400s
 350602 93294   87.05299   40   68   87.59958   85.94005  1.89%   182 3421s
H350862 93294                      87.5995793   85.94005  1.89%   181 3421s
 352194 93317   86.65704   33   78   87.59958   85.94005  1.89%   181 3436s
 352620 93394   87.03631   41   73   87.59958   85.94005  1.89%   181 3450s
 353663 93548   86.58555   37   70   87.59958   85.94256  1.89%   181 3463s
 354710 93679   87.18166   41   79   87.59958   85.94633  1.89%   181 3476s
 355693 93776   86.05995   40  157   87.59958   85.95208  1.88%   181 3489s
 356605 93992   86.64414   43   65   87.59958   85.95606  1.88%   181 3506s
 358024 94224   86.07142   46  153   87.59958   85.96207  1.87%   181 3526s
 359654 94396   87.07745   37  103   87.59958   85.96207  1.87%   181 3542s
 360669 94649   86.20994   36   76   87.59958   85.96207  1.87%   181 3559s
 361909 94649   87.38368   58   50   87.59958   85.96207  1.87%   181 3560s
 362053 94877   87.28779   55   44   87.59958   85.96207  1.87%   181 3576s
 363260 95085   86.67054   47   73   87.59958   85.96207  1.87%   181 3592s
 364526 95140   87.11261   40  115   87.59958   85.96207  1.87%   181 3600s

Cutting planes:
  Learned: 283
  Gomory: 10
  Lift-and-project: 3
  Cover: 10432
  Implied bound: 1622
  Projected implied bound: 6
  Clique: 341
  MIR: 380
  StrongCG: 214
  Flow cover: 2168
  GUB cover: 21
  Inf proof: 108
  Zero half: 86
  Network: 1
  RLT: 237
  Relax-and-lift: 216
  BQP: 6
  PSD: 2

Explored 364943 nodes (66093420 simplex iterations) in 3600.29 seconds (2963.52 work units)
Thread count was 8 (of 24 available processors)

Solution count 10: 87.5996 87.5996 87.5996 ... 88.36

Time limit reached
Warning: max constraint violation (1.3445e-01) exceeds tolerance
Warning: max bound violation (1.3445e-01) exceeds tolerance
         (model may be infeasible or unbounded - try turning presolve off)
Best objective 8.759957927466e+01, best bound 8.596207160976e+01, gap 1.8693%
