
Gurobi 10.0.0 (win64) logging started Sat Jan 20 20:15:39 2024

Set parameter LogFile to value "C:/Users\Administrator\Documents\BNC_Repo\BNC_Tests\10_MIP_Results\n20m2\Instance_Class4_Parts20_Machines2_Instance3_logfileChe21.txt"
Gurobi Optimizer version 10.0.0 build v10.0.0rc2 (win64)

CPU model: AMD EPYC 7513 32-Core Processor, instruction set [SSE2|AVX|AVX2]
Thread count: 24 physical cores, 24 logical processors, using up to 8 threads

Optimize a model with 14158 rows, 2601 columns and 67018 nonzeros
Model fingerprint: 0x3c64876f
Variable types: 921 continuous, 1680 integer (1680 binary)
Coefficient statistics:
  Matrix range     [4e-06, 4e+02]
  Objective range  [1e+00, 1e+00]
  Bounds range     [1e+00, 1e+00]
  RHS range        [1e+00, 6e+02]
Presolve removed 5911 rows and 928 columns
Presolve time: 0.28s
Presolved: 8247 rows, 1673 columns, 48176 nonzeros
Variable types: 80 continuous, 1593 integer (1553 binary)
Found heuristic solution: objective 609.5923400
Root relaxation presolved: 8247 rows, 1673 columns, 48176 nonzeros


Use crossover to convert LP symmetric solution to basic solution...

Root relaxation: objective 9.411219e+01, 1680 iterations, 0.22 seconds (0.19 work units)

    Nodes    |    Current Node    |     Objective Bounds      |     Work
 Expl Unexpl |  Obj  Depth IntInf | Incumbent    BestBd   Gap | It/Node Time

     0     0   94.11219    0  150  609.59234   94.11219  84.6%     -    0s
H    0     0                     598.3767800   94.11219  84.3%     -    0s
H    0     0                     315.3447000   94.11219  70.2%     -    1s
H    0     0                     309.9047000   94.11219  69.6%     -    1s
H    0     0                     242.7077400   94.27316  61.2%     -    1s
H    0     0                     239.1299400   94.27316  60.6%     -    1s
     0     0   94.27316    0  238  239.12994   94.27316  60.6%     -    1s
     0     0   94.27316    0  232  239.12994   94.27316  60.6%     -    1s
     0     0   94.31160    0  124  239.12994   94.31160  60.6%     -    1s
     0     0   94.33808    0  490  239.12994   94.33808  60.5%     -    1s
H    0     0                     181.1923200   94.42143  47.9%     -    2s
H    0     0                     135.1898400   94.42143  30.2%     -    2s
     0     0   94.42143    0  310  135.18984   94.42143  30.2%     -    2s
H    0     0                     135.0716000   94.47878  30.1%     -    3s
     0     0   94.47878    0  401  135.07160   94.47878  30.1%     -    3s
     0     0   94.57802    0  370  135.07160   94.57802  30.0%     -    4s
     0     0   94.58469    0  412  135.07160   94.58469  30.0%     -    4s
     0     0   94.58583    0  391  135.07160   94.58583  30.0%     -    4s
     0     0   94.58599    0  394  135.07160   94.58599  30.0%     -    4s
     0     0   94.58599    0  385  135.07160   94.58599  30.0%     -    4s
     0     0   94.60264    0  206  135.07160   94.60264  30.0%     -    5s
H    0     0                     130.8510400   94.60264  27.7%     -    5s
     0     0   94.60650    0  278  130.85104   94.60650  27.7%     -    5s
     0     0   94.60743    0  288  130.85104   94.60743  27.7%     -    6s
     0     0   94.60768    0  276  130.85104   94.60768  27.7%     -    6s
     0     0   94.60768    0  267  130.85104   94.60768  27.7%     -    6s
H    0     0                     127.7486000   94.70457  25.9%     -    7s
H    0     0                     123.5680600   94.70457  23.4%     -    7s
     0     0   94.70457    0  217  123.56806   94.70457  23.4%     -    7s
H    0     0                     120.0380600   94.70457  21.1%     -    7s
     0     0   94.70753    0  229  120.03806   94.70753  21.1%     -    7s
     0     0   94.70755    0  227  120.03806   94.70755  21.1%     -    7s
     0     0   94.82797    0  437  120.03806   94.82797  21.0%     -    9s
H    0     0                     117.1018000   94.82797  19.0%     -    9s
     0     0   94.83955    0  414  117.10180   94.83955  19.0%     -    9s
     0     0   94.84116    0  419  117.10180   94.84116  19.0%     -   10s
     0     0   94.84637    0  413  117.10180   94.84637  19.0%     -   10s
     0     0   94.84709    0  421  117.10180   94.84709  19.0%     -   10s
     0     0   94.84728    0  435  117.10180   94.84728  19.0%     -   10s
     0     0   94.86488    0  462  117.10180   94.86488  19.0%     -   11s
     0     0   94.86488    0  460  117.10180   94.86488  19.0%     -   11s
     0     0   94.86488    0  459  117.10180   94.86488  19.0%     -   11s
     0     0   94.87475    0  401  117.10180   94.87475  19.0%     -   12s
     0     0   94.87775    0  495  117.10180   94.87775  19.0%     -   12s
     0     0   94.88878    0  494  117.10180   94.88878  19.0%     -   12s
     0     0   94.88890    0  485  117.10180   94.88890  19.0%     -   12s
H    0     0                     115.0928200   94.88890  17.6%     -   13s
     0     0   94.90783    0  476  115.09282   94.90783  17.5%     -   13s
     0     0   94.90909    0  457  115.09282   94.90909  17.5%     -   13s
     0     0   94.90980    0  454  115.09282   94.90980  17.5%     -   14s
     0     0   94.90980    0  465  115.09282   94.90980  17.5%     -   14s
     0     0   94.91041    0  433  115.09282   94.91041  17.5%     -   15s
H    0     0                     111.3260000   94.91072  14.7%     -   15s
     0     0   94.96915    0  421  111.32600   94.96915  14.7%     -   15s
H    0     0                     111.1951800   94.97020  14.6%     -   15s
     0     0   94.97020    0  432  111.19518   94.97020  14.6%     -   15s
     0     0   94.97129    0  413  111.19518   94.97129  14.6%     -   15s
     0     0   94.97169    0  431  111.19518   94.97169  14.6%     -   16s
     0     0   94.97192    0  432  111.19518   94.97192  14.6%     -   16s
H    0     0                     111.1560000   94.97288  14.6%     -   17s
     0     0   94.97288    0  421  111.15600   94.97288  14.6%     -   17s
     0     0   94.97354    0  438  111.15600   94.97354  14.6%     -   18s
     0     0   94.97363    0  340  111.15600   94.97363  14.6%     -   18s
     0     0   94.97363    0  366  111.15600   94.97363  14.6%     -   19s
     0     0   94.97363    0  357  111.15600   94.97363  14.6%     -   19s
     0     0   94.97370    0  339  111.15600   94.97370  14.6%     -   20s
     0     0   94.97372    0  365  111.15600   94.97372  14.6%     -   20s
     0     0   94.97477    0  339  111.15600   94.97477  14.6%     -   21s
     0     0   94.97477    0  272  111.15600   94.97477  14.6%     -   21s
H    0     0                     110.7693000   94.97477  14.3%     -   23s
     0     0   94.97477    0   82  110.76930   94.97477  14.3%     -   24s
     0     0   94.97477    0  401  110.76930   94.97477  14.3%     -   25s
     0     0   94.97477    0  398  110.76930   94.97477  14.3%     -   25s
     0     0   94.97477    0  325  110.76930   94.97477  14.3%     -   26s
     0     0   94.97477    0  329  110.76930   94.97477  14.3%     -   26s
     0     0   94.97543    0  372  110.76930   94.97543  14.3%     -   26s
     0     0   94.97563    0  333  110.76930   94.97563  14.3%     -   26s
     0     0   94.97834    0  357  110.76930   94.97834  14.3%     -   27s
     0     0   94.97900    0  320  110.76930   94.97900  14.3%     -   27s
     0     0   94.97909    0  354  110.76930   94.97909  14.3%     -   28s
     0     0   94.97969    0  384  110.76930   94.97969  14.3%     -   28s
     0     0   94.97984    0  351  110.76930   94.97984  14.3%     -   29s
     0     0   94.98115    0  462  110.76930   94.98115  14.3%     -   29s
     0     0   94.98115    0  392  110.76930   94.98115  14.3%     -   29s
H    0     0                     108.2099600   94.98115  12.2%     -   30s
     0     2   94.98115    0  375  108.20996   94.98115  12.2%     -   31s
H   68    69                     108.0200200   95.14121  11.9%   480   33s
H   70    69                     107.3699600   95.14121  11.4%   468   33s
H  101   103                     105.0754600   95.14121  9.45%   389   33s
H  143   144                     104.3954600   95.14121  8.86%   352   34s
H  144   144                     103.7154600   95.14121  8.27%   350   34s
H  146   144                     103.2705600   95.14121  7.87%   347   34s
   170   163   95.40819   19  242  103.27056   95.14121  7.87%   326   35s
H  189   171                     103.1614200   95.14121  7.77%   330   35s
H  193   171                     103.1496800   95.14121  7.76%   331   35s
H  317   289                     103.0564200   95.14121  7.68%   340   37s
   684   570   98.82165   61  106  103.05642   95.14121  7.68%   274   40s
H 1008   718                     102.8273600   95.15755  7.46%   272   44s
H 1026   707                     102.7296400   95.15755  7.37%   273   44s
  1076   806   96.20302   14   99  102.72964   95.15755  7.37%   280   45s
  1532  1054  100.75612   14  272  102.72964   95.22173  7.31%   273   54s
  1534  1055   98.09348   17   63  102.72964   95.22173  7.31%   272   55s
  1541  1060   98.83958   22  253  102.72964   95.22173  7.31%   271   60s
  1548  1065   97.09044   25  295  102.72964   95.22173  7.31%   270   65s
  1553  1068  100.54084   69  163  102.72964   95.22173  7.31%   269   71s
  1556  1070   96.13733   20   84  102.72964   95.22173  7.31%   268   76s
H 1556  1016                     102.6903800   95.22173  7.27%   268   78s
H 1557   965                     102.6383000   95.22173  7.23%   268   80s
  1561   970   95.22173   10  265  102.63830   95.22173  7.23%   302   85s
H 1597   944                     102.5009200   95.22173  7.10%   313   86s
  1662   988   96.75509   19  146  102.50092   95.22173  7.10%   320   91s
H 1665   940                     101.0227000   95.22173  5.74%   320   91s
H 1708   919                     100.7142000   95.22173  5.45%   318   92s
  1760   937   98.23366   24  126  100.71420   95.22173  5.45%   317   95s
  2036  1005   97.24620   26   86  100.71420   95.22173  5.45%   302  100s
  2745  1198   99.81715   42   86  100.71420   95.36364  5.31%   289  105s
  3905  1506   95.85326   18   91  100.71420   95.36364  5.31%   270  110s
  4971  1869   97.43614   27   87  100.71420   95.36364  5.31%   256  115s
  5844  2315   96.09912   24  134  100.71420   95.38750  5.29%   259  120s
  6735  2752   96.63491   27   97  100.71420   95.42687  5.25%   252  125s
  7666  3156   96.16835   25  122  100.71420   95.45274  5.22%   251  131s
  8294  3456   95.65519   27  180  100.71420   95.45274  5.22%   255  136s
  9370  3866   99.76905   40   66  100.71420   95.48738  5.19%   254  141s
 10142  4223   97.58486   42  101  100.71420   95.52524  5.15%   256  145s
 11307  4753     cutoff   28       100.71420   95.59060  5.09%   256  151s
 12002  5017   95.77103   22  167  100.71420   95.61433  5.06%   259  155s
 13192  5668   97.49737   28  122  100.71420   95.64493  5.03%   263  162s
 14300  6044   96.16317   26  166  100.71420   95.67822  5.00%   262  168s
 14726  6057   97.61472   25  159  100.71420   95.69004  4.99%   264  173s
 14757  7269   98.52017   26  115  100.71420   95.69133  4.99%   265  186s
 17397  7551   96.01002   27  157  100.71420   95.80032  4.88%   262  190s
 18778  8353   98.68385   33   60  100.71420   95.84647  4.83%   263  199s
 19768  8758   96.01002   26   76  100.71420   95.86582  4.81%   261  203s
 20619  9324   98.57955   31  122  100.71420   95.88660  4.79%   261  209s
 21767  9929   99.03257   31   72  100.71420   95.88660  4.79%   256  216s
 23075 10471   96.30497   24  107  100.71420   95.88660  4.79%   251  221s
 24293 10936   96.81701   29  137  100.71420   95.89883  4.78%   248  227s
 25307 11252  100.00557   31   45  100.71420   95.92026  4.76%   245  231s
 26291 11684   99.45967   35   71  100.71420   95.94038  4.74%   245  236s
 27249 12053   96.99216   21  113  100.71420   95.95737  4.72%   243  240s
 28154 12481   96.60305   26  114  100.71420   95.97894  4.70%   243  245s
 29991 13387   96.23317   41   98  100.71420   96.01002  4.67%   241  255s
 31033 13835   99.89560   37  111  100.71420   96.01002  4.67%   240  260s
 32028 14237   96.63145   34  145  100.71420   96.01002  4.67%   240  266s
 32863 14682   97.64668   35  104  100.71420   96.01002  4.67%   240  271s
 33607 15323 infeasible   27       100.71420   96.01002  4.67%   240  278s
 34760 15945   97.33773   36  125  100.71420   96.01002  4.67%   240  284s
 35838 16393   99.20834   50  152  100.71420   96.01002  4.67%   240  292s
 36883 16892   96.94463   37  129  100.71420   96.01002  4.67%   240  299s
 37873 17459   96.01097   22  125  100.71420   96.01002  4.67%   241  306s
 38961 18021   99.35392   61   99  100.71420   96.01002  4.67%   240  314s
 39656 18021  100.06784   44   77  100.71420   96.01002  4.67%   241  315s
 40136 18543     cutoff   32       100.71420   96.01002  4.67%   241  324s
 41457 19118 infeasible   40       100.71420   96.01002  4.67%   241  333s
 42767 19577   96.01002   25  147  100.71420   96.01002  4.67%   241  341s
 43750 19760   96.01238   31  115  100.71420   96.01002  4.67%   242  348s
 44088 20260   96.01242   32  112  100.71420   96.01002  4.67%   242  357s
 45264 20555     cutoff   47       100.71420   96.01002  4.67%   243  365s
 46190 21052   96.85323   38   66  100.71420   96.01002  4.67%   244  376s
 47615 21590 infeasible   54       100.71420   96.01002  4.67%   246  387s
 48892 22137   98.29029   45   50  100.71420   96.01002  4.67%   247  397s
 50187 22637   96.38017   35  106  100.71420   96.01002  4.67%   247  407s
 51406 23180   98.77508   35   77  100.71420   96.01242  4.67%   248  417s
 52691 23699  100.11818   47   84  100.71420   96.01609  4.66%   248  428s
 54081 24100   97.64391   35  115  100.71420   96.01730  4.66%   247  437s
 55041 24513     cutoff   42       100.71420   96.01827  4.66%   248  445s
 56114 24946   97.70605   29  129  100.71420   96.02086  4.66%   248  453s
 57091 25337   98.42663   43  101  100.71420   96.02390  4.66%   249  461s
 58184 25683     cutoff   39       100.71420   96.02942  4.65%   248  468s
 59166 26117 infeasible   28       100.71420   96.03082  4.65%   248  477s
 60265 26481   96.28417   29  117  100.71420   96.04206  4.64%   248  484s
 61172 27024 infeasible   47       100.71420   96.04630  4.63%   248  493s
 62267 27398     cutoff   43       100.71420   96.04820  4.63%   248  499s
 63122 27751   96.54192   32  124  100.71420   96.05376  4.63%   247  505s
 63900 28065   96.37951   28  107  100.71420   96.05794  4.62%   248  513s
 64880 28382   96.42709   27  114  100.71420   96.06354  4.62%   247  520s
 65789 28715   97.80172   33   69  100.71420   96.07038  4.61%   247  527s
 66565 28929   98.72891   32  124  100.71420   96.07359  4.61%   247  533s
 67064 29303   99.32272   47   61  100.71420   96.08206  4.60%   248  540s
 67880 29707   96.55356   32  202  100.71420   96.08987  4.59%   248  549s
 68905 30073   97.32530   29  105  100.71420   96.09579  4.59%   248  557s
 69670 30368  100.42837   23  192  100.71420   96.09912  4.58%   248  563s
 70359 30710   96.69611   29  192  100.71420   96.09912  4.58%   249  571s
 71256 31066     cutoff   26       100.71420   96.10114  4.58%   250  579s
 72182 31480   96.53298   23  109  100.71420   96.10507  4.58%   250  588s
 73168 31830     cutoff   33       100.71420   96.11462  4.57%   250  596s
 74122 32245   98.60063   41  107  100.71420   96.11464  4.57%   250  604s
 74712 32245   97.24579   30  109  100.71420   96.11658  4.57%   250  605s
 75161 32627   97.08653   26  115  100.71420   96.12195  4.56%   250  612s
 76028 32951   96.25865   21  147  100.71420   96.12241  4.56%   250  619s
 76744 33333   99.87331   28  140  100.71420   96.13588  4.55%   250  628s
 77808 33632   97.41135   32  230  100.71420   96.14358  4.54%   250  635s
 78641 33882     cutoff   52       100.71420   96.15431  4.53%   250  642s
 79394 34223  100.27093   34  165  100.71420   96.16890  4.51%   250  650s
 80342 34539   97.94275   33  112  100.71420   96.17162  4.51%   251  658s
 81182 34900   97.09072   31  156  100.71420   96.17601  4.51%   251  665s
 82000 35095  100.50448   51   60  100.71420   96.18511  4.50%   251  672s
 82544 35509   99.44862   41   88  100.71420   96.19651  4.49%   251  681s
 83710 35829   98.77508   31   49  100.71420   96.21496  4.47%   251  689s
 84530 36124   99.94843   48   77  100.71420   96.22409  4.46%   251  696s
 85338 36510   97.02095   29  126  100.71420   96.23939  4.44%   252  704s
 85820 36510   98.45189   34  135  100.71420   96.24283  4.44%   251  705s
 86262 36904  100.22510   38  103  100.71420   96.25093  4.43%   252  712s
 87243 37245   97.58910   27  137  100.71420   96.25726  4.43%   252  719s
 88074 37557   96.32272   19  116  100.71420   96.26330  4.42%   252  728s
 88891 37904     cutoff   40       100.71420   96.27195  4.41%   252  736s
 89732 38228   99.45053   46  174  100.71420   96.28698  4.40%   252  743s
 90499 38526   97.66446   37   81  100.71420   96.29326  4.39%   252  750s
 91412 38906   96.40299   25  138  100.71420   96.30497  4.38%   252  760s
 92202 39526   98.01296   47   90  100.71420   96.30497  4.38%   252  774s
 93783 40176   96.30497   26   84  100.71420   96.30497  4.38%   252  786s
 95274 40817   97.15890   36  198  100.71420   96.30497  4.38%   252  798s
 96788 41474   97.60552   40   99  100.71420   96.30497  4.38%   252  811s
 98443 42006   98.43847   31   70  100.71420   96.30497  4.38%   251  823s
 99775 42497   97.45437   32   77  100.71420   96.30497  4.38%   251  834s
 101065 42950   96.49162   28  109  100.71420   96.30497  4.38%   251  845s
 102278 43562   96.37943   33  104  100.71420   96.30497  4.38%   252  857s
 103601 44039   96.82793   23  100  100.71420   96.30497  4.38%   252  869s
 104816 44398   97.43614   39   54  100.71420   96.30497  4.38%   252  878s
 105756 44897   98.48225   34  115  100.71420   96.30497  4.38%   253  891s
 107305 45490   97.44975   31  100  100.71420   96.30497  4.38%   253  904s
 108717 45957     cutoff   37       100.71420   96.30497  4.38%   253  916s
 110037 46505   96.40048   26  152  100.71420   96.30497  4.38%   253  929s
 111488 47227   96.34236   27  160  100.71420   96.30497  4.38%   253  945s
 113235 47844     cutoff   23       100.71420   96.30497  4.38%   252  960s
 114780 48392   96.82037   26  213  100.71420   96.30497  4.38%   252  974s
 116234 48822   96.36754   22  149  100.71420   96.30497  4.38%   252  984s
 117252 49320   96.96078   28  144  100.71420   96.30497  4.38%   252  995s
 118476 49548   96.85938   33  153  100.71420   96.30497  4.38%   252 1005s
 119047 50110   96.87580   34  125  100.71420   96.30497  4.38%   252 1016s
 120543 50362   97.22554   30  156  100.71420   96.30942  4.37%   251 1024s
 121214 50963   96.42628   24  184  100.71420   96.31278  4.37%   251 1035s
 122521 51426   96.76148   36  117  100.71420   96.31819  4.36%   251 1047s
 123894 51625   98.49950   21  228  100.71420   96.32280  4.36%   251 1055s
 124455 51950   97.96759   28  165  100.71420   96.32380  4.36%   251 1064s
 125400 52324   98.87075   36   77  100.71420   96.32846  4.35%   251 1073s
 126661 52640   97.39545   26  131  100.71420   96.33304  4.35%   250 1082s
 127605 53067   98.56731   33   82  100.71420   96.33926  4.34%   250 1092s
 128597 53424   97.11491   22   91  100.71420   96.34115  4.34%   250 1101s
 129535 53721   97.92093   27  108  100.71420   96.34324  4.34%   250 1109s
 130412 54043   98.22473   37  142  100.71420   96.34987  4.33%   250 1118s
 131400 54439   97.30741   37   98  100.71420   96.35486  4.33%   250 1127s
 132384 54783   99.08199   42  150  100.71420   96.36055  4.32%   250 1137s
 133279 55094  100.04377   32  157  100.71420   96.36538  4.32%   250 1145s
 134204 55390   99.39139   43   71  100.71420   96.36754  4.32%   250 1153s
 135080 55609   98.00582   32   90  100.71420   96.37060  4.31%   250 1160s
 135729 56042   97.09079   25  108  100.71420   96.37500  4.31%   251 1170s
 136821 56434   97.33955   33  117  100.71420   96.38215  4.30%   251 1180s
 137790 56842   99.08502   66   47  100.71420   96.38667  4.30%   251 1190s
 138823 57087   99.29612   29   76  100.71420   96.39060  4.29%   251 1198s
 139679 57387   96.49096   20   73  100.71420   96.39714  4.29%   251 1206s
 140579 57778   98.76657   31  100  100.71420   96.40350  4.28%   251 1215s
 141625 58231   97.92086   41  108  100.71420   96.40956  4.27%   251 1225s
 142721 58639   97.43614   33  101  100.71420   96.41406  4.27%   251 1234s
 143722 58907 infeasible   30       100.71420   96.42304  4.26%   251 1243s
 144472 59286   99.67934   50   65  100.71420   96.42791  4.26%   251 1254s
 145558 59606   97.88979   25  100  100.71420   96.43288  4.25%   251 1263s
 146396 59952   98.10144   28   94  100.71420   96.43661  4.25%   251 1273s
 147441 60310  100.07234   46   97  100.71420   96.44289  4.24%   251 1283s
 148397 60597     cutoff   38       100.71420   96.44897  4.23%   251 1294s
 149035 60933   98.12018   32  115  100.71420   96.45047  4.23%   251 1304s
 150154 61240     cutoff   52       100.71420   96.45487  4.23%   251 1313s
 150975 61728   98.59246   28  126  100.71420   96.46097  4.22%   251 1324s
 152085 62186   99.24325   42   91  100.71420   96.46657  4.22%   251 1335s
 153435 62546   97.32105   30   91  100.71420   96.46657  4.22%   251 1345s
 154439 62856   98.99061   35  112  100.71420   96.47049  4.21%   250 1353s
 155318 63224   98.62524   37  121  100.71420   96.47453  4.21%   250 1363s
 156400 63429   99.06631   35   99  100.71420   96.47978  4.20%   250 1371s
 157119 63721     cutoff   38       100.71420   96.48501  4.20%   250 1379s
 157966 64377   98.83010   45   68  100.71420   96.49096  4.19%   250 1390s
 159115 64797   96.58455   30  129  100.71420   96.49096  4.19%   250 1399s
 160089 65078   97.47630   27  107  100.71420   96.49096  4.19%   250 1408s
 160977 65393     cutoff   31       100.71420   96.49096  4.19%   250 1417s
 161909 65658   97.43614   34   96  100.71420   96.49594  4.19%   250 1426s
 162814 65917   96.84676   30  160  100.71420   96.50184  4.18%   250 1434s
 163627 66338     cutoff   32       100.71420   96.50664  4.18%   250 1443s
 164592 66670   96.53298   24  153  100.71420   96.51258  4.17%   250 1453s
 165461 66909     cutoff   39       100.71420   96.51662  4.17%   250 1465s
 166294 67277   98.24140   28  116  100.71420   96.52195  4.16%   250 1475s
 167335 67898   97.59774   32   78  100.71420   96.53067  4.15%   250 1490s
 168748 68431   96.55032   26  124  100.71420   96.53298  4.15%   250 1504s
 170139 68962   98.83399   39  135  100.71420   96.53298  4.15%   250 1518s
 171702 69542     cutoff   47       100.71420   96.53298  4.15%   250 1532s
 173039 70010  100.34880   41   91  100.71420   96.53298  4.15%   249 1545s
 174338 70414   97.57036   28   79  100.71420   96.53298  4.15%   249 1558s
 175417 70927   96.53298   27  127  100.71420   96.53298  4.15%   249 1572s
 176771 71403   96.53298   33  131  100.71420   96.53298  4.15%   249 1586s
 178165 71865   96.53298   32  130  100.71420   96.53298  4.15%   249 1599s
 179564 72364   97.41435   27  124  100.71420   96.53298  4.15%   249 1610s
 180774 72691   98.16062   31  166  100.71420   96.53298  4.15%   249 1620s
 181717 72922   99.66816   38   84  100.71420   96.53298  4.15%   249 1629s
 182583 73283   96.97818   29  216  100.71420   96.53495  4.15%   249 1638s
 183504 73754   96.85577   27  145  100.71420   96.53758  4.15%   249 1650s
 184682 74135 infeasible   28       100.71420   96.54159  4.14%   249 1659s
 184995 74135   99.69666   51   75  100.71420   96.54167  4.14%   249 1660s
 185598 74498   99.60614   30   97  100.71420   96.54426  4.14%   249 1669s
 186139 74498 infeasible   28       100.71420   96.54434  4.14%   249 1670s
 186664 74979     cutoff   41       100.71420   96.54745  4.14%   249 1681s
 187909 75478   97.47510   31  118  100.71420   96.54983  4.13%   249 1692s
 189011 75857  100.50171   41   47  100.71420   96.55108  4.13%   249 1701s
 190010 76178   97.83978   42   62  100.71420   96.55604  4.13%   249 1710s
 190914 76459   98.83799   29  137  100.71420   96.55945  4.13%   249 1720s
 191805 76856   99.41064   35   71  100.71420   96.56464  4.12%   249 1729s
 192839 77079 infeasible   34       100.71420   96.56825  4.12%   249 1738s
 193695 77254 infeasible   37       100.71420   96.57423  4.11%   249 1752s
 194177 77553   98.54954   33  100  100.71420   96.57629  4.11%   249 1762s
 195098 77830   97.06823   34  124  100.71420   96.57981  4.11%   249 1774s
 196156 78088  100.31349   51   71  100.71420   96.58143  4.10%   249 1784s
 196581 78088   98.16828   34  203  100.71420   96.58240  4.10%   249 1785s
 196956 78425   97.13179   18  209  100.71420   96.58579  4.10%   249 1795s
 198024 78704   98.42451   32  125  100.71420   96.59141  4.09%   249 1806s
 199012 79044   96.68351   29  141  100.71420   96.59815  4.09%   249 1818s
 200046 79360   98.35671   48   74  100.71420   96.60273  4.08%   249 1829s
 200903 79632   98.51639   28   85  100.71420   96.60575  4.08%   249 1838s
 201738 79979   96.69721   28  305  100.71420   96.61471  4.07%   249 1850s
 202774 80352     cutoff   32       100.71420   96.61853  4.07%   249 1861s
 203698 80736   99.74321   29  132  100.71420   96.62289  4.06%   249 1873s
 204781 81094   99.98582   40  136  100.71420   96.62816  4.06%   249 1885s
 205836 81462   97.88090   40  110  100.71420   96.63455  4.05%   249 1895s
 206764 81680   96.69217   29  227  100.71420   96.63765  4.05%   249 1911s
 207330 81933   98.42120   27  150  100.71420   96.63878  4.05%   249 1920s
 208116 82191   97.52139   34  123  100.71420   96.64275  4.04%   249 1930s
 208950 82490     cutoff   30       100.71420   96.65136  4.03%   249 1940s
 209836 82749   98.33515   31  173  100.71420   96.65600  4.03%   249 1949s
 210627 83120   98.72891   40   68  100.71420   96.66209  4.02%   249 1959s
 211588 83418   97.60636   24  122  100.71420   96.66630  4.02%   249 1969s
 212494 83728 infeasible   30       100.71420   96.67105  4.01%   249 1980s
 213420 84008   98.22168   30  104  100.71420   96.67683  4.01%   249 1990s
 214250 84331   98.59564   27  212  100.71420   96.68203  4.00%   249 2001s
 215316 84730   99.33641   41  154  100.71420   96.68780  4.00%   249 2013s
 216316 85148     cutoff   25       100.71420   96.69083  3.99%   249 2024s
 217244 85697   98.29029   35   86  100.71420   96.69392  3.99%   249 2040s
 218673 86114   98.51214   40   60  100.71420   96.69458  3.99%   249 2051s
 219739 86468   98.77316   30  100  100.71420   96.69770  3.99%   249 2063s
 220687 86768   96.93135   28  133  100.71420   96.70258  3.98%   249 2074s
 221580 87039   99.89952   43  116  100.71420   96.70258  3.98%   249 2085s
 222536 87402 infeasible   49       100.71420   96.70796  3.98%   249 2096s
 223496 87720   98.95692   25   78  100.71420   96.71350  3.97%   249 2105s
 224295 87995     cutoff   29       100.71420   96.71850  3.97%   249 2116s
 225168 88320   97.96409   37  195  100.71420   96.72232  3.96%   249 2127s
 226125 88606   99.58529   35   78  100.71420   96.72703  3.96%   249 2138s
 226986 89008   96.88872   25  143  100.71420   96.73067  3.96%   249 2152s
 228183 89357   98.76989   49  131  100.71420   96.73510  3.95%   249 2163s
 229016 89625   98.23456   39   97  100.71420   96.74076  3.95%   249 2174s
 229840 89861     cutoff   32       100.71420   96.74263  3.94%   250 2184s
 230584 90245     cutoff   26       100.71420   96.74888  3.94%   250 2197s
 231696 90615     cutoff   30       100.71420   96.75455  3.93%   250 2210s
 232816 90984   99.73990   31   87  100.71420   96.76134  3.92%   250 2225s
 233978 91118   99.23058   30  140  100.71420   96.76499  3.92%   250 2238s
 234484 91466 infeasible   30       100.71420   96.76499  3.92%   250 2250s
 235355 91865   98.50910   40  191  100.71420   96.77138  3.91%   250 2264s
 235661 91865   98.26234   35  197  100.71420   96.77179  3.91%   250 2265s
 236531 92289  100.67112   39  123  100.71420   96.77747  3.91%   250 2279s
 237674 92802   97.79594   32  126  100.71420   96.78436  3.90%   250 2295s
 238869 93218   99.55905   41  124  100.71420   96.78591  3.90%   250 2308s
 239811 93761     cutoff   35       100.71420   96.78591  3.90%   250 2323s
 240943 94245   98.30976   30  107  100.71420   96.78591  3.90%   250 2337s
 242089 94695   99.53268   36  118  100.71420   96.78591  3.90%   250 2352s
 243253 95042   99.58306   42   72  100.71420   96.78591  3.90%   250 2365s
 244286 95320   99.58558   37   68  100.71420   96.79070  3.90%   250 2377s
 245181 95684   98.74375   55   60  100.71420   96.79577  3.89%   250 2390s
 246177 95942   97.87264   26  170  100.71420   96.79915  3.89%   250 2401s
 247015 96128   99.23111   43   94  100.71420   96.80474  3.88%   250 2413s
 247904 96426   96.92956   24  176  100.71420   96.81003  3.88%   250 2427s
 248690 96823 infeasible   27       100.71420   96.81237  3.87%   250 2440s
 249782 97143   97.58844   24  129  100.71420   96.81845  3.87%   250 2452s
 250702 97511   97.08743   24  202  100.71420   96.82220  3.86%   250 2466s
 251792 97966   98.43529   37  195  100.71420   96.82793  3.86%   250 2484s
 253056 98313   97.54503   24  164  100.71420   96.82793  3.86%   250 2500s
 254214 98556   96.98864   35  156  100.71420   96.82793  3.86%   251 2512s
 254926 99159     cutoff   46       100.71420   96.82793  3.86%   251 2534s
 256546 99635 infeasible   31       100.71420   96.82793  3.86%   251 2553s
 257940 99995   97.64547   34  135  100.71420   96.83035  3.86%   251 2568s
 258996 100237   98.94129   35  192  100.71420   96.83580  3.85%   251 2584s
 259912 100520   97.49494   40  129  100.71420   96.83734  3.85%   251 2602s
 260874 100867   97.47431   30   96  100.71420   96.84066  3.85%   251 2616s
 261981 101281   98.72891   37   52  100.71420   96.84420  3.84%   251 2633s
 263188 101525   98.08252   40  104  100.71420   96.84885  3.84%   251 2644s
 263975 101804   98.38380   33   91  100.71420   96.85240  3.83%   251 2659s
 265006 102248   97.29828   26  181  100.71420   96.85737  3.83%   251 2676s
 266261 102602   98.25248   35  120  100.71420   96.86411  3.82%   251 2691s
 267411 102922   98.65488   34  111  100.71420   96.86751  3.82%   251 2705s
 268390 103336   99.61654   29  115  100.71420   96.87139  3.82%   251 2719s
 269564 103588   97.07144   29  139  100.71420   96.87490  3.81%   251 2729s
 270257 103916   97.94365   27  178  100.71420   96.87678  3.81%   251 2744s
 270498 103916   97.74113   33   83  100.71420   96.87679  3.81%   251 2745s
 271332 104203     cutoff   31       100.71420   96.88312  3.80%   251 2759s
 272438 104578   97.78256   34  132  100.71420   96.88680  3.80%   251 2772s
 273496 104846   98.75916   33   98  100.71420   96.89085  3.80%   251 2784s
 274276 105179   98.25684   33  101  100.71420   96.89354  3.79%   251 2796s
 275129 105529   98.72891   28  115  100.71420   96.89857  3.79%   251 2812s
 276277 105946   97.31232   29  115  100.71420   96.90112  3.79%   251 2828s
 277387 106297   99.80416   31  114  100.71420   96.90710  3.78%   251 2839s
 278199 106404   99.63195   25  167  100.71420   96.90710  3.78%   252 2850s
H278426 102648                     100.3983600   96.90710  3.48%   252 2851s
 278481 102802   98.96911   32  124  100.39836   96.90710  3.48%   252 2858s
 278968 102951   99.80416   33   85  100.39836   96.90710  3.48%   252 2873s
 279469 103325   97.70252   36  149  100.39836   96.90710  3.48%   253 2892s
 280642 103782   98.53634   32  139  100.39836   96.90933  3.48%   253 2909s
 281021 103782   97.51806   28   81  100.39836   96.91041  3.47%   253 2910s
 282019 104206   97.95959   30  132  100.39836   96.91970  3.46%   253 2927s
 283131 104570   98.37027   32  134  100.39836   96.92421  3.46%   253 2942s
 284268 104776   97.11219   22  231  100.39836   96.92873  3.46%   253 2954s
 285090 105022   97.70092   36  108  100.39836   96.93261  3.45%   253 2968s
 286021 105277     cutoff   34       100.39836   96.93579  3.45%   253 2981s
 286938 105627   98.94461   42  129  100.39836   96.93827  3.45%   253 2996s
 288002 106071   97.89547   35   70  100.39836   96.94412  3.44%   253 3016s
 289317 106445     cutoff   27       100.39836   96.94918  3.44%   253 3033s
 290613 106787   97.44406   24  130  100.39836   96.95135  3.43%   253 3051s
 291731 107153     cutoff   28       100.39836   96.95135  3.43%   253 3067s
 292936 107471   98.08252   32   78  100.39836   96.95135  3.43%   253 3083s
 293965 107838   96.96619   29  214  100.39836   96.95135  3.43%   254 3101s
 295095 108277   98.08252   33   90  100.39836   96.95135  3.43%   254 3122s
 296498 108741   96.95135   35  113  100.39836   96.95135  3.43%   254 3143s
 297925 109220   98.24816   33  119  100.39836   96.95135  3.43%   254 3161s
 299236 109486   97.75933   31   62  100.39836   96.95135  3.43%   254 3175s
 300073 109915   98.51176   32  112  100.39836   96.95135  3.43%   254 3194s
 300670 109915   97.14468   29  164  100.39836   96.95135  3.43%   254 3195s
 301251 110158   97.47923   34   96  100.39836   96.95162  3.43%   254 3208s
 302129 110581   99.37529   33  134  100.39836   96.95751  3.43%   254 3227s
 303428 111030   97.47326   28  153  100.39836   96.96019  3.42%   254 3246s
 304757 111422   98.80415   27  143  100.39836   96.96353  3.42%   254 3261s
 305851 111842     cutoff   32       100.39836   96.96927  3.42%   254 3279s
 307103 112263 infeasible   46       100.39836   96.97313  3.41%   254 3294s
 307258 112263   98.40485   37  136  100.39836   96.97313  3.41%   254 3295s
 308327 112694   97.66415   37  106  100.39836   96.97536  3.41%   254 3311s
 309583 112978   98.60548   37   76  100.39836   96.97930  3.41%   254 3325s
 310610 113388   99.68026   35  101  100.39836   96.98161  3.40%   254 3345s
 311903 113809   97.89572   30  112  100.39836   96.98455  3.40%   254 3362s
 313050 114005   97.49019   31  121  100.39836   96.98759  3.40%   254 3376s
 313906 114184  100.28582   44   60  100.39836   96.98953  3.40%   254 3387s
 314680 114400   98.22847   24  118  100.39836   96.99309  3.39%   254 3409s
 315461 115043   97.15912   36   82  100.39836   96.99752  3.39%   254 3431s
 316896 115718   97.41991   19  183  100.39836   96.99752  3.39%   255 3454s
 318395 116400   97.26472   30  165  100.39836   96.99752  3.39%   255 3477s
 319997 116808   97.67246   27  152  100.39836   96.99752  3.39%   255 3498s
 321420 117237  100.37009   32  143  100.39836   97.00142  3.38%   255 3515s
 322637 117749   99.47553   25  247  100.39836   97.00451  3.38%   256 3537s
 324040 118169   97.17063   38  257  100.39836   97.00542  3.38%   256 3556s
 325382 118851   98.77316   36  103  100.39836   97.01034  3.37%   256 3581s
 327338 119356   97.14202   32  162  100.39836   97.01392  3.37%   256 3600s

Cutting planes:
  Learned: 364
  Gomory: 28
  Lift-and-project: 44
  Cover: 7881
  Implied bound: 2039
  Projected implied bound: 47
  Clique: 383
  MIR: 496
  StrongCG: 273
  Flow cover: 2639
  GUB cover: 4
  Inf proof: 455
  Zero half: 182
  RLT: 483
  Relax-and-lift: 793

Explored 328823 nodes (84174134 simplex iterations) in 3600.57 seconds (4019.70 work units)
Thread count was 8 (of 24 available processors)

Solution count 10: 100.398 100.398 100.714 ... 103.056

Time limit reached
Best objective 1.003983600000e+02, best bound 9.701635336879e+01, gap 3.3686%
