
Gurobi 10.0.0 (win64) logging started Sat Jan 20 03:52:21 2024

Set parameter LogFile to value "C:/Users\Administrator\Documents\BNC_Repo\BNC_Tests\10_MIP_Results\n20m2\Instance_Class2_Parts20_Machines2_Instance3_logfileChe2021.txt"
Gurobi Optimizer version 10.0.0 build v10.0.0rc2 (win64)

CPU model: AMD EPYC 7513 32-Core Processor, instruction set [SSE2|AVX|AVX2]
Thread count: 24 physical cores, 24 logical processors, using up to 8 threads

Optimize a model with 14158 rows, 2601 columns and 68854 nonzeros
Model fingerprint: 0xa24723de
Variable types: 921 continuous, 1680 integer (1680 binary)
Coefficient statistics:
  Matrix range     [4e-06, 5e+02]
  Objective range  [1e+00, 1e+00]
  Bounds range     [1e+00, 1e+00]
  RHS range        [1e+00, 8e+02]
Presolve removed 4097 rows and 861 columns
Presolve time: 0.20s
Presolved: 10061 rows, 1740 columns, 70160 nonzeros
Variable types: 80 continuous, 1660 integer (1620 binary)
Found heuristic solution: objective 345.1264000
Root relaxation presolved: 10061 rows, 1740 columns, 70160 nonzeros

Extra simplex iterations after uncrush: 1

Use crossover to convert LP symmetric solution to basic solution...

Root relaxation: objective 4.540639e+01, 10814 iterations, 1.11 seconds (1.76 work units)

    Nodes    |    Current Node    |     Objective Bounds      |     Work
 Expl Unexpl |  Obj  Depth IntInf | Incumbent    BestBd   Gap | It/Node Time

     0     0   45.40639    0  145  345.12640   45.40639  86.8%     -    1s
H    0     0                     219.5719400   45.40639  79.3%     -    1s
H    0     0                     212.1719400   45.40639  78.6%     -    1s
     0     0   45.42788    0  200  212.17194   45.42788  78.6%     -    2s
H    0     0                     173.6321400   45.42788  73.8%     -    2s
H    0     0                     108.2474600   45.42788  58.0%     -    2s
     0     0   45.52185    0  562  108.24746   45.52185  57.9%     -    2s
     0     0   45.52185    0  561  108.24746   45.52185  57.9%     -    2s
     0     0   45.65449    0  315  108.24746   45.65449  57.8%     -    3s
H    0     0                      77.8115489   45.76167  41.2%     -    4s
     0     0   45.76167    0  447   77.81155   45.76167  41.2%     -    4s
H    0     0                      72.3420000   45.77936  36.7%     -    4s
H    0     0                      68.6005400   45.77936  33.3%     -    4s
H    0     0                      67.5014200   45.80272  32.1%     -    4s
     0     0   45.80272    0  376   67.50142   45.80272  32.1%     -    4s
     0     0   45.80272    0  380   67.50142   45.80272  32.1%     -    5s
     0     0   45.85785    0  410   67.50142   45.85785  32.1%     -    5s
     0     0   45.85785    0  343   67.50142   45.85785  32.1%     -    6s
H    0     0                      53.6060600   45.85785  14.5%     -    8s
H    0     0                      52.8292000   45.85785  13.2%     -    8s
H    0     2                      52.8292000   45.85785  13.2%     -    8s
     0     2   45.85785    0  330   52.82920   45.85785  13.2%     -    8s
     7    16   47.26951    3  319   52.82920   46.56583  11.9%  1304   10s
H   36    40                      52.8292000   46.91856  11.2%   845   10s
H   76    77                      52.6686200   46.91856  10.9%   585   11s
H  118   115                      52.2267000   46.91856  10.2%   445   12s
H  163   151                      52.1694200   46.91856  10.1%   345   12s
H  212   178                      51.7176400   46.91856  9.28%   271   13s
H  283   224                      51.1856200   46.91856  8.34%   245   14s
   368   315   48.96976   25   61   51.18562   46.91856  8.34%   222   15s
H  395   315                      50.7569600   46.91856  7.56%   212   15s
H  396   315                      50.6141400   46.91856  7.30%   212   15s
H  588   458                      50.4134200   46.91856  6.93%   174   17s
H  714   483                      50.3595400   47.11830  6.44%   151   18s
H  727   479                      50.2601000   47.11867  6.25%   153   18s
   780   536   47.43488    5   99   50.26010   47.19481  6.10%   158   22s
  1328   932   47.19481    9   66   50.26010   47.19481  6.10%   128   25s
H 1340   903                      49.9581400   47.19481  5.53%   127   25s
H 1364   872                      49.5965400   47.19481  4.84%   126   25s
  1488   941   47.24393   16  343   49.59654   47.19481  4.84%   121   30s
  1495   946   49.05464   22  344   49.59654   47.19481  4.84%   121   35s
  1501   950   47.49906   25  360   49.59654   47.19481  4.84%   120   40s
  1505   952   47.94486   11  383   49.59654   47.19481  4.84%   120   45s
  1530   974   47.83500   17   86   49.59654   47.19481  4.84%   150   50s
H 1616   976                      49.4537200   47.19481  4.57%   154   51s
H 1713   955                      49.4460200   47.19481  4.55%   150   53s
H 1715   911                      49.1351400   47.19481  3.95%   150   53s
  1931   910   47.86210   20   63   49.13514   47.19481  3.95%   148   55s
  3064   937   47.83500   26   73   49.13514   47.21320  3.91%   139   60s
  3895   905   48.91869   27  135   49.13514   47.27439  3.79%   144   65s
  4705  1063   47.43488   26   87   49.13514   47.32265  3.69%   142   70s
H 4711  1025                      49.0901400   47.32265  3.60%   142   70s
  5936  1359   47.35486   48   51   49.09014   47.35486  3.53%   129   75s
H 5962  1356                      49.0727800   47.35486  3.50%   129   75s
H 7268  1312                      48.9281400   47.35486  3.22%   119   80s
  8610  1960     cutoff   42        48.92814   47.43206  3.06%   117   85s
 10221  2694   47.63024   29  125   48.92814   47.43206  3.06%   118   90s
 12948  3262   48.67617   35   63   48.92814   47.43488  3.05%   113   98s
 14365  3435   47.43488   49   52   48.92814   47.43488  3.05%   108  102s
 16001  3684   48.69644   39   53   48.92814   47.43488  3.05%   107  106s
 17259  3914   48.61642   40   42   48.92814   47.43488  3.05%   107  110s
 19766  4340   47.72172   34  192   48.92814   47.43488  3.05%   106  118s
 20951  4404   48.49409   38   80   48.92814   47.43488  3.05%   106  122s
H21041  4404                      48.9281400   47.43488  3.05%   106  122s
 21249  4661   48.69644   42   47   48.92814   47.43488  3.05%   106  126s
 22619  4979 infeasible   40        48.92814   47.43488  3.05%   106  130s
 25868  5595   48.66255   34   71   48.92814   47.43488  3.05%   104  138s
 27071  5853     cutoff   35        48.92814   47.43488  3.05%   104  143s
 28256  6054 infeasible   31        48.92814   47.43488  3.05%   104  146s
 29204  6365   48.13907   43   86   48.92814   47.43488  3.05%   105  150s
 31453  6930   48.55588   40   38   48.92814   47.43488  3.05%   104  157s
 32558  7191   48.85649   39   53   48.92814   47.43488  3.05%   104  161s
 34405  7856 infeasible   55        48.92814   47.43488  3.05%   105  169s
 36087  7936     cutoff   54        48.92814   47.43488  3.05%   104  174s
 37458  8165 infeasible   53        48.92814   47.43488  3.05%   106  179s
 38653  8485   47.43488   27   84   48.92814   47.43488  3.05%   107  184s
 40177  8998   47.59493   31   66   48.92814   47.43488  3.05%   108  190s
 41598  9268     cutoff   37        48.92814   47.43488  3.05%   108  196s
 43343  9407   47.71262   51   86   48.92814   47.43488  3.05%   109  201s
 44346  9627     cutoff   46        48.92814   47.43488  3.05%   111  205s
 45655  9749   48.13932   55   91   48.92814   47.43488  3.05%   112  210s
 47320  9851   48.62113   44   87   48.92814   47.43488  3.05%   114  215s
 47758 10131   47.67589   42   79   48.92814   47.43488  3.05%   114  221s
 49401 10404     cutoff   48        48.92814   47.43488  3.05%   116  228s
 50881 10548   48.04339   50  154   48.92814   47.43488  3.05%   118  233s
 52024 10850   48.28048   43  140   48.92814   47.43488  3.05%   119  240s
 53430 11037   48.13028   30  165   48.92814   47.43488  3.05%   120  247s
 54786 11181   47.73839   39  116   48.92814   47.43488  3.05%   122  253s
 55894 11382   47.43488   31   77   48.92814   47.43488  3.05%   123  260s
 57088 11581   47.43488   39   73   48.92814   47.43488  3.05%   124  267s
 58414 11791   48.37452   34   86   48.92814   47.43488  3.05%   126  274s
 59699 11975     cutoff   46        48.92814   47.43488  3.05%   127  281s
 60860 12336   47.43488   36   82   48.92814   47.43488  3.05%   128  289s
 62273 12470 infeasible   41        48.92814   47.43488  3.05%   129  294s
 62970 12743   47.43497   34  103   48.92814   47.43488  3.05%   129  303s
 64512 13248   48.28171   40   57   48.92814   47.43488  3.05%   131  313s
 66370 13585   47.43488   41   66   48.92814   47.43488  3.05%   131  324s
 68315 13646   48.23964   47   89   48.92814   47.43488  3.05%   132  332s
 69844 13929     cutoff   40        48.92814   47.43488  3.05%   133  340s
 71076 14161   47.43488   29   73   48.92814   47.43488  3.05%   133  347s
 72371 14372   47.43488   37   75   48.92814   47.43488  3.05%   134  355s
 73531 14707   48.12586   39  129   48.92814   47.43488  3.05%   135  364s
H74646 14705                      48.9242800   47.43488  3.04%   135  364s
 74805 14778   48.20541   37   76   48.92428   47.43488  3.04%   135  370s
 75200 15065   48.25951   37   81   48.92428   47.43488  3.04%   136  377s
 76321 15625   47.43488   29   73   48.92428   47.43488  3.04%   136  387s
 78037 15835   48.78978   47   70   48.92428   47.43488  3.04%   136  396s
 79245 16062   48.17477   50   76   48.92428   47.43488  3.04%   136  404s
 80474 16174   47.43825   39   90   48.92428   47.43488  3.04%   137  412s
 81744 16337     cutoff   43        48.92428   47.43488  3.04%   137  421s
 82897 16511   48.14855   44  106   48.92428   47.43488  3.04%   138  429s
 84057 16511   48.22153   36  151   48.92428   47.43488  3.04%   139  430s
 84237 16587     cutoff   46        48.92428   47.43488  3.04%   139  437s
 85240 16772   48.26120   42  122   48.92428   47.43488  3.04%   140  447s
 86468 16875   47.43488   46   60   48.92428   47.43488  3.04%   141  456s
 87640 16983   47.43762   36  146   48.92428   47.43488  3.04%   142  463s
 88650 17269   47.93921   30  110   48.92428   47.43488  3.04%   143  474s
 90119 17403     cutoff   49        48.92428   47.43488  3.04%   144  485s
 91592 17450   47.43488   42   72   48.92428   47.43488  3.04%   145  494s
 92791 17493   48.54369   53   70   48.92428   47.43488  3.04%   146  500s
 93456 17697   48.15116   42  104   48.92428   47.43488  3.04%   147  513s
 95307 17909   48.92197   48   73   48.92428   47.43488  3.04%   148  521s
 96580 18250     cutoff   34        48.92428   47.43488  3.04%   148  531s
 98203 18456   47.66384   41  107   48.92428   47.43488  3.04%   149  539s
 99571 18646   47.43488   33   87   48.92428   47.43488  3.04%   149  549s
 100808 18848   47.43488   35   71   48.92428   47.43488  3.04%   150  559s
 102236 19056     cutoff   52        48.92428   47.43488  3.04%   151  567s
 103435 19291   48.23841   40   86   48.92428   47.43488  3.04%   151  576s
 104591 19549   48.49472   32   97   48.92428   47.43488  3.04%   152  585s
 105752 19795 infeasible   35        48.92428   47.43488  3.04%   152  594s
 107007 20168   48.28171   33  100   48.92428   47.43488  3.04%   153  604s
 108111 20168     cutoff   33        48.92428   47.43488  3.04%   153  605s
 108795 20428   48.29315   47  125   48.92428   47.43488  3.04%   153  611s
 109946 20841   48.47524   38   98   48.92428   47.43488  3.04%   153  619s
 111402 21114   48.65463   33   57   48.92428   47.43488  3.04%   153  627s
 112762 21346   48.28171   40   68   48.92428   47.43488  3.04%   153  634s
 114009 21487 infeasible   51        48.92428   47.43488  3.04%   153  640s
 114902 21691   47.73640   33  157   48.92428   47.43488  3.04%   154  647s
 115833 21934     cutoff   38        48.92428   47.43488  3.04%   154  654s
 116789 22156   47.59493   29   78   48.92428   47.43488  3.04%   154  662s
 117834 22308   48.37634   33  101   48.92428   47.43488  3.04%   155  671s
 118728 22585   47.46518   42   81   48.92428   47.43488  3.04%   155  680s
 119766 22872   48.12293   41   58   48.92428   47.43488  3.04%   155  690s
 121033 23018   48.33464   39   52   48.92428   47.43488  3.04%   156  699s
 121976 23191     cutoff   41        48.92428   47.43488  3.04%   156  709s
 123230 23254   48.41448   35   49   48.92428   47.43488  3.04%   157  715s
 123588 23887   48.12293   34   83   48.92428   47.43488  3.04%   157  737s
 126395 24125   48.12293   35   63   48.92428   47.43488  3.04%   157  750s
 127693 24254   48.80314   31   73   48.92428   47.43488  3.04%   158  762s
 128983 24463     cutoff   53        48.92428   47.43488  3.04%   158  774s
 130451 24676   48.17866   37  109   48.92428   47.43488  3.04%   159  786s
 131773 24859   48.40521   40   58   48.92428   47.43488  3.04%   159  797s
 133091 25159   47.43488   42   87   48.92428   47.43488  3.04%   160  811s
 134696 25512   48.22326   36  111   48.92428   47.43488  3.04%   160  823s
 136232 25884   48.28759   39   86   48.92428   47.43488  3.04%   160  835s
 137717 26034   48.12293   37   69   48.92428   47.43488  3.04%   161  842s
 138376 26400   48.12293   40   91   48.92428   47.43488  3.04%   161  855s
 139848 26702 infeasible   31        48.92428   47.43488  3.04%   161  867s
 141177 26985     cutoff   45        48.92428   47.43488  3.04%   162  879s
 142548 27255   48.12293   38   96   48.92428   47.43488  3.04%   162  890s
 143898 27452     cutoff   41        48.92428   47.43488  3.04%   162  900s
 145187 27525   48.77204   39   37   48.92428   47.43488  3.04%   162  909s
 146190 27696   47.76126   42   77   48.92428   47.43488  3.04%   162  919s
 147256 27678   48.40521   46   79   48.92428   47.43488  3.04%   162  927s
 148002 27619   48.48926   45  138   48.92428   47.43488  3.04%   163  933s
 148738 27611   48.21366   42   93   48.92428   47.44097  3.03%   163  940s
 149467 27561     cutoff   35        48.92428   47.44520  3.02%   163  947s
 150320 27512     cutoff   42        48.92428   47.45292  3.01%   163  955s
 151397 27526   48.43126   30  100   48.92428   47.46058  2.99%   163  963s
 152223 27501   48.78338   38   96   48.92428   47.46810  2.98%   164  969s
 152951 27451 infeasible   37        48.92428   47.47267  2.97%   164  976s
 153767 27373     cutoff   34        48.92428   47.48093  2.95%   164  983s
 154702 27284   48.09390   40   88   48.92428   47.48633  2.94%   164  992s
 155593 27182   48.75515   35  111   48.92428   47.49394  2.92%   164  999s
 156466 27240   48.87708   52   20   48.92428   47.50292  2.91%   164 1008s
 157460 27317     cutoff   46        48.92428   47.50856  2.89%   164 1021s
 159019 27338   48.53123   40   67   48.92428   47.51215  2.89%   163 1028s
 159911 27297   48.20963   27   60   48.92428   47.51799  2.87%   163 1036s
 160879 27221   48.67694   37   68   48.92428   47.52317  2.86%   163 1042s
 161554 27343     cutoff   45        48.92428   47.53401  2.84%   163 1049s
 162268 27299   47.70936   40  244   48.92428   47.53717  2.84%   163 1057s
 163207 27380   48.22623   34   79   48.92428   47.54380  2.82%   163 1064s
 163774 27440   47.59747   24  115   48.92428   47.54858  2.81%   163 1071s
 164395 27423   48.37634   30   74   48.92428   47.54974  2.81%   164 1078s
 165125 27519   48.37634   34   96   48.92428   47.55745  2.79%   164 1087s
 166209 27471 infeasible   48        48.92428   47.56426  2.78%   164 1094s
 167111 27487     cutoff   44        48.92428   47.57068  2.77%   164 1102s
 168022 27450   48.37634   50   40   48.92428   47.58070  2.75%   164 1109s
H168095 27450                      48.9242800   47.58070  2.75%   164 1109s
 168614 27602   48.06492   42   76   48.92428   47.59126  2.72%   164 1123s
 170152 27674   48.53639   35   45   48.92428   47.59493  2.72%   164 1135s
 171304 27912   48.59846   33   66   48.92428   47.59493  2.72%   164 1153s
 172812 28217   47.92500   32  125   48.92428   47.59493  2.72%   164 1171s
*173910 23684              82      48.5533600   47.59493  1.97%   163 1171s
 174554 23565     cutoff   47        48.55336   47.59493  1.97%   163 1189s
 176262 23610 infeasible   59        48.55336   47.59493  1.97%   163 1211s
 178211 23596   48.48786   32   68   48.55336   47.59493  1.97%   162 1224s
*179130 23158              61      48.5351400   47.59493  1.94%   162 1224s
 179299 23292   47.83500   28   50   48.53514   47.59493  1.94%   162 1243s
 181177 23351   48.39243   37  138   48.53514   47.59493  1.94%   161 1257s
H182311 23441                      48.5351400   47.59493  1.94%   161 1270s
 183470 23578 infeasible   30        48.53514   47.59493  1.94%   161 1279s
 184110 23902   48.49469   38   37   48.53514   47.59493  1.94%   161 1297s
 186054 24393   47.86210   21   82   48.53514   47.59493  1.94%   160 1311s
 187612 24572   48.22185   32   94   48.53514   47.59493  1.94%   160 1321s
 188564 24693   48.36345   32  111   48.53514   47.59493  1.94%   160 1328s
 189106 24817   48.22185   25   89   48.53514   47.59747  1.93%   160 1334s
 189631 24858   48.22185   26   91   48.53514   47.59747  1.93%   160 1340s
 190121 24968   47.83631   25  112   48.53514   47.59747  1.93%   160 1347s
 190572 25063     cutoff   28        48.53514   47.59747  1.93%   161 1355s
 191214 25114     cutoff   33        48.53514   47.59747  1.93%   161 1362s
 191825 25156   47.65039   25  112   48.53514   47.59747  1.93%   162 1369s
 192367 25163   48.28935   30  126   48.53514   47.59747  1.93%   162 1375s
 192823 25074   48.21804   24   97   48.53514   47.59766  1.93%   162 1384s
 193740 24930     cutoff   27        48.53514   47.60840  1.91%   162 1393s
 194591 24738 infeasible   48        48.53514   47.61486  1.90%   163 1400s
 195402 24578     cutoff   26        48.53514   47.62221  1.88%   163 1407s
 196132 24549 infeasible   37        48.53514   47.63394  1.86%   163 1422s
 196502 24445   47.79816   21  114   48.53514   47.63762  1.85%   163 1429s
 197388 24145   48.28105   28  119   48.53514   47.65082  1.82%   164 1436s
 198183 23843   48.47587   34  131   48.53514   47.67408  1.77%   164 1443s
 198954 23769   48.34581   35   99   48.53514   47.70286  1.71%   164 1450s
 199489 23737 infeasible   41        48.53514   47.70332  1.71%   165 1457s
 200046 23592     cutoff   32        48.53514   47.70332  1.71%   166 1467s
 200977 23306   47.87023   35  127   48.53514   47.70332  1.71%   166 1474s
 201869 22969     cutoff   32        48.53514   47.75244  1.61%   167 1482s
 202831 22898     cutoff   34        48.53514   47.79897  1.52%   167 1492s
 203844 23229   47.90472   37   88   48.53514   47.83427  1.44%   167 1513s
 206368 23343   47.90472   39   49   48.53514   47.83500  1.44%   166 1526s
 207619 23555   48.46038   48   54   48.53514   47.83500  1.44%   166 1542s
 209545 23647 infeasible   36        48.53514   47.83500  1.44%   166 1555s
 210944 23664     cutoff   36        48.53514   47.83500  1.44%   166 1569s
 212467 23777     cutoff   39        48.53514   47.83500  1.44%   166 1582s
 213961 23841 infeasible   39        48.53514   47.83500  1.44%   166 1594s
 215356 23882 infeasible   53        48.53514   47.83500  1.44%   165 1606s
 216660 23931   47.83500   47   65   48.53514   47.83500  1.44%   165 1619s
 218093 23931 infeasible   48        48.53514   47.83500  1.44%   165 1632s
 219323 23896     cutoff   41        48.53514   47.83500  1.44%   165 1644s
 220314 23988     cutoff   52        48.53514   47.83500  1.44%   165 1658s
 221806 24035   47.83500   41   83   48.53514   47.83500  1.44%   165 1670s
 223004 24076   48.04994   44   87   48.53514   47.83500  1.44%   165 1682s
 224286 24185 infeasible   42        48.53514   47.83500  1.44%   166 1696s
 225813 24248     cutoff   42        48.53514   47.83500  1.44%   166 1713s
 227867 24246 infeasible   34        48.53514   47.83500  1.44%   165 1727s
 229142 24392 infeasible   50        48.53514   47.83500  1.44%   165 1743s
 230783 24451     cutoff   47        48.53514   47.83500  1.44%   165 1757s
 232275 24439 infeasible   49        48.53514   47.83500  1.44%   165 1773s
 232409 24360 infeasible   44        48.53514   47.83500  1.44%   165 1787s
 233746 24427   47.83500   48   63   48.53514   47.83500  1.44%   165 1802s
 235507 24575   47.94866   37   74   48.53514   47.83500  1.44%   165 1821s
 237718 24686   47.83500   43   57   48.53514   47.83500  1.44%   164 1838s
 239837 24727   47.93748   48   87   48.53514   47.83500  1.44%   164 1851s
 241296 24759     cutoff   55        48.53514   47.83500  1.44%   164 1863s
 242681 24750   48.01742   50   47   48.53514   47.83500  1.44%   163 1875s
 244023 24734   47.89500   38   79   48.53514   47.83500  1.44%   163 1886s
 245120 24781   47.83500   40   80   48.53514   47.83500  1.44%   163 1898s
 246285 24864   47.83500   42   35   48.53514   47.83500  1.44%   163 1910s
 247381 24860     cutoff   41        48.53514   47.83500  1.44%   163 1921s
 248476 24886     cutoff   48        48.53514   47.83500  1.44%   163 1933s
 249602 24894   47.93496   54   41   48.53514   47.83500  1.44%   163 1946s
 250773 24930   48.07695   38   81   48.53514   47.83500  1.44%   163 1959s
 252099 24950     cutoff   44        48.53514   47.83500  1.44%   163 1973s
 253451 25014     cutoff   38        48.53514   47.83500  1.44%   163 1988s
 255172 25227     cutoff   38        48.53514   47.83500  1.44%   162 2002s
 256591 25383   47.83500   34  117   48.53514   47.83500  1.44%   162 2017s
 258139 25443   47.86807   52  110   48.53514   47.83500  1.44%   162 2030s
 259402 25444   47.83500   57   59   48.53514   47.83500  1.44%   162 2042s
 260450 25594     cutoff   46        48.53514   47.83500  1.44%   161 2057s
 262025 25684     cutoff   45        48.53514   47.83500  1.44%   161 2072s
 263609 25772 infeasible   48        48.53514   47.83500  1.44%   161 2086s
 265158 25922   47.83500   46   46   48.53514   47.83500  1.44%   161 2100s
 266711 25894   47.84185   50   78   48.53514   47.83500  1.44%   160 2114s
 268146 26005     cutoff   51        48.53514   47.83500  1.44%   160 2127s
 269528 26067   48.25342   54   40   48.53514   47.83500  1.44%   160 2142s
 271248 26049 infeasible   54        48.53514   47.83500  1.44%   160 2155s
 272532 26034 infeasible   54        48.53514   47.83500  1.44%   160 2167s
 273744 26037 infeasible   51        48.53514   47.83500  1.44%   160 2181s
 275274 26057   47.88581   43   85   48.53514   47.83500  1.44%   159 2194s
 276618 26132     cutoff   46        48.53514   47.83500  1.44%   159 2206s
 277787 26208 infeasible   54        48.53514   47.83500  1.44%   159 2221s
 279319 26236     cutoff   37        48.53514   47.83500  1.44%   159 2235s
 280533 26276     cutoff   34        48.53514   47.83500  1.44%   159 2249s
 281900 26270   47.84172   44   89   48.53514   47.83500  1.44%   159 2262s
 283181 26331   47.92660   55   71   48.53514   47.83500  1.44%   159 2276s
 284655 26360     cutoff   36        48.53514   47.83500  1.44%   159 2290s
 286208 26383   47.94173   54   43   48.53514   47.83500  1.44%   159 2303s
 287385 26329     cutoff   49        48.53514   47.83500  1.44%   158 2316s
 288460 26336 infeasible   48        48.53514   47.83500  1.44%   158 2330s
 289601 26387     cutoff   53        48.53514   47.83500  1.44%   158 2344s
 290985 26397     cutoff   36        48.53514   47.83500  1.44%   158 2352s
 291352 26354     cutoff   55        48.53514   47.83500  1.44%   158 2367s
 292601 26419   47.83500   43   53   48.53514   47.83500  1.44%   158 2384s
 294224 26476     cutoff   44        48.53514   47.83500  1.44%   158 2399s
 295643 26570   47.87854   64   34   48.53514   47.83500  1.44%   158 2418s
 297847 26552   47.83500   45   47   48.53514   47.83500  1.44%   158 2433s
 299232 26576     cutoff   54        48.53514   47.83500  1.44%   158 2448s
 300507 26599 infeasible   36        48.53514   47.83500  1.44%   158 2464s
 301807 26724 infeasible   47        48.53514   47.83500  1.44%   158 2480s
 303279 26760   47.83500   42   70   48.53514   47.83500  1.44%   158 2495s
 304600 26824   47.83500   49   72   48.53514   47.83500  1.44%   158 2512s
 306041 26835   47.83500   24  105   48.53514   47.83500  1.44%   158 2530s
 307534 26919 infeasible   51        48.53514   47.83500  1.44%   158 2547s
 308842 27013   47.83500   46   59   48.53514   47.83500  1.44%   157 2562s
 310289 27063     cutoff   53        48.53514   47.83500  1.44%   157 2578s
 311590 27095   47.83500   39   80   48.53514   47.83500  1.44%   157 2595s
 313075 27149   47.83500   39   75   48.53514   47.83500  1.44%   157 2610s
 314281 27209   47.83500   35  107   48.53514   47.83500  1.44%   157 2625s
 315613 27197   48.44476   37   47   48.53514   47.83500  1.44%   157 2642s
 317113 27266 infeasible   40        48.53514   47.83500  1.44%   157 2660s
 318338 27370   47.83500   45   69   48.53514   47.83500  1.44%   157 2676s
 319773 27441     cutoff   32        48.53514   47.83500  1.44%   157 2691s
 321123 27530 infeasible   39        48.53514   47.83500  1.44%   157 2707s
 322443 27499   48.02018   36  102   48.53514   47.83500  1.44%   157 2722s
 323650 27487 infeasible   45        48.53514   47.83500  1.44%   157 2736s
 324946 27448 infeasible   51        48.53514   47.83500  1.44%   157 2750s
 325979 27471   47.83500   33   98   48.53514   47.83500  1.44%   157 2765s
 327246 27540   47.83500   39   96   48.53514   47.83500  1.44%   157 2782s
 328846 27636   48.52305   41   68   48.53514   47.83500  1.44%   157 2800s
 330492 27670   47.83500   42   68   48.53514   47.83500  1.44%   156 2815s
 331650 27669     cutoff   37        48.53514   47.83500  1.44%   156 2822s
 332231 27691     cutoff   32        48.53514   47.83500  1.44%   156 2837s
 333414 27711     cutoff   53        48.53514   47.83500  1.44%   156 2851s
 334489 27725     cutoff   43        48.53514   47.83500  1.44%   156 2868s
 335896 27757 infeasible   47        48.53514   47.83500  1.44%   156 2884s
 337355 27784   47.83500   51   84   48.53514   47.83500  1.44%   156 2902s
 338928 27832     cutoff   38        48.53514   47.83500  1.44%   156 2918s
 340105 27855 infeasible   52        48.53514   47.83500  1.44%   156 2935s
 341723 27921     cutoff   58        48.53514   47.83500  1.44%   156 2953s
 343193 27904     cutoff   38        48.53514   47.83500  1.44%   156 2968s
 344408 27940   47.83500   38   59   48.53514   47.83500  1.44%   156 2985s
 345838 27959   47.83500   41   55   48.53514   47.83500  1.44%   156 3002s
 347230 28001     cutoff   45        48.53514   47.83500  1.44%   156 3021s
 348861 27991     cutoff   47        48.53514   47.83500  1.44%   156 3036s
 349998 28012 infeasible   33        48.53514   47.83500  1.44%   156 3050s
 351227 28096   47.83500   33   99   48.53514   47.83500  1.44%   156 3062s
 352120 28143   47.83500   42  103   48.53514   47.83500  1.44%   156 3074s
 353167 28140   48.08578   33   63   48.53514   47.83500  1.44%   156 3089s
 354358 28147   48.37528   30   68   48.53514   47.83500  1.44%   157 3107s
 355808 28216     cutoff   46        48.53514   47.83500  1.44%   157 3127s
 357558 28240   47.83500   44   53   48.53514   47.83500  1.44%   157 3146s
 359297 28249   48.26046   39   39   48.53514   47.83500  1.44%   156 3165s
 360989 28252   47.90380   40   71   48.53514   47.83500  1.44%   156 3181s
 362587 28376   47.83500   29   64   48.53514   47.83500  1.44%   156 3199s
 364185 28359     cutoff   36        48.53514   47.83500  1.44%   156 3218s
 364386 28117 infeasible   37        48.53514   47.83500  1.44%   156 3298s
 367501 28117   47.83500   39   59   48.53514   47.83500  1.44%   156 3300s
 371535 28159   47.88160   40  153   48.53514   47.83500  1.44%   156 3317s
 372114 28167   47.83500   27   74   48.53514   47.83500  1.44%   156 3336s
 373801 28252   47.83500   43   88   48.53514   47.83500  1.44%   156 3356s
 375473 28266   47.83500   32   81   48.53514   47.83500  1.44%   156 3376s
 377292 28291     cutoff   41        48.53514   47.83500  1.44%   156 3395s
 378881 28339   47.84293   36   81   48.53514   47.83500  1.44%   156 3410s
 379990 28332     cutoff   35        48.53514   47.83500  1.44%   156 3426s
 381396 28378   47.83500   36   63   48.53514   47.83500  1.44%   156 3444s
 382971 28458   48.12735   45   62   48.53514   47.83500  1.44%   156 3460s
 384472 28405   47.85973   50   81   48.53514   47.83500  1.44%   156 3476s
 385595 28468   47.83500   46   53   48.53514   47.83500  1.44%   156 3493s
 387140 28579   47.83500   33   68   48.53514   47.83500  1.44%   156 3514s
 389047 28603 infeasible   42        48.53514   47.83500  1.44%   156 3533s
 390660 28627   48.37528   36   40   48.53514   47.83500  1.44%   156 3554s
 392197 28588 infeasible   43        48.53514   47.83500  1.44%   156 3570s
 393330 28615     cutoff   47        48.53514   47.83500  1.44%   156 3588s
 394938 28586     cutoff   35        48.53514   47.83500  1.44%   156 3600s

Cutting planes:
  Learned: 503
  Gomory: 43
  Lift-and-project: 3
  Cover: 9810
  Implied bound: 1075
  Projected implied bound: 11
  Clique: 45
  MIR: 239
  StrongCG: 45
  Flow cover: 2205
  GUB cover: 29
  Inf proof: 171
  Zero half: 29
  Network: 7
  RLT: 117
  Relax-and-lift: 124

Explored 395777 nodes (61684706 simplex iterations) in 3600.46 seconds (2800.26 work units)
Thread count was 8 (of 24 available processors)

Solution count 10: 48.5351 48.5351 48.5351 ... 49.0901

Time limit reached
Warning: max constraint violation (3.6752e-04) exceeds tolerance
Warning: max bound violation (3.6752e-04) exceeds tolerance
Best objective 4.853513999505e+01, best bound 4.783500239024e+01, gap 1.4425%
