
Gurobi 10.0.0 (win64) logging started Sat Jan 20 05:55:59 2024

Set parameter LogFile to value "C:/Users\Administrator\Documents\BNC_Repo\BNC_Tests\10_MIP_Results\n20m2\Instance_Class3_Parts20_Machines2_Instance1_logfileChe1021.txt"
Gurobi Optimizer version 10.0.0 build v10.0.0rc2 (win64)

CPU model: AMD EPYC 7513 32-Core Processor, instruction set [SSE2|AVX|AVX2]
Thread count: 24 physical cores, 24 logical processors, using up to 8 threads

Optimize a model with 14158 rows, 2601 columns and 68500 nonzeros
Model fingerprint: 0x4597187e
Variable types: 921 continuous, 1680 integer (1680 binary)
Coefficient statistics:
  Matrix range     [4e-06, 4e+02]
  Objective range  [1e+00, 1e+00]
  Bounds range     [1e+00, 1e+00]
  RHS range        [1e+00, 7e+02]
Presolve removed 6127 rows and 965 columns
Presolve time: 0.31s
Presolved: 8031 rows, 1636 columns, 52529 nonzeros
Variable types: 80 continuous, 1556 integer (1516 binary)
Root relaxation presolved: 8031 rows, 1636 columns, 52529 nonzeros


Use crossover to convert LP symmetric solution to basic solution...

Root relaxation: objective 8.863415e+01, 2049 iterations, 0.25 seconds (0.32 work units)

    Nodes    |    Current Node    |     Objective Bounds      |     Work
 Expl Unexpl |  Obj  Depth IntInf | Incumbent    BestBd   Gap | It/Node Time

     0     0   88.63415    0  165          -   88.63415      -     -    0s
H    0     0                     419.0038600   88.63415  78.8%     -    0s
     0     0   88.90753    0  411  419.00386   88.90753  78.8%     -    1s
H    0     0                     337.7858600   88.90753  73.7%     -    1s
H    0     0                     303.9968000   89.11629  70.7%     -    2s
H    0     0                     296.5168000   89.11629  69.9%     -    2s
H    0     0                     276.4811800   89.11629  67.8%     -    2s
     0     0   89.22647    0  373  276.48118   89.22647  67.7%     -    2s
     0     0   89.22647    0  449  276.48118   89.22647  67.7%     -    2s
     0     0   89.26490    0  258  276.48118   89.26490  67.7%     -    2s
H    0     0                     274.9076400   89.26490  67.5%     -    2s
     0     0   89.27625    0  248  274.90764   89.27625  67.5%     -    3s
     0     0   89.27625    0  355  274.90764   89.27625  67.5%     -    3s
H    0     0                     228.9013600   89.32317  61.0%     -    3s
H    0     0                     206.9804600   89.32317  56.8%     -    3s
     0     0   89.32317    0  394  206.98046   89.32317  56.8%     -    3s
     0     0   89.33231    0  377  206.98046   89.33231  56.8%     -    3s
H    0     0                     205.5635000   89.33231  56.5%     -    3s
     0     0   89.33231    0  385  205.56350   89.33231  56.5%     -    3s
     0     0   89.34913    0  383  205.56350   89.34913  56.5%     -    3s
H    0     0                     161.1703200   89.37207  44.5%     -    4s
H    0     0                     160.3808000   89.37207  44.3%     -    4s
H    0     0                     150.8784000   89.42198  40.7%     -    4s
H    0     0                     146.7727600   89.42198  39.1%     -    4s
H    0     0                     141.1502400   89.42198  36.6%     -    4s
H    0     0                     139.9084200   89.42198  36.1%     -    4s
H    0     0                     117.3675800   89.42198  23.8%     -    4s
     0     0   89.42198    0  284  117.36758   89.42198  23.8%     -    4s
     0     0   89.45562    0  282  117.36758   89.45562  23.8%     -    4s
     0     0   89.45752    0  330  117.36758   89.45752  23.8%     -    4s
     0     0   89.46068    0  329  117.36758   89.46068  23.8%     -    4s
     0     0   89.46068    0  341  117.36758   89.46068  23.8%     -    4s
H    0     0                     117.0185000   89.46199  23.5%     -    5s
H    0     0                     116.2129400   89.46199  23.0%     -    5s
H    0     0                     114.8311400   89.46199  22.1%     -    5s
H    0     0                     113.8536200   89.46199  21.4%     -    5s
     0     0   89.46199    0  232  113.85362   89.46199  21.4%     -    5s
     0     0   89.46256    0  345  113.85362   89.46256  21.4%     -    5s
     0     0   89.46502    0  335  113.85362   89.46502  21.4%     -    5s
     0     0   89.46564    0  336  113.85362   89.46564  21.4%     -    5s
     0     0   89.50859    0  443  113.85362   89.50859  21.4%     -    6s
     0     0   89.50859    0  358  113.85362   89.50859  21.4%     -    6s
H    0     0                     111.1471200   89.50859  19.5%     -    7s
     0     2   89.50859    0  331  111.14712   89.50859  19.5%     -    7s
    36    38   89.50971    7  432  111.14712   89.50859  19.5%   805   10s
H   65    66                     108.1278600   89.50859  17.2%   684   11s
H  102   104                     107.7202900   89.50859  16.9%   541   13s
H  103   104                     107.6178600   89.50859  16.8%   539   13s
H  103   104                     106.9683400   89.50859  16.3%   539   13s
H  108   104                     106.8802500   89.50859  16.3%   554   13s
H  140   144                     105.9178600   89.50859  15.5%   532   14s
   263   266   91.57756   25  144  105.91786   89.50859  15.5%   377   15s
*  533   448             100     105.8766400   89.53147  15.4%   292   17s
   869   661   91.48582   10  134  105.87664   89.77770  15.2%   246   21s
H  877   583                     103.8722400   89.77770  13.6%   246   21s
H 1317   877                     103.3593800   89.78611  13.1%   229   25s
  1468   950   91.75423   18  187  103.35938   89.78611  13.1%   226   30s
  1478   957   92.33200   18  194  103.35938   89.78611  13.1%   225   35s
H 1480   911                     103.1893800   89.78611  13.0%   237   36s
H 1549   916                     103.0678600   89.78611  12.9%   249   38s
  1587   945   95.04532   22  128  103.06786   89.78611  12.9%   250   41s
  1877  1044   89.91609   25  253  103.06786   89.78611  12.9%   244   45s
  2064  1110   91.38034   37  136  103.06786   89.78611  12.9%   243   50s
  2944  1503   90.97633   23  295  103.06786   90.25484  12.4%   228   55s
  4096  1781   92.10368   36  340  103.06786   90.72772  12.0%   215   60s
H 4601  2131                     102.9630200   91.00166  11.6%   213   62s
  4920  2380   95.84650   47  321  102.96302   91.02855  11.6%   211   66s
H 5021  2267                     102.5378100   91.04268  11.2%   211   66s
  6024  3053   92.43829   40  392  102.53781   91.26273  11.0%   206   70s
  7075  3762   93.29172   32  303  102.53781   91.36410  10.9%   201   75s
H 8105  4297                     102.3078100   91.42950  10.6%   203   80s
  9176  5110   96.74284   38  188  102.30781   91.56888  10.5%   204   86s
 10146  5637  101.53901   37  175  102.30781   91.70085  10.4%   206   91s
 11107  6381  101.33453   52   98  102.30781   91.81855  10.3%   208   96s
 12419  7199   92.21158   28  225  102.30781   91.95398  10.1%   207  102s
 13460  7843   95.15861   30  151  102.30781   92.05629  10.0%   206  107s
 14458  8482   95.22299   40  151  102.30781   92.09946  10.0%   206  111s
 14929  8724  100.20175   49   76  102.30781   92.13575  9.94%   207  118s
 15391  9294   93.42390   29  236  102.30781   92.17525  9.90%   208  122s
 16469  9712   97.26691   44  124  102.30781   92.22464  9.86%   207  125s
 17815 10561   95.73960   30   65  102.30781   92.32422  9.76%   207  131s
 18694 11078   96.28426   31  101  102.30781   92.35050  9.73%   206  135s
 20452 12106   97.81305   41  118  102.30781   92.45654  9.63%   204  142s
 21098 12651   95.74271   41   88  102.30781   92.49821  9.59%   204  146s
 22011 12718   97.38621   42  106  102.30781   92.54557  9.54%   205  154s
 22143 13292   95.50361   32  109  102.30781   92.55584  9.53%   205  157s
 23021 13713   99.74089   39   86  102.30781   92.60226  9.49%   205  161s
 24748 14730   96.16925   34  220  102.30781   92.65340  9.44%   206  168s
 25679 15133   99.77934   61  163  102.30781   92.67413  9.42%   206  171s
 26451 15582     cutoff   26       102.30781   92.73421  9.36%   207  175s
 28037 16600   96.71484   47   88  102.30781   92.79377  9.30%   207  183s
 28936 17058   98.64827   46   76  102.30781   92.82301  9.27%   207  188s
 29812 17561   99.19883   52  153  102.30781   92.86553  9.23%   208  193s
 30722 18082   94.88154   26  184  102.30781   92.89235  9.20%   208  197s
 31726 18592   95.21403   31  166  102.30781   92.91694  9.18%   207  201s
 33315 19402   99.01901   42   92  102.30781   92.96022  9.14%   208  208s
 34024 19986   95.75938   31   97  102.30781   92.98579  9.11%   208  212s
 34927 20386   94.85225   38  165  102.30781   93.00770  9.09%   208  215s
 36327 21419   98.15131   47  232  102.30781   93.04075  9.06%   208  223s
 37246 21901   94.95674   29  135  102.30781   93.07102  9.03%   208  227s
 38012 22414   95.45614   28   97  102.30781   93.09125  9.01%   209  232s
 38844 22887   95.05752   40  113  102.30781   93.11206  8.99%   209  236s
 39668 23390   98.79386   42   79  102.30781   93.13723  8.96%   209  240s
 41378 24490   95.46413   31   95  102.30781   93.18088  8.92%   209  247s
 42323 24988   97.47437   49  122  102.30781   93.21614  8.89%   209  251s
 43107 25607     cutoff   45       102.30781   93.23473  8.87%   209  255s
 44850 26631   94.32868   34  164  102.30781   93.27192  8.83%   208  263s
 45768 26942   94.07499   32  119  102.30781   93.28681  8.82%   208  268s
 46316 27526  100.36395   67   91  102.30781   93.30157  8.80%   209  272s
 47337 28106   98.04479   47  274  102.30781   93.33232  8.77%   209  277s
 48360 28573   94.58362   47  187  102.30781   93.35202  8.75%   208  281s
 49303 29015   97.64745   35   82  102.30781   93.37515  8.73%   208  286s
 50079 29534   96.79003   41  143  102.30781   93.38770  8.72%   208  290s
 51874 30490   94.09897   42  293  102.30781   93.42544  8.68%   208  298s
 52837 30974     cutoff   26       102.30781   93.44308  8.66%   208  303s
 53706 31428   95.62814   31  149  102.30781   93.45469  8.65%   208  307s
 54576 31937   99.04703   46  113  102.30781   93.47759  8.63%   208  311s
 55532 32477   94.20234   31  109  102.30781   93.49497  8.61%   208  315s
 56404 32931   94.29977   44  225  102.30781   93.51407  8.60%   208  320s
 58107 34035   94.43799   27  206  102.30781   93.54624  8.56%   208  328s
 59085 34410   99.82397   49  105  102.30781   93.56084  8.55%   208  333s
 59755 35121   98.84879   51  217  102.30781   93.56667  8.54%   208  339s
 60986 35769  100.85544   68   67  102.30781   93.59573  8.52%   208  345s
 62952 36796   94.61033   38  198  102.30781   93.63274  8.48%   208  353s
 63903 37347   94.76071   33  180  102.30781   93.64463  8.47%   208  358s
 64804 37819     cutoff   36       102.30781   93.66376  8.45%   207  362s
 65598 38349   97.85480   46  153  102.30781   93.67327  8.44%   208  366s
 66586 38855   96.34293   53  168  102.30781   93.69102  8.42%   207  370s
 67505 39382   95.91181   39   58  102.30781   93.71682  8.40%   207  375s
 69225 40352  101.75494   50   42  102.30781   93.74556  8.37%   207  384s
 70300 40893   94.84968   33  158  102.30781   93.76812  8.35%   207  389s
 71174 40893   96.23083   39  162  102.30781   93.78365  8.33%   206  390s
 72184 41804   94.18727   33  204  102.30781   93.79751  8.32%   206  399s
 72989 42115   98.80489   68  329  102.30781   93.81668  8.30%   206  403s
 73657 42538   94.37643   47  250  102.30781   93.83254  8.28%   207  407s
 74416 42975   95.71751   42  165  102.30781   93.84518  8.27%   207  412s
 75388 43468   95.04265   38  178  102.30781   93.86274  8.25%   207  417s
 76259 43827   95.89648   41  138  102.30781   93.88296  8.23%   208  421s
 77037 44270   95.17450   31  137  102.30781   93.89914  8.22%   208  427s
H77628 44243                     102.2834000   93.90490  8.19%   208  427s
 77948 44384   94.26135   36  199  102.28340   93.91042  8.19%   208  434s
 78207 45014   95.18673   37  128  102.28340   93.91521  8.18%   208  439s
 79168 45405     cutoff   45       102.28340   93.93449  8.16%   208  444s
 79978 45977   94.43455   34  199  102.28340   93.94477  8.15%   208  449s
 81018 46396   97.06267   42  158  102.28340   93.96264  8.14%   208  454s
 81725 46869   99.76015   74   33  102.28340   93.97099  8.13%   208  459s
 82572 47422   95.48958   25  138  102.28340   93.99698  8.10%   208  464s
 83609 47996   96.68732   35   87  102.28340   94.01182  8.09%   208  469s
 84553 48604   99.53513   53  135  102.28340   94.02316  8.08%   208  474s
 85601 49257   96.35695   44   99  102.28340   94.03722  8.06%   208  480s
 86788 49814  100.22305   61   88  102.28340   94.04634  8.05%   207  485s
 88585 50726   94.82401   42  272  102.28340   94.07162  8.03%   208  493s
 89379 51287  100.93491   63   81  102.28340   94.08482  8.02%   208  498s
 90350 51644   97.35312   38   67  102.28340   94.09989  8.00%   207  503s
 91070 52150   97.43063   49  110  102.28340   94.11144  7.99%   208  507s
 91930 52670   95.96543   32   84  102.28340   94.12980  7.97%   208  512s
 92788 53251  100.03484   51  101  102.28340   94.14460  7.96%   208  517s
 93775 53790   95.57995   41  212  102.28340   94.15667  7.95%   208  522s
 94677 54196   96.15768   41   83  102.28340   94.16984  7.93%   208  527s
 95454 54732   96.09500   43  155  102.28340   94.17765  7.92%   208  531s
 96358 55299  101.29518   54   53  102.28340   94.19015  7.91%   208  536s
 97264 55799   98.21116   47  123  102.28340   94.20084  7.90%   208  540s
 98889 56680   95.24595   39  245  102.28340   94.22385  7.88%   208  549s
 99779 57126   98.78391   39   89  102.28340   94.23263  7.87%   208  553s
 100642 57656  100.55982   36   92  102.28340   94.24177  7.86%   208  558s
 101593 58143     cutoff   52       102.28340   94.25222  7.85%   208  562s
 102481 58725     cutoff   49       102.28340   94.26726  7.84%   208  567s
 103445 59210     cutoff   33       102.28340   94.27797  7.83%   208  572s
 104296 59725     cutoff   32       102.28340   94.28686  7.82%   208  577s
 105214 60251   95.81648   41   98  102.28340   94.29932  7.81%   208  581s
 106145 60617   94.96038   42  200  102.28340   94.30989  7.80%   208  585s
 106802 61044   97.93231   47  208  102.28340   94.31797  7.79%   208  590s
 107580 61482   97.43152   42  105  102.28340   94.32994  7.78%   208  595s
 108323 62013   97.74918   44   77  102.28340   94.33290  7.77%   208  600s
 109257 62593   97.85093   50   83  102.28340   94.34767  7.76%   208  605s
 110243 63055  100.15527   45   81  102.28340   94.35836  7.75%   208  611s
 111106 63525   95.86437   35  301  102.28340   94.36879  7.74%   208  616s
 112056 64052   97.70896   37  144  102.28340   94.37746  7.73%   208  621s
 112975 64620   96.81937   39   67  102.28340   94.39025  7.72%   207  627s
 113887 65015   98.07086   51  153  102.28340   94.40178  7.71%   207  633s
 114537 65618  100.08534   51   49  102.28340   94.40404  7.70%   207  640s
 115493 66109   95.79598   44  322  102.28340   94.41684  7.69%   207  645s
 116338 66650   96.29616   26   92  102.28340   94.42445  7.68%   207  651s
 117248 67157   95.98099   38  162  102.28340   94.43263  7.68%   207  656s
 118069 67809  100.23714   38   87  102.28340   94.43883  7.67%   207  663s
 119193 68186   96.52528   25   80  102.28340   94.44925  7.66%   207  667s
 119878 68654   97.10108   37   69  102.28340   94.45890  7.65%   207  672s
 120779 69069   96.54639   52  327  102.28340   94.46599  7.64%   207  677s
 121476 69492   99.13435   54  100  102.28340   94.47178  7.64%   207  682s
 122292 70061  102.25718   66  113  102.28340   94.48141  7.63%   207  688s
 123332 70477   98.63461   40  140  102.28340   94.48963  7.62%   206  692s
 124078 71021   95.13464   37  228  102.28340   94.50140  7.61%   206  698s
 124971 71553   95.41497   48  232  102.28340   94.51070  7.60%   206  704s
 125861 72012  101.34794   70  241  102.28340   94.51243  7.60%   206  709s
 126706 72569  101.56794   65  109  102.28340   94.52456  7.59%   206  715s
 127703 73025     cutoff   43       102.28340   94.53090  7.58%   205  720s
 128560 73387     cutoff   40       102.28340   94.53693  7.57%   205  726s
 129228 73858   97.87862   44  130  102.28340   94.54573  7.56%   205  731s
 130009 74370  100.75464   60   73  102.28340   94.55518  7.56%   205  737s
 130844 74856   98.53817   41   73  102.28340   94.56468  7.55%   205  742s
 131718 75423     cutoff   34       102.28340   94.57039  7.54%   205  749s
 132691 75916   97.09814   48  197  102.28340   94.58266  7.53%   205  755s
 133579 76468   98.95618   56  169  102.28340   94.58976  7.52%   205  761s
 134503 76931   96.45089   27  136  102.28340   94.59971  7.51%   204  767s
 135306 77482  100.39410   40  156  102.28340   94.60683  7.51%   204  774s
 136229 78007   95.35714   27  130  102.28340   94.61800  7.49%   204  781s
 137194 78503  101.16007   45   75  102.28340   94.62454  7.49%   204  787s
 138027 78836   97.91075   31  167  102.28340   94.63221  7.48%   204  792s
 138571 79346     cutoff   26       102.28340   94.63643  7.48%   204  799s
 139478 79885  100.93331   39   82  102.28340   94.64533  7.47%   204  806s
 140405 80471   96.88946   34   89  102.28340   94.65741  7.46%   204  812s
 141450 81093 infeasible   55       102.28340   94.66245  7.45%   204  819s
 142476 81475   94.95687   26  247  102.28340   94.67373  7.44%   203  825s
H143047 81475                     102.2833990   94.67472  7.44%   203  825s
 143134 81837     cutoff   40       102.28340   94.67734  7.44%   203  832s
 143769 82481   96.86412   39  146  102.28340   94.68037  7.43%   203  839s
 144911 83139   98.20819   40  108  102.28340   94.69195  7.42%   203  846s
 146002 83604  102.25371   62   70  102.28340   94.70149  7.41%   202  852s
 146854 84217   96.28484   30   91  102.28340   94.70783  7.41%   202  860s
 148004 84806   95.20753   47  148  102.28340   94.71385  7.40%   202  867s
 149034 85237   97.25689   53  207  102.28340   94.71960  7.39%   202  873s
 149913 85764   97.02175   50  142  102.28340   94.72471  7.39%   202  879s
 150898 86339   95.15552   39  237  102.28340   94.72882  7.39%   202  885s
 151905 86775   96.24928   49  182  102.28340   94.73673  7.38%   201  890s
 152783 87147   95.82438   28  108  102.28340   94.74146  7.37%   201  897s
 153465 87623   96.32036   61  166  102.28340   94.74476  7.37%   201  902s
 154305 88113     cutoff   54       102.28340   94.74964  7.37%   201  908s
 155218 88580   96.06155   50   62  102.28340   94.75703  7.36%   201  914s
 156099 89096  102.22057   32   88  102.28340   94.76544  7.35%   200  919s
 157045 89256   98.76636   59  234  102.28340   94.77228  7.34%   200  927s
 157396 89787   98.33104   49   80  102.28340   94.77373  7.34%   200  933s
 158326 90273   99.61672   38  245  102.28340   94.77930  7.34%   200  939s
 159278 90789   98.50528   48  118  102.28340   94.78801  7.33%   200  945s
 160239 91255     cutoff   59       102.28340   94.79541  7.32%   200  952s
 161287 91742   97.03740   32   49  102.28340   94.80295  7.31%   199  958s
 162252 92258   98.65690   49  126  102.28340   94.81020  7.31%   199  964s
 163182 92839  101.67378   62   54  102.28340   94.82023  7.30%   199  972s
 164264 93247  100.23800   31   62  102.28340   94.82635  7.29%   199  978s
 165144 93764     cutoff   41       102.28340   94.83180  7.29%   199  984s
 166088 94396  101.39022   61  102  102.28340   94.83820  7.28%   198  991s
 167213 94818   96.21151   42   81  102.28340   94.84514  7.27%   198  997s
 168129 95249  101.26370   49   51  102.28340   94.85063  7.27%   198 1003s
 168970 95702   96.86146   46  172  102.28340   94.85503  7.26%   198 1008s
 169762 96230   95.23612   45  244  102.28340   94.85969  7.26%   198 1014s
 170675 96717   98.56741   47   55  102.28340   94.86823  7.25%   197 1020s
 171527 97150   99.09376   36  113  102.28340   94.87367  7.24%   197 1026s
 172382 97669     cutoff   42       102.28340   94.87923  7.24%   197 1032s
 173248 98118   96.96627   33  204  102.28340   94.88425  7.23%   197 1038s
 174079 98542  100.94523   38  116  102.28340   94.88976  7.23%   197 1044s
 175081 98918   96.18835   43  230  102.28340   94.89393  7.22%   197 1050s
 175931 99404  100.68174   64  285  102.28340   94.89963  7.22%   196 1056s
 176778 99928   95.99153   35  151  102.28340   94.90628  7.21%   196 1063s
 177755 100603  102.24158   62   18  102.28340   94.91329  7.21%   196 1071s
 178912 101099   95.84114   44  197  102.28340   94.91832  7.20%   196 1077s
 179693 101551   96.80632   47  151  102.28340   94.92391  7.20%   196 1083s
 180521 102068   96.57622   33  115  102.28340   94.92955  7.19%   196 1089s
 181349 102545   98.24144   51   82  102.28340   94.93657  7.18%   196 1095s
 182213 103119   97.05745   49  117  102.28340   94.93966  7.18%   195 1102s
 183275 103573  101.11652   57   53  102.28340   94.94567  7.17%   195 1108s
 184113 104187   95.86100   45  188  102.28340   94.95172  7.17%   195 1115s
 185242 104657   98.27238   54  122  102.28340   94.95414  7.17%   195 1121s
 186116 105219   98.19092   53  206  102.28340   94.95907  7.16%   194 1128s
 187084 105713 infeasible   42       102.28340   94.96381  7.16%   194 1134s
 187923 106134  100.80121   79  155  102.28340   94.96676  7.15%   194 1140s
 188838 106598   98.58973   43   72  102.28340   94.97144  7.15%   194 1146s
 189668 107062   95.96429   45  130  102.28340   94.97490  7.15%   194 1153s
 190458 107573     cutoff   57       102.28340   94.97842  7.14%   194 1159s
 190862 107573  101.82597   75   68  102.28340   94.98016  7.14%   194 1160s
 191417 107917   99.36037   64   76  102.28340   94.98377  7.14%   194 1165s
 192092 108440  102.12390   59  180  102.28340   94.98769  7.13%   194 1172s
 192937 109077     cutoff   55       102.28340   94.99224  7.13%   193 1180s
 194031 109597  100.09395   71  163  102.28340   94.99807  7.12%   193 1186s
 194963 110072   99.07069   51  286  102.28340   95.00280  7.12%   193 1192s
 195794 110378   99.00311   62  256  102.28340   95.00659  7.11%   193 1198s
 196359 110744   97.94012   42  107  102.28340   95.00944  7.11%   193 1205s
 196988 111337   95.55437   41  195  102.28340   95.01414  7.11%   193 1212s
 198027 112033 infeasible   34       102.28340   95.01596  7.11%   193 1220s
 199123 112594   96.03444   38  109  102.28340   95.02161  7.10%   192 1227s
 200151 112977   95.64945   43  192  102.28340   95.02669  7.09%   192 1235s
 200909 113532   98.29419   38   88  102.28340   95.03232  7.09%   192 1242s
 201929 114172   97.88804   33  118  102.28340   95.03712  7.08%   192 1250s
 202882 114779   96.46797   32   96  102.28340   95.04041  7.08%   192 1258s
 203853 115073   98.34371   55  148  102.28340   95.04438  7.08%   192 1266s
 204428 115535 infeasible   47       102.28340   95.04728  7.07%   192 1273s
 205351 115984   99.21525   62  118  102.28340   95.05250  7.07%   192 1281s
 206244 116621   95.26439   32  192  102.28340   95.05729  7.06%   191 1290s
 207358 117110     cutoff   45       102.28340   95.06124  7.06%   191 1299s
 208292 117641   95.40153   35  154  102.28340   95.06584  7.06%   191 1308s
 209200 118192     cutoff   42       102.28340   95.06929  7.05%   191 1317s
 210240 118840   96.31999   41   89  102.28340   95.07448  7.05%   191 1326s
 211305 119348   95.44723   45  187  102.28340   95.07946  7.04%   191 1334s
H212083 114303                     101.7615200   95.08425  6.56%   190 1334s
 212225 114788   99.38338   48  140  101.76152   95.08435  6.56%   190 1342s
*212932 114740              68     101.7564400   95.08542  6.56%   190 1343s
 213203 115279   96.28225   38  126  101.75644   95.08911  6.55%   190 1351s
 214249 115779   96.18364   42   98  101.75644   95.09419  6.55%   190 1360s
 215081 116389   96.57556   23  209  101.75644   95.09673  6.54%   190 1368s
 216098 116944   95.62876   44  162  101.75644   95.10289  6.54%   190 1376s
 217132 117428 infeasible   37       101.75644   95.10573  6.54%   190 1384s
 218129 117884   97.03196   44  121  101.75644   95.11107  6.53%   190 1392s
 219052 118379   95.93910   34  145  101.75644   95.11610  6.53%   189 1400s
 220008 118876   98.32480   40  156  101.75644   95.12226  6.52%   189 1407s
 220880 119313   95.51288   46  134  101.75644   95.12647  6.52%   189 1415s
 221710 119881   97.79594   48  140  101.75644   95.12981  6.51%   189 1423s
 222773 120465   97.93607   62  175  101.75644   95.13411  6.51%   189 1432s
 223739 120948   96.36046   35  165  101.75644   95.13999  6.50%   189 1441s
 224738 121512   96.25727   45  141  101.75644   95.14408  6.50%   189 1448s
 225698 121934  101.74201   45   56  101.75644   95.14788  6.49%   189 1456s
 226586 122534   95.68598   38  137  101.75644   95.15340  6.49%   189 1464s
 227680 123090   96.99804   51  125  101.75644   95.15700  6.49%   189 1473s
 228678 123600  100.07883   58   80  101.75644   95.16102  6.48%   189 1480s
 229754 124093  100.38550   55  116  101.75644   95.16340  6.48%   188 1488s
 230557 124524   99.73902   53  206  101.75644   95.16681  6.48%   188 1496s
 231399 125039   98.75383   57   44  101.75644   95.16889  6.47%   188 1504s
 232331 125473   95.63802   35  168  101.75644   95.17283  6.47%   188 1511s
 233122 126091   96.44609   51  207  101.75644   95.17739  6.47%   188 1519s
 234182 126588 infeasible   54       101.75644   95.18191  6.46%   188 1527s
 235154 127117   96.15359   28  137  101.75644   95.18428  6.46%   188 1535s
 236100 127633   97.29374   48  127  101.75644   95.18816  6.45%   188 1543s
 237082 128066  101.28357   49   53  101.75644   95.19088  6.45%   188 1551s
 238005 128690   98.27372   47   75  101.75644   95.19549  6.45%   187 1560s
 239153 129141     cutoff   66       101.75644   95.19924  6.44%   187 1567s
 240024 129533  100.92455   57   69  101.75644   95.20280  6.44%   187 1575s
 240852 129990  100.08737   56   77  101.75644   95.20484  6.44%   187 1583s
 241796 130568  100.23800   33   63  101.75644   95.20873  6.43%   187 1591s
 242778 131235   97.83262   50   88  101.75644   95.21337  6.43%   187 1600s
 243796 131687     cutoff   57       101.75644   95.21593  6.43%   187 1607s
 244659 132067   97.11137   46   84  101.75644   95.21931  6.42%   187 1615s
 245581 132633   99.29536   51  140  101.75644   95.22397  6.42%   187 1623s
 246529 133149  100.85016   60  101  101.75644   95.22694  6.42%   187 1631s
 247519 133549   96.41261   41  101  101.75644   95.23103  6.41%   186 1638s
 248483 134026  101.66478   47  135  101.75644   95.23374  6.41%   186 1646s
 249286 134590   96.23945   38   80  101.75644   95.23663  6.41%   186 1654s
 250295 135167   96.79470   38  153  101.75644   95.24027  6.40%   186 1662s
 251334 135655 infeasible   28       101.75644   95.24514  6.40%   186 1670s
 252315 136106   99.36488   45   59  101.75644   95.24859  6.40%   186 1678s
 253179 136567   96.48169   43  104  101.75644   95.25176  6.39%   186 1687s
 254110 136979   99.55006   58   45  101.75644   95.25283  6.39%   186 1696s
 254952 137782   96.53192   43  134  101.75644   95.25737  6.39%   186 1707s
 256256 138417   99.79203   58  114  101.75644   95.26103  6.38%   185 1716s
 257278 138998   98.92865   38  106  101.75644   95.26563  6.38%   185 1725s
 258304 139538   97.94950   53  277  101.75644   95.27033  6.37%   185 1734s
*258540 137694              75     101.6379800   95.27034  6.27%   185 1734s
 259290 138099  101.43138   44   49  101.63798   95.27313  6.26%   185 1742s
H259907 137679                     101.6092900   95.27456  6.23%   185 1742s
 260163 138167   99.98656   57  126  101.60929   95.27708  6.23%   185 1751s
 260968 138752   95.78298   46  123  101.60929   95.28084  6.23%   185 1760s
 262064 139225     cutoff   51       101.60929   95.28498  6.22%   185 1769s
 262951 139756   98.12989   50  106  101.60929   95.28873  6.22%   185 1778s
 264034 140209   98.07222   48  212  101.60929   95.29180  6.22%   184 1787s
 265002 140709   97.80123   43   73  101.60929   95.29474  6.21%   184 1796s
H266054 135601                     101.2892000   95.29689  5.92%   184 1805s
 267026 136083  101.12633   37   73  101.28920   95.30206  5.91%   184 1814s
 267927 136744   98.07976   59  183  101.28920   95.30648  5.91%   184 1825s
 269153 137131   97.07476   44  300  101.28920   95.31120  5.90%   184 1833s
H269322 135093                     101.1840800   95.31143  5.80%   184 1833s
 269842 135581   96.15151   40  151  101.18408   95.31410  5.80%   184 1841s
 270782 136078   96.50786   42  143  101.18408   95.31703  5.80%   184 1850s
 271700 136477   99.07366   44   69  101.18408   95.31908  5.80%   184 1858s
 272467 136811   98.12086   50   90  101.18408   95.32179  5.79%   184 1865s
 273186 137389   95.69958   36  144  101.18408   95.32580  5.79%   183 1874s
 274280 137952   97.51857   41   90  101.18408   95.33095  5.78%   183 1882s
 275339 138340   99.69422   64   40  101.18408   95.33381  5.78%   183 1890s
H275993 138340                     101.1840799   95.33466  5.78%   183 1890s
 276269 138856   96.92673   47  114  101.18408   95.33887  5.78%   183 1898s
 277296 139262   95.65709   41  316  101.18408   95.34365  5.77%   183 1905s
 278035 139710  100.23800   39   75  101.18408   95.34653  5.77%   183 1913s
 278890 140139   96.83695   52  150  101.18408   95.35059  5.77%   183 1922s
 279646 140605   98.00740   61  176  101.18408   95.35306  5.76%   183 1930s
 280595 141158   96.61197   50  129  101.18408   95.35739  5.76%   183 1939s
 281668 141742   96.10425   49  151  101.18408   95.36006  5.76%   183 1948s
 282800 142396   97.06971   37   98  101.18408   95.36324  5.75%   183 1959s
 283992 142824     cutoff   52       101.18408   95.36684  5.75%   182 1966s
 284759 143230     cutoff   32       101.18408   95.37054  5.75%   183 1975s
 285622 143865   97.79033   47   81  101.18408   95.37519  5.74%   182 1984s
 286743 144317  100.35716   49  101  101.18408   95.37873  5.74%   182 1993s
 287676 144760   96.14300   44  148  101.18408   95.38206  5.73%   182 2001s
 288604 145280   95.67756   48  157  101.18408   95.38564  5.73%   182 2008s
 289561 145310   98.08580   38   62  101.18408   95.38812  5.73%   182 2018s
H289578 145310                     101.1840797   95.38812  5.73%   182 2018s
 289646 145883   98.96253   28  119  101.18408   95.38873  5.73%   182 2027s
 290717 146361   97.51853   49  128  101.18408   95.39203  5.72%   182 2037s
 291608 146975   96.56249   27  141  101.18408   95.39641  5.72%   182 2047s
 292754 147435     cutoff   61       101.18408   95.39940  5.72%   182 2055s
 293608 148048   96.84971   43   89  101.18408   95.40197  5.71%   182 2065s
 294796 148573     cutoff   64       101.18408   95.40450  5.71%   182 2074s
 295801 149092   97.21360   48  100  101.18408   95.40835  5.71%   181 2082s
 296763 149578   96.88540   42  150  101.18408   95.41323  5.70%   181 2090s
 297610 150086   98.82518   52   81  101.18408   95.41543  5.70%   181 2100s
 298600 150765 infeasible   46       101.18408   95.41984  5.70%   181 2111s
 299844 151220  100.93583   58   87  101.18408   95.42255  5.69%   181 2119s
 300799 151693   96.60866   38  146  101.18408   95.42692  5.69%   181 2127s
 301652 152091     cutoff   42       101.18408   95.42905  5.69%   181 2135s
 302517 152540   97.35855   43  131  101.18408   95.43216  5.68%   181 2143s
 303461 153040   99.63566   46   48  101.18408   95.43616  5.68%   181 2152s
 304457 153588   99.29534   62   78  101.18408   95.43887  5.68%   181 2161s
 305459 154035   96.88297   31  135  101.18408   95.44165  5.68%   181 2170s
 306399 154499   95.73748   36  141  101.18408   95.44431  5.67%   181 2179s
 307230 154998  101.16952   56  126  101.18408   95.44718  5.67%   181 2187s
 308155 155542   96.63772   43   96  101.18408   95.45142  5.67%   181 2197s
 309170 156049     cutoff   63       101.18408   95.45469  5.66%   181 2206s
 310077 156547   96.79361   38  223  101.18408   95.45790  5.66%   180 2214s
 310993 157028   98.17609   63  129  101.18408   95.46021  5.66%   180 2224s
 311972 157454   96.11423   39  123  101.18408   95.46286  5.65%   180 2233s
 312952 157967   96.56956   30  146  101.18408   95.46485  5.65%   180 2244s
 313975 158462   97.16518   45  204  101.18408   95.46752  5.65%   180 2253s
 314810 158966   96.59161   40  128  101.18408   95.46984  5.65%   180 2263s
 315840 159572   96.54350   43  122  101.18408   95.47366  5.64%   180 2273s
 316944 160100     cutoff   33       101.18408   95.47649  5.64%   180 2284s
 318031 160533   96.94944   38  121  101.18408   95.48063  5.64%   180 2294s
 319020 160923   97.08953   40   83  101.18408   95.48258  5.63%   180 2306s
 319778 161331   96.21465   38  116  101.18408   95.48428  5.63%   180 2315s
 320703 161815   99.17884   51   93  101.18408   95.48836  5.63%   180 2325s
 321677 162334   96.77653   41   99  101.18408   95.49149  5.63%   180 2335s
 322642 162839   97.79313   50  223  101.18408   95.49497  5.62%   180 2344s
 323633 163179  100.23800   33   55  101.18408   95.49878  5.62%   180 2353s
 324223 163808   99.61758   41  192  101.18408   95.50025  5.62%   180 2363s
 325332 164349   99.92753   66   96  101.18408   95.50337  5.61%   179 2373s
 326461 164887   96.53803   34   92  101.18408   95.50731  5.61%   179 2382s
 327430 165446  100.23800   46   75  101.18408   95.51099  5.61%   179 2393s
 328536 165919   99.87018   41   89  101.18408   95.51455  5.60%   179 2401s
 329415 166540     cutoff   42       101.18408   95.51709  5.60%   179 2411s
 330510 167119   96.27166   50  199  101.18408   95.51875  5.60%   179 2420s
 331573 167602   98.07545   47  201  101.18408   95.52199  5.60%   179 2430s
 332515 168101   95.95845   26  138  101.18408   95.52398  5.59%   179 2440s
 333579 168583   95.64690   44  164  101.18408   95.52769  5.59%   179 2449s
 334543 169011   97.17654   48  124  101.18408   95.52981  5.59%   179 2458s
 335568 169433  100.29771   60  114  101.18408   95.53417  5.58%   179 2467s
 336496 169878   98.49544   51  175  101.18408   95.53633  5.58%   179 2476s
 337330 170403   98.02354   55   90  101.18408   95.53880  5.58%   179 2485s
 338293 171006   96.54534   36  106  101.18408   95.54217  5.58%   179 2495s
 339371 171508   97.12345   28  142  101.18408   95.54460  5.57%   179 2505s
 340386 171944  101.03183   57  128  101.18408   95.54794  5.57%   178 2514s
 341349 172408   96.04314   46  140  101.18408   95.55044  5.57%   178 2523s
 342227 172953   97.27548   52  353  101.18408   95.55247  5.57%   178 2534s
 343378 173468   97.42646   27  152  101.18408   95.55501  5.56%   178 2543s
 344346 173949   97.09656   42  111  101.18408   95.55885  5.56%   178 2552s
 345429 174429   98.25288   48  142  101.18408   95.56117  5.56%   178 2561s
 346346 174895  100.06313   43  126  101.18408   95.56446  5.55%   178 2570s
 347290 175439   96.53650   40  137  101.18408   95.56765  5.55%   178 2579s
 348462 175831   97.25706   38  153  101.18408   95.56983  5.55%   178 2589s
 349276 176289   99.46462   29   74  101.18408   95.57063  5.55%   178 2597s
 350236 176745   95.65190   44  167  101.18408   95.57485  5.54%   178 2606s
 351213 177246   97.71912   42  142  101.18408   95.57692  5.54%   178 2616s
 352242 177780   96.80369   41   61  101.18408   95.58030  5.54%   178 2626s
 353454 178246     cutoff   56       101.18408   95.58327  5.54%   177 2634s
 354401 178830   97.10002   41  105  101.18408   95.58533  5.53%   177 2644s
 355579 179252   99.11235   56   99  101.18408   95.58848  5.53%   177 2652s
 356484 179810     cutoff   40       101.18408   95.59102  5.53%   177 2661s
 357459 180332   99.11267   42  104  101.18408   95.59496  5.52%   177 2672s
 358552 180810   97.97217   48  140  101.18408   95.59830  5.52%   177 2681s
 359631 181331   98.08532   48   97  101.18408   95.60042  5.52%   177 2691s
 360632 181779     cutoff   38       101.18408   95.60300  5.52%   177 2699s
 361575 182383   97.49011   53  241  101.18408   95.60554  5.51%   177 2709s
 362419 182383   97.99560   53  247  101.18408   95.60647  5.51%   177 2710s
 362747 182988     cutoff   45       101.18408   95.60781  5.51%   177 2719s
 363851 183275   99.61568   60  247  101.18408   95.61038  5.51%   177 2729s
 364413 183825   97.30451   23  113  101.18408   95.61131  5.51%   177 2738s
 365520 184311   98.18142   52  159  101.18408   95.61341  5.51%   176 2747s
 366549 184845   96.20470   45  128  101.18408   95.61593  5.50%   176 2757s
 367648 185412   97.28286   45  129  101.18408   95.61864  5.50%   176 2768s
 368799 185881   98.88069   58  272  101.18408   95.62102  5.50%   176 2778s
 369804 186325   97.36462   40   93  101.18408   95.62358  5.50%   176 2788s
 370665 186795  100.30362   49   50  101.18408   95.62608  5.49%   176 2797s
 371601 187329   99.90358   37   89  101.18408   95.62846  5.49%   176 2807s
 372633 187883   96.18762   46  168  101.18408   95.63161  5.49%   176 2818s
 373701 188402   96.96146   49  172  101.18408   95.63379  5.49%   176 2829s
 374980 188889   96.49118   42  134  101.18408   95.63717  5.48%   176 2837s
 375970 189362   97.51360   58   79  101.18408   95.63953  5.48%   176 2846s
 377001 189776   97.36092   47   73  101.18408   95.64268  5.48%   175 2854s
 377879 190193  100.23800   57   51  101.18408   95.64496  5.47%   175 2862s
 378709 190768   95.97303   51  135  101.18408   95.64732  5.47%   175 2872s
 379753 191267   97.24493   41   88  101.18408   95.64974  5.47%   175 2883s
 380738 191671  100.23800   51  140  101.18408   95.65143  5.47%   175 2892s
 381696 192099   96.96288   49  161  101.18408   95.65323  5.47%   175 2900s
 382623 192472   97.27380   36  147  101.18408   95.65582  5.46%   175 2910s
 383319 192983   97.16451   55  220  101.18408   95.65692  5.46%   175 2919s
 384187 193547  100.10188   63   87  101.18408   95.66016  5.46%   175 2928s
 385272 194064   96.89426   46   88  101.18408   95.66309  5.46%   175 2937s
 386241 194509 infeasible   67       101.18408   95.66553  5.45%   175 2946s
 387155 195098   99.00689   52  260  101.18408   95.66888  5.45%   175 2956s
 388327 195613   98.14760   54   97  101.18408   95.67189  5.45%   175 2966s
 389345 196130   98.38058   55  128  101.18408   95.67480  5.44%   175 2976s
 390314 196601     cutoff   53       101.18408   95.67723  5.44%   175 2985s
 391277 197065   99.07260   49  223  101.18408   95.68006  5.44%   175 2995s
 392206 197555   97.73024   42  103  101.18408   95.68250  5.44%   174 3003s
 393130 198236   98.81187   47  106  101.18408   95.68561  5.43%   174 3014s
 394411 198711 infeasible   53       101.18408   95.68821  5.43%   174 3024s
 395454 199187   95.76824   36  135  101.18408   95.69123  5.43%   174 3034s
 396590 199729   98.16127   40  108  101.18408   95.69427  5.43%   174 3044s
 397606 200181   97.45607   36   90  101.18408   95.69689  5.42%   174 3055s
 398400 200737     cutoff   52       101.18408   95.69829  5.42%   174 3065s
 399427 201183     cutoff   48       101.18408   95.70098  5.42%   174 3074s
 400523 201668   96.69564   44  130  101.18408   95.70293  5.42%   174 3084s
 401522 202196  100.45667   52   47  101.18408   95.70592  5.41%   174 3093s
 402515 202746   99.93752   44  114  101.18408   95.70807  5.41%   174 3106s
 403788 203142     cutoff   53       101.18408   95.71106  5.41%   173 3115s
 404525 203726     cutoff   65       101.18408   95.71218  5.41%   173 3125s
 405618 204285   96.72882   45  131  101.18408   95.71533  5.40%   173 3135s
 406701 204652   97.99327   41  112  101.18408   95.71782  5.40%   173 3144s
 407543 205113   96.93722   48  141  101.18408   95.72018  5.40%   173 3154s
 408579 205619   98.37078   52  228  101.18408   95.72243  5.40%   173 3165s
 409659 205940   97.72498   63   96  101.18408   95.72419  5.40%   173 3174s
 410388 206494   98.23324   45   67  101.18408   95.72526  5.39%   173 3185s
 411481 206906     cutoff   44       101.18408   95.72907  5.39%   173 3195s
 412465 207378   97.83716   56  158  101.18408   95.73156  5.39%   173 3204s
 412854 207378   96.23632   34  127  101.18408   95.73179  5.39%   173 3205s
 413495 207985   97.59382   50  131  101.18408   95.73454  5.39%   173 3215s
 414638 208556   98.91310   65  193  101.18408   95.73626  5.38%   173 3226s
 415723 209042   97.08744   41  139  101.18408   95.73913  5.38%   173 3237s
 416616 209562  100.36635   59   56  101.18408   95.74092  5.38%   173 3248s
 417680 209972   97.50605   55  166  101.18408   95.74387  5.38%   173 3260s
 418782 210298   96.49933   50  302  101.18408   95.74633  5.37%   173 3271s
H419266 210298                     101.1840792   95.74673  5.37%   173 3271s
 419450 210978   95.84555   38  149  101.18408   95.74743  5.37%   173 3283s
 420829 211426   99.08293   50  118  101.18408   95.75124  5.37%   172 3295s
H421312 211426                     101.1840784   95.75150  5.37%   172 3295s
 421742 211854   96.95875   56  209  101.18408   95.75243  5.37%   172 3304s
 422470 212185   99.15400   70  277  101.18408   95.75386  5.37%   172 3314s
 423252 212696  100.77751   49   42  101.18408   95.75667  5.36%   172 3324s
 424452 213462   96.98742   48  164  101.18408   95.75998  5.36%   172 3338s
 425933 214018  101.09072   39  168  101.18408   95.76300  5.36%   172 3349s
 427091 214674   98.43198   38   74  101.18408   95.76537  5.36%   172 3361s
 428420 215183   96.90336   33  114  101.18408   95.76859  5.35%   172 3376s
 429439 215817   97.52688   43  109  101.18408   95.76923  5.35%   172 3388s
 430720 216410   97.13645   36  104  101.18408   95.77312  5.35%   172 3400s
 431923 216857  100.77742   52   64  101.18408   95.77523  5.35%   172 3410s
 433006 217579     cutoff   52       101.18408   95.77765  5.34%   172 3423s
 434300 218189     cutoff   56       101.18408   95.78008  5.34%   172 3434s
 435486 218652   96.93805   41  135  101.18408   95.78221  5.34%   171 3443s
 436476 219191     cutoff   42       101.18408   95.78424  5.34%   171 3453s
 437480 219684   98.73393   53  150  101.18408   95.78626  5.33%   171 3462s
 438431 220131   98.25541   49   87  101.18408   95.78796  5.33%   171 3471s
 439367 220674     cutoff   45       101.18408   95.79038  5.33%   171 3481s
 440371 221109   99.74161   42  120  101.18408   95.79299  5.33%   171 3490s
 441357 221495   96.46933   45   98  101.18408   95.79521  5.33%   171 3500s
 442323 221998   97.39677   35  108  101.18408   95.79767  5.32%   171 3509s
 443340 222518   96.62217   44  169  101.18408   95.79984  5.32%   171 3519s
 444323 223045   98.85096   52   71  101.18408   95.80213  5.32%   171 3529s
 445338 223619   98.06921   39  126  101.18408   95.80466  5.32%   171 3541s
 446563 224158   98.54151   54   97  101.18408   95.80647  5.31%   171 3552s
 447566 224759   97.53742   51  116  101.18408   95.80927  5.31%   171 3565s
 448831 225282   97.48992   37  303  101.18408   95.81125  5.31%   171 3576s
 449935 225803   97.95335   56  125  101.18408   95.81290  5.31%   170 3586s
 450999 226191   98.62655   64   81  101.18408   95.81575  5.31%   170 3596s
 451932 226366   96.32211   37  125  101.18408   95.81712  5.30%   170 3600s

Cutting planes:
  Learned: 213
  Gomory: 17
  Lift-and-project: 16
  Cover: 4460
  Implied bound: 1140
  Projected implied bound: 23
  Clique: 405
  MIR: 201
  StrongCG: 76
  Flow cover: 1833
  GUB cover: 76
  Inf proof: 178
  Zero half: 60
  Network: 4
  RLT: 297
  Relax-and-lift: 415
  BQP: 1

Explored 452342 nodes (77056404 simplex iterations) in 3600.26 seconds (3208.01 work units)
Thread count was 8 (of 24 available processors)

Solution count 10: 101.184 101.184 101.184 ... 101.756

Time limit reached
Warning: max constraint violation (1.1405e-01) exceeds tolerance
Warning: max bound violation (1.1405e-01) exceeds tolerance
         (model may be infeasible or unbounded - try turning presolve off)
Best objective 1.011840783503e+02, best bound 9.581818060480e+01, gap 5.3031%
