
Gurobi 10.0.0 (win64) logging started Fri Jan 19 23:20:25 2024

Set parameter LogFile to value "C:/Users\Administrator\Documents\BNC_Repo\BNC_Tests\10_MIP_Results\n20m2\Instance_Class2_Parts20_Machines2_Instance2_logfileChe21.txt"
Gurobi Optimizer version 10.0.0 build v10.0.0rc2 (win64)

CPU model: AMD EPYC 7513 32-Core Processor, instruction set [SSE2|AVX|AVX2]
Thread count: 24 physical cores, 24 logical processors, using up to 8 threads

Optimize a model with 14158 rows, 2601 columns and 67254 nonzeros
Model fingerprint: 0x4dcd7607
Variable types: 921 continuous, 1680 integer (1680 binary)
Coefficient statistics:
  Matrix range     [4e-06, 4e+02]
  Objective range  [1e+00, 1e+00]
  Bounds range     [1e+00, 1e+00]
  RHS range        [1e+00, 6e+02]
Presolve removed 4781 rows and 861 columns
Presolve time: 0.11s
Presolved: 9377 rows, 1740 columns, 61852 nonzeros
Variable types: 80 continuous, 1660 integer (1620 binary)
Found heuristic solution: objective 340.6607000
Root relaxation presolved: 9377 rows, 1740 columns, 61852 nonzeros


Use crossover to convert LP symmetric solution to basic solution...

Root relaxation: objective 2.722031e+01, 8604 iterations, 0.86 seconds (1.43 work units)

    Nodes    |    Current Node    |     Objective Bounds      |     Work
 Expl Unexpl |  Obj  Depth IntInf | Incumbent    BestBd   Gap | It/Node Time

     0     0   27.22031    0   66  340.66070   27.22031  92.0%     -    1s
H    0     0                      37.5957000   27.22031  27.6%     -    1s
H    0     0                      32.6089400   27.22031  16.5%     -    1s
H    0     0                      32.5366400   27.22031  16.3%     -    1s
     0     0   27.22711    0  170   32.53664   27.22711  16.3%     -    1s
     0     0   27.26063    0  426   32.53664   27.26063  16.2%     -    1s
     0     0   27.26063    0  224   32.53664   27.26063  16.2%     -    2s
     0     0   27.26327    0  212   32.53664   27.26327  16.2%     -    2s
     0     0   27.26327    0   81   32.53664   27.26327  16.2%     -    6s
     0     0   27.39126    0  119   32.53664   27.39126  15.8%     -    7s
     0     0   27.49044    0  205   32.53664   27.49044  15.5%     -    7s
     0     0   27.85679    0  119   32.53664   27.85679  14.4%     -    8s
     0     0   27.96988    0  137   32.53664   27.96988  14.0%     -    8s
H    0     0                      32.2285000   28.33649  12.1%     -    8s
     0     0   28.33649    0  211   32.22850   28.33649  12.1%     -    8s
     0     0   28.33649    0  111   32.22850   28.33649  12.1%     -    8s
     0     2   28.33649    0  107   32.22850   28.33649  12.1%     -    9s
    15    22   28.33649    4  246   32.22850   28.33649  12.1%   633   10s
H   32    31                      31.5162000   28.40751  9.86%   558   10s
H   67    54                      31.3444200   28.40751  9.37%   358   10s
H   72    54                      31.2663000   28.40751  9.14%   354   10s
H  106    76                      31.0362800   28.40810  8.47%   318   12s
H  162   121                      30.4402200   28.49718  6.38%   274   13s
H  202   153                      30.3275800   28.49718  6.04%   247   13s
   544   402   29.43788   38   36   30.32758   28.72267  5.29%   112   15s
  1456   790   29.59290   22   80   30.32758   29.24031  3.59%  81.2   24s
  1459   792   29.32484   42  165   30.32758   29.24031  3.59%  81.0   25s
  1466   800   29.24031   12  162   30.32758   29.24031  3.59%   108   30s
  3051  1013   29.36844   51   30   30.32758   29.24031  3.59%  89.8   35s
H 3882   958                      30.3273800   29.24031  3.58%  84.5   37s
  5842  1721 infeasible   50        30.32738   29.24031  3.58%  81.3   40s
 10174  2880   29.26304   44  100   30.32738   29.24031  3.58%  78.6   45s
 14375  4305   30.28281   55   54   30.32738   29.24031  3.58%  75.2   51s
 18099  4879   30.27964   69   40   30.32738   29.24031  3.58%  73.5   55s
 20875  5940   29.24686   52  103   30.32738   29.24031  3.58%  73.8   60s
 25123  7094   30.31877   51   59   30.32738   29.24031  3.58%  73.0   66s
 28578  8017   30.32531   65   34   30.32738   29.24031  3.58%  74.2   71s
 30592  8264   30.32531   60  212   30.32738   29.24031  3.58%  76.0   81s
 30595  8266   30.32531   40  424   30.32738   29.24031  3.58%  76.0   85s
 30602  8271   29.95359   50  213   30.32738   29.24031  3.58%  76.0   90s
 30832  8357   29.54638   41   43   30.32738   29.24031  3.58%  77.7   95s
 32771  8467   29.24459   47   67   30.32738   29.24031  3.58%  76.9  100s
 34794  8008   29.24031   42   59   30.32738   29.24031  3.58%  79.1  105s
 38956  7381   29.26531   53   62   30.32738   29.24031  3.58%  78.7  111s
 42336  6729     cutoff   49        30.32738   29.24031  3.58%  79.1  115s
 44984  6366   30.09031   40   50   30.32738   29.24031  3.58%  79.4  120s
 47820  6183   29.24692   53   17   30.32738   29.24031  3.58%  79.5  126s
 50221  6038   29.25265   54   63   30.32738   29.24031  3.58%  79.3  130s
 54786  5358   29.76786   50   52   30.32738   29.24031  3.58%  78.9  136s
 57366  5721   29.26403   52   74   30.32738   29.24031  3.58%  79.2  140s
 59986  6414   30.32531   64   27   30.32738   29.24031  3.58%  79.4  146s
 62518  7049 infeasible   44        30.32738   29.24031  3.58%  79.7  150s
 65720  7729   29.26892   58   63   30.32738   29.24031  3.58%  80.2  156s
 68209  8216     cutoff   41        30.32738   29.24031  3.58%  80.4  161s
 70539  8622   30.32531   60   29   30.32738   29.24031  3.58%  80.6  169s
 71330  8884   30.08031   56   67   30.32738   29.24031  3.58%  80.5  171s
 72961  9328   29.32006   56   51   30.32738   29.24031  3.58%  80.5  175s
 77485 10425     cutoff   52        30.32738   29.24031  3.58%  80.9  182s
 79090 10913   30.25731   50   42   30.32738   29.24031  3.58%  80.9  185s
 83952 11914   29.24031   36   63   30.32738   29.24031  3.58%  80.2  191s
 86056 12507   29.25248   47   81   30.32738   29.24031  3.58%  80.2  195s
 89890 13018   29.29490   47   41   30.32738   29.24031  3.58%  80.3  201s
 91316 13500   30.09031   46   85   30.32738   29.24031  3.58%  80.9  205s
 95129 14525   30.10660   45  178   30.32738   29.24031  3.58%  80.7  211s
 97925 15420   29.24947   49  113   30.32738   29.24031  3.58%  80.6  216s
*100094  4747              82      29.7501600   29.24031  1.71%  80.6  218s
 100656  5643   29.27472   53   78   29.75016   29.24031  1.71%  80.7  222s
*101491  5486              93      29.6720400   29.24031  1.46%  80.3  222s
 103807  5617   29.39882   71   18   29.67204   29.24031  1.46%  79.2  227s
 106418  5617   29.28598   54  212   29.67204   29.24031  1.46%  78.2  231s
 106422  5620   29.52162   56  215   29.67204   29.24031  1.46%  78.2  235s
 106430  5625   29.35163   53  228   29.67204   29.24031  1.46%  78.2  240s
 108152  5726   29.32504   61   49   29.67204   29.24031  1.46%  77.8  245s
 113072  5234 infeasible   59        29.67204   29.24031  1.46%  76.1  250s
 116404  5226 infeasible   72        29.67204   29.24031  1.46%  75.4  255s
 120716  4736   29.34674   71   26   29.67204   29.24031  1.46%  73.8  260s
 125408  4984   29.34674   81   20   29.67204   29.24031  1.46%  72.7  266s
 128904  5733   29.24031   63   68   29.67204   29.24031  1.46%  71.8  271s
 133054  6035   29.47694   73   44   29.67204   29.24031  1.46%  70.7  276s
 136557  6168   29.52034   63  212   29.67204   29.24031  1.46%  69.9  282s
 136560  6170   29.26408   65  228   29.67204   29.24031  1.46%  69.9  285s
 136571  6177   29.47694   68  171   29.67204   29.24031  1.46%  69.9  290s
 138733  6534   29.24031   67   53   29.67204   29.24031  1.46%  69.6  295s
 144139  6453   29.24031   62   88   29.67204   29.24031  1.46%  68.2  300s
 149207  5716   29.41618   78   42   29.67204   29.24031  1.46%  67.3  305s
 153020  5216   29.27294   65   95   29.67204   29.24031  1.46%  66.8  311s
 155903  5090   29.34220  115   30   29.67204   29.24031  1.46%  66.4  315s
 160284  5717 infeasible   69        29.67204   29.24031  1.46%  66.1  320s
 164403  6251 infeasible   73        29.67204   29.24031  1.46%  65.9  325s
 167770  6343   29.39882   69  212   29.67204   29.24031  1.46%  65.3  331s
 167776  6347   29.51600   93  244   29.67204   29.24031  1.46%  65.3  335s
 167786  6354   29.31616   97  216   29.67204   29.24031  1.46%  65.3  340s
 167796  6360   29.32484   70  194   29.67204   29.24031  1.46%  65.3  345s
 169972  6742   29.41031   69   79   29.67204   29.24031  1.46%  65.2  350s
 174496  7112 infeasible  101        29.67204   29.24031  1.46%  64.8  355s
 178921  6499   29.54618   85   28   29.67204   29.24031  1.46%  64.6  360s
 182553  6125   29.24031   94   50   29.67204   29.24031  1.46%  64.6  365s
 186396  5068     cutoff   83        29.67204   29.24031  1.46%  64.8  371s
 189153  5598   29.24031  104   36   29.67204   29.24031  1.46%  64.8  376s
 193005  5673   29.27105  113   83   29.67204   29.24031  1.46%  64.5  380s
 195835  5727     cutoff   72        29.67204   29.24031  1.46%  64.8  385s
 199917  6830   29.24031   84   39   29.67204   29.24031  1.46%  64.7  391s
 202145  7133     cutoff  105        29.67204   29.24031  1.46%  64.6  395s
 206082  7606   29.24031   90   34   29.67204   29.24031  1.46%  64.7  401s
 208580  7755   29.24031   87   60   29.67204   29.24031  1.46%  64.8  405s
 211200  8102     cutoff   98        29.67204   29.24031  1.46%  64.9  410s
 214984  8225   29.43128  103   81   29.67204   29.24031  1.46%  65.1  416s
 217693  8294   29.24031  103   50   29.67204   29.24031  1.46%  65.3  421s
 220436  8439   29.24031   95   36   29.67204   29.24031  1.46%  65.4  426s
 223005  8458   29.24031   83   37   29.67204   29.24031  1.46%  65.7  431s
 225734  8536   29.24031   97   38   29.67204   29.24031  1.46%  65.8  436s
 228137  8599   29.24031   94   30   29.67204   29.24031  1.46%  66.0  441s
 230253  8516   29.27087   98   69   29.67204   29.24031  1.46%  66.0  447s
 232724  8541   29.25162  100   55   29.67204   29.24031  1.46%  66.3  451s
 235918  8703   29.24031   97   44   29.67204   29.24031  1.46%  66.6  456s
 238964  8785     cutoff   86        29.67204   29.24031  1.46%  66.8  462s
 240550  8838   29.24031   77   72   29.67204   29.24031  1.46%  66.8  465s
 243860  8925   29.24031   81   43   29.67204   29.24031  1.46%  66.8  471s
 246537  9118   29.43452  109   62   29.67204   29.24031  1.46%  66.9  475s
 249052  9302 infeasible  105        29.67204   29.24031  1.46%  67.3  480s
 251742  9375 infeasible   92        29.67204   29.24031  1.46%  67.6  485s
 254596  9229   29.24031  101   56   29.67204   29.24031  1.46%  67.8  490s
 257039  9341   29.59846   99   28   29.67204   29.24031  1.46%  68.1  495s
 260313  9441   29.43334   75   56   29.67204   29.24031  1.46%  68.0  501s
 262878  9542   29.24363   70  122   29.67204   29.24031  1.46%  68.0  505s
 265328  9672 infeasible   75        29.67204   29.24031  1.46%  68.3  511s
 268030  9900 infeasible   99        29.67204   29.24031  1.46%  68.5  517s
 269546  9950     cutoff   92        29.67204   29.24031  1.46%  68.5  520s
 272408 10025   29.24031   68  103   29.67204   29.24031  1.46%  68.7  525s
 275387 10189   29.24031   85   41   29.67204   29.24031  1.46%  68.8  531s
 277484 10291   29.48562   81   38   29.67204   29.24031  1.46%  68.9  538s
 277980 10945 infeasible   82        29.67204   29.24031  1.46%  68.9  544s
 279471 10945   29.24031   73   82   29.67204   29.24031  1.46%  68.9  545s
 283156 11741   29.24031   86   99   29.67204   29.24031  1.46%  68.7  553s
 285202 11982   29.24031   90   25   29.67204   29.24031  1.46%  68.6  558s
 287247 12106     cutoff  104        29.67204   29.24031  1.46%  68.5  562s
 289228 12157     cutoff  116        29.67204   29.24031  1.46%  68.3  567s
 290985 12168 infeasible   95        29.67204   29.24031  1.46%  68.2  570s
 294261 12301   29.31182  101   24   29.67204   29.24031  1.46%  68.1  577s
 295812 12323   29.24764   96   92   29.67204   29.24031  1.46%  68.0  580s
 298025 12265   29.28570  106   35   29.67204   29.24031  1.46%  67.9  585s
 300636 12373   29.24031   88   49   29.67204   29.24031  1.46%  67.8  591s
 303454 12379   29.24507   98   64   29.67204   29.24031  1.46%  67.7  596s
 306035 12400 infeasible   92        29.67204   29.24031  1.46%  67.6  602s
 307298 12512   29.24031   93   59   29.67204   29.24031  1.46%  67.6  605s
 310076 12728     cutoff   91        29.67204   29.24031  1.46%  67.5  611s
 313013 12685     cutoff  120        29.67204   29.24031  1.46%  67.3  616s
 315558 12719 infeasible  110        29.67204   29.24031  1.46%  67.2  621s
 318006 12880   29.24031   96   34   29.67204   29.24031  1.46%  67.1  626s
 320398 12984   29.24031  110   24   29.67204   29.24031  1.46%  67.0  631s
 322838 12982   29.24031  115   39   29.67204   29.24031  1.46%  66.9  637s
 325331 12935   29.28599  113   35   29.67204   29.24031  1.46%  66.8  641s
 328049 12957   29.24031  101   83   29.67204   29.24031  1.46%  66.7  647s
 330505 12925     cutoff   96        29.67204   29.24031  1.46%  66.6  652s
 331794 12858   29.24031  108   33   29.67204   29.24031  1.46%  66.6  655s
 334391 12922     cutoff  106        29.67204   29.24031  1.46%  66.5  660s
 336873 12887     cutoff   85        29.67204   29.24031  1.46%  66.5  665s
 338739 12878     cutoff  107        29.67204   29.24031  1.46%  66.5  670s
 341264 12966   29.24031   94   36   29.67204   29.24031  1.46%  66.5  675s
 343971 12925     cutoff  100        29.67204   29.24031  1.46%  66.5  680s
 345903 13060 infeasible   87        29.67204   29.24031  1.46%  66.6  685s
 348874 13150   29.24031   78   38   29.67204   29.24031  1.46%  66.8  691s
 350463 13228 infeasible   90        29.67204   29.24031  1.46%  67.0  696s
H352005 13345                      29.6720399   29.24031  1.46%  67.1  698s
 352084 13450   29.30748   74   43   29.67204   29.24031  1.46%  67.1  701s
 354875 13645     cutoff   90        29.67204   29.24031  1.46%  67.2  708s
 356364 13718     cutoff  107        29.67204   29.24031  1.46%  67.2  711s
 358718 13748   29.24031   92   99   29.67204   29.24031  1.46%  67.2  715s
 361129 13865   29.24031   94   43   29.67204   29.24031  1.46%  67.3  721s
 363547 13973   29.31450   72   57   29.67204   29.24031  1.46%  67.3  726s
 366096 14111 infeasible   73        29.67204   29.24031  1.46%  67.4  732s
 367564 14127     cutoff  104        29.67204   29.24031  1.46%  67.4  735s
 370451 14324   29.24672   98   82   29.67204   29.24031  1.46%  67.6  741s
 372146 14540 infeasible   83        29.67204   29.24031  1.46%  67.8  747s
 373583 14754     cutoff   74        29.67204   29.24031  1.46%  67.9  750s
 376137 14835   29.24031   94   49   29.67204   29.24031  1.46%  68.1  757s
 377971 14869   29.32658  107   45   29.67204   29.24031  1.46%  68.2  760s
 380909 15034   29.24309   88   98   29.67204   29.24031  1.46%  68.4  767s
 382612 15099   29.24661   83   56   29.67204   29.24031  1.46%  68.4  772s
 384496 15276   29.32667   80   61   29.67204   29.24031  1.46%  68.3  775s
 387328 15473   29.25387   94   49   29.67204   29.24031  1.46%  68.1  781s
 389667 15283 infeasible   84        29.67204   29.24031  1.46%  68.1  787s
 390720 15293   29.29012  106   29   29.67204   29.24031  1.46%  68.2  790s
 393705 15524     cutoff   88        29.67204   29.24052  1.45%  68.3  796s
 396416 15508   29.33650   79   82   29.67204   29.24085  1.45%  68.4  802s
 397681 15398   29.24908   84  130   29.67204   29.24085  1.45%  68.4  805s
 399977 15336     cutoff  107        29.67204   29.24159  1.45%  68.5  810s
 401702 15115   29.24672   85   37   29.67204   29.24618  1.44%  68.7  816s
 403349 14874   29.29569  103   43   29.67204   29.24672  1.43%  68.7  821s
 405118 14691   29.24692  111   27   29.67204   29.24672  1.43%  68.6  826s
 408416 14444   29.31636   83   27   29.67204   29.24692  1.43%  68.5  831s
 410019 14365   29.25540   77   29   29.67204   29.25540  1.40%  68.5  838s
 410200 14442   29.25540   78   26   29.67204   29.25540  1.40%  68.5  841s
 413151 14581   29.65468   95   31   29.67204   29.25540  1.40%  68.4  846s
 415257 14687 infeasible   98        29.67204   29.25540  1.40%  68.3  851s
 417041 14810   29.25560  113   20   29.67204   29.25560  1.40%  68.3  856s
 418974 14634 infeasible   80        29.67204   29.25560  1.40%  68.1  860s
 420328 14321 infeasible  117        29.67204   29.25560  1.40%  68.1  865s
 422575 14142 infeasible   90        29.67204   29.26408  1.37%  68.0  872s
 423797 14105   29.26408   84   29   29.67204   29.26408  1.37%  67.9  877s
 425162 14097   29.26408   90   36   29.67204   29.26408  1.37%  67.9  880s
 428096 14334   29.26862  110   22   29.67204   29.26408  1.37%  67.7  887s
 429647 14338 infeasible  105        29.67204   29.26408  1.37%  67.6  890s
 432628 14130 infeasible  106        29.67204   29.26408  1.37%  67.4  896s
 434762 14051   29.26408   91   18   29.67204   29.26408  1.37%  67.3  901s
 437312 14003   29.26408   91   56   29.67204   29.26408  1.37%  67.1  907s
 438605 13981   29.26862  108   10   29.67204   29.26408  1.37%  67.1  910s
 440429 13897 infeasible  111        29.67204   29.26408  1.37%  67.0  915s
 442905 13564   29.27276  104   19   29.67204   29.26862  1.36%  66.9  921s
 444195 13424     cutoff   79        29.67204   29.27259  1.35%  67.0  926s
 445471 13411   29.27276   91   33   29.67204   29.27276  1.35%  66.9  930s
 448549 13259   29.27276   91   41   29.67204   29.27276  1.35%  66.8  938s
 449737 13108     cutoff  107        29.67204   29.27276  1.35%  66.8  942s
 450941 13031   29.32761   87   96   29.67204   29.27276  1.35%  66.8  946s
 453340 12837 infeasible   99        29.67204   29.27276  1.35%  66.7  951s
 454746 12783   29.32531   79   47   29.67204   29.27276  1.35%  66.7  955s
 456801 12983   29.28578   90   24   29.67204   29.28578  1.30%  66.6  964s
 459241 13085   29.28578  109   14   29.67204   29.28578  1.30%  66.3  967s
 460303 13267 infeasible  111        29.67204   29.28578  1.30%  66.2  970s
 463149 13354 infeasible  114        29.67204   29.28578  1.30%  66.0  976s
 465788 13395   29.28578  106   20   29.67204   29.28578  1.30%  65.7  982s
 467101 13456   29.28578  121   18   29.67204   29.28578  1.30%  65.6  986s
 470468 13613   29.28578  114   25   29.67204   29.28578  1.30%  65.3  992s
 471635 13608 infeasible  106        29.67204   29.28578  1.30%  65.2  997s
 473825 13667   29.28578  108   12   29.67204   29.28578  1.30%  65.0 1000s
 476533 13635   29.28578   99   24   29.67204   29.28578  1.30%  64.8 1007s
 477972 13678   29.28578  111    6   29.67204   29.28578  1.30%  64.7 1010s
 480329 13748   29.28578  121   22   29.67204   29.28578  1.30%  64.5 1016s
 481995 13787 infeasible  122        29.67204   29.28578  1.30%  64.3 1020s
 484777 13752   29.28578  120    6   29.67204   29.28578  1.30%  64.1 1026s
 487320 13819 infeasible  116        29.67204   29.28578  1.30%  63.9 1035s
 491575 13781   29.28578  106   30   29.67204   29.28578  1.30%  63.5 1041s
 493904 13904   29.28578  106   26   29.67204   29.28578  1.30%  63.3 1046s
 496639 13922 infeasible  121        29.67204   29.28578  1.30%  63.0 1052s
 497757 13930 infeasible  111        29.67204   29.28578  1.30%  62.9 1055s
 499681 13915 infeasible  117        29.67204   29.28578  1.30%  62.8 1060s
 501905 14016   29.28578  106   27   29.67204   29.28578  1.30%  62.6 1066s
 503577 13991   29.28578  108   28   29.67204   29.28578  1.30%  62.5 1072s
 506369 13996   29.28578  107    4   29.67204   29.28578  1.30%  62.2 1075s
 508343 14087   29.28578  118   24   29.67204   29.28578  1.30%  62.1 1080s
 510766 14127 infeasible  114        29.67204   29.28578  1.30%  61.9 1086s
 512358 14128 infeasible   98        29.67204   29.28578  1.30%  61.8 1090s
 515794 14122 infeasible  110        29.67204   29.28578  1.30%  61.5 1096s
 518839 14181 infeasible  114        29.67204   29.28578  1.30%  61.2 1102s
 519812 14247   29.28578  116   24   29.67204   29.28578  1.30%  61.1 1108s
 522270 14316 infeasible  112        29.67204   29.28578  1.30%  60.9 1112s
 524327 14323   29.28578  105   12   29.67204   29.28578  1.30%  60.8 1115s
 527374 14300 infeasible  116        29.67204   29.28578  1.30%  60.6 1122s
 528643 14357   29.28578  118    9   29.67204   29.28578  1.30%  60.5 1126s
 531668 14405 infeasible  113        29.67204   29.28578  1.30%  60.3 1132s
 533172 14405 infeasible  107        29.67204   29.28578  1.30%  60.2 1135s
 536227 14424   29.28578  101   30   29.67204   29.28578  1.30%  60.0 1141s
 537462 14498   29.28578  106    8   29.67204   29.28578  1.30%  59.9 1146s
 540879 14591 infeasible  121        29.67204   29.28578  1.30%  59.7 1152s
 542246 14651   29.28578   98   43   29.67204   29.28578  1.30%  59.7 1155s
 545068 14716   29.28578  103   10   29.67204   29.28578  1.30%  59.5 1161s
 547638 14809   29.40791  113   25   29.67204   29.28578  1.30%  59.3 1167s
 549133 14832   29.28578  110   36   29.67204   29.28578  1.30%  59.2 1170s
 551429 14890   29.28578   96   26   29.67204   29.28578  1.30%  59.1 1176s
 552873 14888   29.28578   94   25   29.67204   29.28578  1.30%  59.0 1180s
 556509 14911   29.28578  106   22   29.67204   29.28578  1.30%  58.8 1186s
 558872 15027   29.28578   99    8   29.67204   29.28578  1.30%  58.6 1192s
 559952 15078 infeasible  108        29.67204   29.28578  1.30%  58.6 1195s
 562334 15084 infeasible  110        29.67204   29.28578  1.30%  58.4 1201s
 564382 15245   29.35143  102   36   29.67204   29.28578  1.30%  58.3 1207s
 565715 15253   29.28578  123   16   29.67204   29.28578  1.30%  58.3 1211s
 567487 15303 infeasible  108        29.67204   29.28578  1.30%  58.1 1215s
 570790 15349   29.28578   96   36   29.67204   29.28578  1.30%  57.9 1221s
 573076 15428 infeasible  112        29.67204   29.28578  1.30%  57.8 1227s
 574407 15483 infeasible  104        29.67204   29.28578  1.30%  57.7 1230s
 577117 15565   29.28578  105   40   29.67204   29.28578  1.30%  57.6 1235s
 579672 15633   29.28578  110   40   29.67204   29.28578  1.30%  57.5 1242s
 581017 15686   29.28578  108   41   29.67204   29.28578  1.30%  57.4 1245s
 583905 15785 infeasible  102        29.67204   29.28578  1.30%  57.3 1252s
 585429 15778   29.28578   99   25   29.67204   29.28578  1.30%  57.2 1255s
 588495 15869 infeasible  114        29.67204   29.28578  1.30%  57.1 1262s
 589804 15904   29.28578  100   20   29.67204   29.28578  1.30%  57.0 1265s
 592652 15957   29.28578   99   30   29.67204   29.28578  1.30%  56.9 1271s
 595383 16005   29.28578  102   31   29.67204   29.28578  1.30%  56.8 1277s
 596840 16052 infeasible  102        29.67204   29.28578  1.30%  56.7 1280s
 600136 16101 infeasible  101        29.67204   29.28578  1.30%  56.5 1288s
 601409 16155   29.28578  100   51   29.67204   29.28578  1.30%  56.5 1291s
 604057 16230   29.35143  108   36   29.67204   29.28578  1.30%  56.4 1297s
 605164 16267 infeasible  113        29.67204   29.28578  1.30%  56.3 1300s
 608111 16359   29.28578  106   32   29.67204   29.28578  1.30%  56.2 1307s
 609566 16375 infeasible  107        29.67204   29.28578  1.30%  56.1 1310s
 612685 16329   29.28578  113   18   29.67204   29.28578  1.30%  56.0 1317s
 614005 16357   29.28578  107   10   29.67204   29.28578  1.30%  55.9 1320s
 617075 16388     cutoff  108        29.67204   29.28578  1.30%  55.7 1327s
 618761 16349   29.28578  110   25   29.67204   29.28578  1.30%  55.7 1330s
 621537 16324 infeasible  104        29.67204   29.28578  1.30%  55.5 1337s
 622828 16313   29.28578   97   32   29.67204   29.28578  1.30%  55.5 1340s
 625597 16250 infeasible  126        29.67204   29.28578  1.30%  55.4 1346s
 628135 16192   29.28578  106   28   29.67204   29.28578  1.30%  55.3 1351s
 630637 16128 infeasible  110        29.67204   29.28578  1.30%  55.2 1358s
 631978 16108   29.28578  115   26   29.67204   29.28578  1.30%  55.1 1361s
 634920 16101   29.28578  100   26   29.67204   29.28578  1.30%  55.0 1368s
 636375 16036 infeasible  106        29.67204   29.28578  1.30%  54.9 1372s
 637930 15991   29.28578   99   43   29.67204   29.28578  1.30%  54.8 1375s
 640637 15888   29.28578  109   26   29.67204   29.28578  1.30%  54.8 1381s
 642018 15848 infeasible  115        29.67204   29.28578  1.30%  54.7 1385s
 644708 15832   29.28578  100   33   29.67204   29.28578  1.30%  54.6 1391s
 647424 15773 infeasible  112        29.67204   29.28578  1.30%  54.5 1397s
 648783 15724 infeasible  102        29.67204   29.28578  1.30%  54.5 1400s
 651464 15823 infeasible   99        29.67204   29.28578  1.30%  54.4 1407s
 653278 15833   29.28578  105   29   29.67204   29.28578  1.30%  54.3 1410s
 655623 15767   29.28578   97   28   29.67204   29.28578  1.30%  54.3 1416s
 658349 15809 infeasible  117        29.67204   29.28578  1.30%  54.2 1422s
 659793 15811   29.28578   96   36   29.67204   29.28578  1.30%  54.1 1425s
 662618 15821 infeasible  113        29.67204   29.28578  1.30%  54.0 1431s
 664995 15768 infeasible  106        29.67204   29.28578  1.30%  54.0 1436s
 666298 15773   29.28578  108   27   29.67204   29.28578  1.30%  53.9 1440s
 668601 15753   29.28578  110   35   29.67204   29.28578  1.30%  53.9 1447s
 671109 15729   29.28578   97   54   29.67204   29.28578  1.30%  53.8 1451s
 672554 15752   29.28578  110   23   29.67204   29.28578  1.30%  53.7 1455s
 675713 15697   29.28578  100   35   29.67204   29.28578  1.30%  53.6 1461s
 678439 15679   29.28578  101   39   29.67204   29.28578  1.30%  53.5 1467s
 679773 15663   29.28578  112    8   29.67204   29.28578  1.30%  53.5 1471s
 682320 15694   29.28578  103   38   29.67204   29.28578  1.30%  53.4 1477s
 683913 15697   29.28578  107   22   29.67204   29.28578  1.30%  53.4 1481s
 686492 15603   29.28578  119   28   29.67204   29.28578  1.30%  53.3 1486s
 687839 15567   29.28578  107   44   29.67204   29.28578  1.30%  53.3 1490s
 690527 15527   29.28578  109   28   29.67204   29.28578  1.30%  53.2 1496s
 693026 15492   29.28578   91   40   29.67204   29.28578  1.30%  53.1 1502s
 694509 15506   29.28578   93   43   29.67204   29.28578  1.30%  53.1 1506s
 697545 15478   29.28578  104   38   29.67204   29.28578  1.30%  53.0 1512s
 698894 15457   29.28578   98   28   29.67204   29.28578  1.30%  52.9 1516s
 701612 15478 infeasible  106        29.67204   29.28578  1.30%  52.9 1522s
 703111 15440 infeasible  108        29.67204   29.28578  1.30%  52.8 1526s
 705739 15348 infeasible  118        29.67204   29.28578  1.30%  52.8 1532s
 707164 15289   29.28578  110   20   29.67204   29.28578  1.30%  52.7 1535s
 709746 15212 infeasible   95        29.67204   29.28578  1.30%  52.6 1542s
 711330 15203 infeasible  102        29.67204   29.28578  1.30%  52.6 1545s
 713788 15204 infeasible  104        29.67204   29.28578  1.30%  52.5 1551s
 716571 15157   29.28578   97   37   29.67204   29.28578  1.30%  52.5 1557s
 717944 15182   29.28578  111   36   29.67204   29.28578  1.30%  52.4 1561s
 720468 15084   29.28578  111   22   29.67204   29.28578  1.30%  52.4 1567s
 722123 15026 infeasible   94        29.67204   29.28578  1.30%  52.3 1570s
 724717 14955 infeasible  114        29.67204   29.28578  1.30%  52.2 1577s
 726143 14869   29.28578  112   25   29.67204   29.28578  1.30%  52.2 1580s
 728918 14823   29.28578  102   24   29.67204   29.28578  1.30%  52.1 1587s
 730475 14827 infeasible  107        29.67204   29.28578  1.30%  52.1 1591s
 733199 14920 infeasible  101        29.67204   29.28578  1.30%  52.0 1597s
 734443 14928   29.28578   96   14   29.67204   29.28578  1.30%  51.9 1601s
 737245 15061   29.28578  112   16   29.67204   29.28578  1.30%  51.8 1607s
 738311 15073 infeasible  104        29.67204   29.28578  1.30%  51.8 1611s
 740851 15091 infeasible  107        29.67204   29.28578  1.30%  51.7 1618s
 742345 15120   29.28578  103   28   29.67204   29.28578  1.30%  51.6 1621s
 744906 15132 infeasible  104        29.67204   29.28578  1.30%  51.5 1628s
 746152 15197   29.28578  110   16   29.67204   29.28578  1.30%  51.5 1631s
 748833 15164   29.28578  107   35   29.67204   29.28578  1.30%  51.4 1638s
 750069 15156   29.28578  100   22   29.67204   29.28578  1.30%  51.3 1641s
 752644 15238 infeasible  113        29.67204   29.28578  1.30%  51.2 1647s
 753732 15251 infeasible  110        29.67204   29.28578  1.30%  51.2 1651s
 756633 15217   29.28578  107   31   29.67204   29.28578  1.30%  51.1 1657s
 757647 15201 infeasible   98        29.67204   29.28578  1.30%  51.0 1661s
 760113 15170   29.28578  105    8   29.67204   29.28578  1.30%  51.0 1667s
 761426 15198 infeasible  105        29.67204   29.28578  1.30%  50.9 1671s
 764033 15222 infeasible  103        29.67204   29.28578  1.30%  50.8 1677s
 765406 15263 infeasible   95        29.67204   29.28578  1.30%  50.8 1681s
 767107 15205 infeasible  110        29.67204   29.28578  1.30%  50.7 1685s
 769340 15198   29.28578  111   19   29.67204   29.28578  1.30%  50.7 1692s
 770954 15329 infeasible  117        29.67204   29.28578  1.30%  50.6 1696s
 772627 15347   29.28578  104   15   29.67204   29.28578  1.30%  50.5 1700s
 775667 15423 infeasible  114        29.67204   29.28578  1.30%  50.4 1708s
 777397 15398   29.28578  106    8   29.67204   29.28578  1.30%  50.4 1711s
 778709 15427   29.28578  109   16   29.67204   29.28578  1.30%  50.3 1715s
 781574 15464 infeasible  104        29.67204   29.28578  1.30%  50.2 1722s
 783093 15460   29.28578   99   15   29.67204   29.28578  1.30%  50.2 1725s
 785791 15426   29.28578  101   12   29.67204   29.28578  1.30%  50.1 1732s
 787039 15365   29.28578   94   26   29.67204   29.28578  1.30%  50.0 1735s
 789229 15332   29.28578   93   21   29.67204   29.28578  1.30%  50.0 1741s
 791255 15344 infeasible  105        29.67204   29.28578  1.30%  49.9 1747s
 792819 15316 infeasible  108        29.67204   29.28578  1.30%  49.8 1751s
 795215 15268   29.28578  115   16   29.67204   29.28578  1.30%  49.8 1757s
 796442 15298   29.28578  113   22   29.67204   29.28578  1.30%  49.7 1760s
 798559 15310   29.28578  101   24   29.67204   29.28578  1.30%  49.7 1767s
 800286 15305   29.28578  106   14   29.67204   29.28578  1.30%  49.6 1771s
 802618 15434   29.28578   96   35   29.67204   29.28578  1.30%  49.5 1776s
 804717 15513   29.28578  103   21   29.67204   29.28578  1.30%  49.5 1783s
 806113 15499 infeasible  104        29.67204   29.28578  1.30%  49.4 1786s
 808384 15484   29.28578  102   32   29.67204   29.28578  1.30%  49.4 1791s
 810072 15472   29.28578  110   18   29.67204   29.28578  1.30%  49.3 1798s
 812001 15469 infeasible  107        29.67204   29.28578  1.30%  49.2 1802s
 813282 15539 infeasible  108        29.67204   29.28578  1.30%  49.2 1805s
 815633 15620   29.28578  105   14   29.67204   29.28578  1.30%  49.1 1811s
 817851 15661 infeasible  104        29.67204   29.28578  1.30%  49.1 1818s
 819738 15696 infeasible  116        29.67204   29.28578  1.30%  49.0 1822s
 821041 15733   29.28578  111   16   29.67204   29.28578  1.30%  49.0 1825s
 823430 15764 infeasible  111        29.67204   29.28578  1.30%  48.9 1832s
 825201 15748   29.28578  116    8   29.67204   29.28578  1.30%  48.8 1835s
 827425 15720 infeasible  104        29.67204   29.28578  1.30%  48.8 1842s
 828695 15716   29.28578  109   20   29.67204   29.28578  1.30%  48.7 1845s
 831045 15792   29.28578  102   15   29.67204   29.28578  1.30%  48.7 1852s
 832643 15884   29.28578  115   28   29.67204   29.28578  1.30%  48.6 1856s
 833832 15880   29.28578  104   10   29.67204   29.28578  1.30%  48.6 1860s
 836978 15840   29.28578  112   20   29.67204   29.28578  1.30%  48.5 1867s
 838248 15831   29.28578  110   16   29.67204   29.28578  1.30%  48.5 1870s
 840616 15733   29.28578  114   28   29.67204   29.28578  1.30%  48.4 1877s
 841925 15758   29.28578  109   14   29.67204   29.28578  1.30%  48.4 1880s
 844130 15781 infeasible   98        29.67204   29.28578  1.30%  48.3 1887s
 845758 15770   29.28578  110    8   29.67204   29.28578  1.30%  48.3 1891s
 846940 15776 infeasible  117        29.67204   29.28578  1.30%  48.3 1897s
 849101 15720 infeasible  104        29.67204   29.28578  1.30%  48.2 1900s
 851558 15673   29.28578  115   29   29.67204   29.28578  1.30%  48.1 1907s
 852770 15683 infeasible  100        29.67204   29.28578  1.30%  48.1 1910s
 854920 15780 infeasible  103        29.67204   29.28578  1.30%  48.1 1917s
 856049 15802 infeasible  103        29.67204   29.28578  1.30%  48.0 1921s
 858971 15792 infeasible  101        29.67204   29.28578  1.30%  47.9 1927s
 859852 15801   29.28578  104   12   29.67204   29.28578  1.30%  47.9 1931s
 861377 15841   29.28578  105   12   29.67204   29.28578  1.30%  47.9 1935s
 863785 15849   29.28578  102   24   29.67204   29.28578  1.30%  47.8 1944s
 865989 15836   29.28578  102   19   29.67204   29.28578  1.30%  47.8 1947s
 867234 15862   29.28578  102   16   29.67204   29.28578  1.30%  47.7 1950s
 869673 15863 infeasible  117        29.67204   29.28578  1.30%  47.7 1957s
 871303 15875 infeasible  108        29.67204   29.28578  1.30%  47.6 1961s
 873697 15949   29.28578  104   30   29.67204   29.28578  1.30%  47.6 1968s
 875387 15940 infeasible  117        29.67204   29.28578  1.30%  47.5 1971s
 877422 15900 infeasible  107        29.67204   29.28578  1.30%  47.5 1976s
 879352 15916   29.28578  105   24   29.67204   29.28578  1.30%  47.4 1982s
 880364 15898 infeasible  115        29.67204   29.28578  1.30%  47.4 1985s
 883348 15863   29.28578  114   20   29.67204   29.28578  1.30%  47.3 1992s
 884981 15850 infeasible  103        29.67204   29.28578  1.30%  47.3 1996s
 887532 15889   29.28578  102   19   29.67204   29.28578  1.30%  47.2 2002s
 889220 15893 infeasible  105        29.67204   29.28578  1.30%  47.2 2006s
 890396 15905 infeasible  105        29.67204   29.28578  1.30%  47.2 2010s
 893255 15890 infeasible  113        29.67204   29.28578  1.30%  47.1 2016s
 895766 15882 infeasible  108        29.67204   29.28578  1.30%  47.0 2021s
 897578 15851   29.28578  114   17   29.67204   29.28578  1.30%  47.0 2025s
 899536 15837 infeasible  105        29.67204   29.28578  1.30%  46.9 2031s
 902057 15866 infeasible  114        29.67204   29.28578  1.30%  46.9 2038s
 903713 15820 infeasible  108        29.67204   29.28578  1.30%  46.8 2041s
 906242 15834 infeasible  105        29.67204   29.28578  1.30%  46.8 2048s
 907884 15812 infeasible  111        29.67204   29.28578  1.30%  46.7 2051s
 910688 15807   29.28578   99   20   29.67204   29.28578  1.30%  46.6 2058s
 912001 15819   29.28578  109   10   29.67204   29.28578  1.30%  46.6 2061s
 913234 15832 infeasible  106        29.67204   29.28578  1.30%  46.6 2065s
 916455 15819 infeasible  103        29.67204   29.28578  1.30%  46.5 2072s
 918112 15799   29.28578  102   14   29.67204   29.28578  1.30%  46.4 2076s
 920956 15841   29.28578   91   25   29.67204   29.28578  1.30%  46.3 2083s
 922278 15887   29.28578  106   28   29.67204   29.28578  1.30%  46.3 2085s
 924718 15827   29.28578   99   14   29.67204   29.28578  1.30%  46.2 2092s
 926428 15815   29.28578  101   24   29.67204   29.28578  1.30%  46.2 2096s
 929206 15821   29.28578  106   10   29.67204   29.28578  1.30%  46.1 2102s
 930129 15827   29.28578  108   12   29.67204   29.28578  1.30%  46.1 2106s
 932587 15799 infeasible  108        29.67204   29.28578  1.30%  46.1 2113s
 934107 15776   29.28578   95   18   29.67204   29.28578  1.30%  46.0 2116s
 936858 15774 infeasible  105        29.67204   29.28578  1.30%  46.0 2123s
 938403 15808   29.28578   93   57   29.67204   29.28578  1.30%  45.9 2126s
 939809 15739   29.28578  104   12   29.67204   29.28578  1.30%  45.9 2131s
 942526 15757   29.28578  101   31   29.67204   29.28578  1.30%  45.8 2138s
 944012 15854   29.28578  104   13   29.67204   29.28578  1.30%  45.8 2141s
 945169 15916   29.28578   99   15   29.67204   29.28578  1.30%  45.8 2145s
 946897 15942 infeasible  110        29.67204   29.28578  1.30%  45.7 2150s
 950188 15910 infeasible  104        29.67204   29.28578  1.30%  45.6 2157s
 951534 15898   29.28578   98   17   29.67204   29.28578  1.30%  45.6 2161s
 954116 15866 infeasible  120        29.67204   29.28578  1.30%  45.5 2165s
 955652 15852   29.28578  116    9   29.67204   29.28578  1.30%  45.5 2171s
 957026 15885 infeasible  111        29.67204   29.28578  1.30%  45.4 2175s
 960339 15827 infeasible  109        29.67204   29.28578  1.30%  45.4 2181s
 962778 15943 infeasible  104        29.67204   29.28578  1.30%  45.3 2187s
 964227 16041   29.28578  106   16   29.67204   29.28578  1.30%  45.3 2191s
 966117 16127   29.28578  109    6   29.67204   29.28578  1.30%  45.2 2197s
 967807 16100 infeasible  109        29.67204   29.28578  1.30%  45.2 2201s
 970487 16062 infeasible  115        29.67204   29.28578  1.30%  45.1 2208s
 971929 16092 infeasible  118        29.67204   29.28578  1.30%  45.1 2212s
 973533 16045 infeasible  108        29.67204   29.28578  1.30%  45.0 2216s
 976724 15969 infeasible  104        29.67204   29.28578  1.30%  45.0 2222s
 978118 15979   29.28578  110   12   29.67204   29.28578  1.30%  44.9 2226s
 980710 15950   29.28578  116   22   29.67204   29.28578  1.30%  44.9 2232s
 983007 15887 infeasible  110        29.67204   29.28578  1.30%  44.8 2238s
 984109 15882   29.28578  112   18   29.67204   29.28578  1.30%  44.8 2241s
 985528 15900   29.28578  111   14   29.67204   29.28578  1.30%  44.8 2245s
 987966 15991 infeasible  106        29.67204   29.28578  1.30%  44.7 2251s
 990493 16064 infeasible  108        29.67204   29.28578  1.30%  44.6 2258s
 992252 16091 infeasible  113        29.67204   29.28578  1.30%  44.6 2263s
 994125 16116   29.28578  114   10   29.67204   29.28578  1.30%  44.5 2266s
 996675 16098   29.28578  108    2   29.67204   29.28578  1.30%  44.5 2271s
 997777 16142   29.28578   89   28   29.67204   29.28578  1.30%  44.4 2275s
 1000714 16157 infeasible  105        29.67204   29.28578  1.30%  44.4 2282s
 1002130 16221   29.28578  108   27   29.67204   29.28578  1.30%  44.4 2285s
 1005367 16197   29.28578  114    8   29.67204   29.28578  1.30%  44.3 2292s
 1006301 16179   29.28578  104   17   29.67204   29.28578  1.30%  44.3 2295s
 1009202 16145 infeasible  100        29.67204   29.28578  1.30%  44.2 2301s
 1011271 16096   29.28578  104   25   29.67204   29.28578  1.30%  44.1 2305s
 1013235 16032 infeasible  110        29.67204   29.28578  1.30%  44.1 2311s
 1015569 16026   29.28578  112   16   29.67204   29.28578  1.30%  44.1 2317s
 1017178 16113 infeasible  107        29.67204   29.28578  1.30%  44.0 2322s
 1018183 16096 infeasible  106        29.67204   29.28578  1.30%  44.0 2326s
 1021225 16011 infeasible  110        29.67204   29.28578  1.30%  44.0 2332s
 1022525 16030 infeasible  102        29.67204   29.28578  1.30%  43.9 2336s
 1025135 15989 infeasible  106        29.67204   29.28578  1.30%  43.9 2341s
 1026602 16000 infeasible  110        29.67204   29.28578  1.30%  43.8 2345s
 1029495 15962 infeasible  110        29.67204   29.28578  1.30%  43.8 2352s
 1030691 15930 infeasible  118        29.67204   29.28578  1.30%  43.8 2355s
 1033067 15965   29.28578  108   16   29.67204   29.28578  1.30%  43.7 2361s
 1034462 15940 infeasible  106        29.67204   29.28578  1.30%  43.7 2366s
 1037573 15902 infeasible  102        29.67204   29.28578  1.30%  43.6 2371s
 1039661 15886   29.28578  112   22   29.67204   29.28578  1.30%  43.6 2377s
 1040973 15847   29.28578  113    9   29.67204   29.28578  1.30%  43.6 2381s
 1043673 15749 infeasible  107        29.67204   29.28578  1.30%  43.5 2387s
 1045005 15721 infeasible  109        29.67204   29.28578  1.30%  43.5 2390s
 1048291 15714   29.28578  100   18   29.67204   29.28578  1.30%  43.4 2397s
 1049850 15685   29.28578  115   19   29.67204   29.28578  1.30%  43.4 2401s
 1052185 15704 infeasible  109        29.67204   29.28578  1.30%  43.3 2407s
 1053594 15650 infeasible   96        29.67204   29.28578  1.30%  43.3 2411s
 1056628 15648   29.28578  108   10   29.67204   29.28578  1.30%  43.2 2417s
 1057863 15631   29.28578  104   16   29.67204   29.28578  1.30%  43.2 2420s
 1060381 15589 infeasible  103        29.67204   29.28578  1.30%  43.2 2426s
 1061405 15636   29.28578  106   46   29.67204   29.28578  1.30%  43.2 2430s
 1064533 15608 infeasible  106        29.67204   29.28578  1.30%  43.1 2437s
 1066069 15623   29.28578  113   10   29.67204   29.28578  1.30%  43.1 2440s
 1068616 15567   29.28578  109   18   29.67204   29.28578  1.30%  43.0 2447s
 1070189 15540 infeasible  111        29.67204   29.28578  1.30%  43.0 2450s
 1072804 15500   29.28578  103   30   29.67204   29.28578  1.30%  43.0 2457s
 1074002 15464   29.28578   94   38   29.67204   29.28578  1.30%  43.0 2460s
 1076591 15428 infeasible  109        29.67204   29.28578  1.30%  42.9 2467s
 1078051 15466   29.28578   97   28   29.67204   29.28578  1.30%  42.9 2471s
 1079671 15448   29.28578   96   26   29.67204   29.28578  1.30%  42.9 2475s
 1082735 15440   29.28578  105   48   29.67204   29.28578  1.30%  42.8 2482s
 1084321 15425 infeasible  115        29.67204   29.28578  1.30%  42.8 2487s
 1086196 15383 infeasible  112        29.67204   29.28578  1.30%  42.7 2490s
 1088644 15399   29.28578   98   43   29.67204   29.28578  1.30%  42.7 2497s
 1090026 15401   29.28578  109   24   29.67204   29.28578  1.30%  42.7 2500s
 1092617 15435   29.28578  109   26   29.67204   29.28578  1.30%  42.6 2506s
 1095368 15493 infeasible  105        29.67204   29.28578  1.30%  42.6 2513s
 1097154 15500   29.28578  108   28   29.67204   29.28578  1.30%  42.5 2516s
 1099997 15502   29.28578  110   32   29.67204   29.28578  1.30%  42.5 2523s
 1101661 15485 infeasible  126        29.67204   29.28578  1.30%  42.5 2526s
 1104322 15467 infeasible  112        29.67204   29.28578  1.30%  42.4 2532s
 1105710 15467   29.28578  105   14   29.67204   29.28578  1.30%  42.4 2535s
 1108274 15413   29.28578  114   32   29.67204   29.28578  1.30%  42.4 2541s
 1110554 15420 infeasible  101        29.67204   29.28578  1.30%  42.4 2547s
 1111966 15415 infeasible   97        29.67204   29.28578  1.30%  42.3 2550s
 1114810 15369   29.28578   92   41   29.67204   29.28578  1.30%  42.3 2556s
 1115913 15334 infeasible   97        29.67204   29.28578  1.30%  42.3 2560s
 1118376 15266   29.28578   93   34   29.67204   29.28578  1.30%  42.3 2566s
 1119890 15236 infeasible  111        29.67204   29.28578  1.30%  42.2 2570s
 1122086 15192   29.28578  114   20   29.67204   29.28578  1.30%  42.2 2576s
 1125040 15216   29.28578  106   16   29.67204   29.28578  1.30%  42.2 2583s
 1126574 15163 infeasible  106        29.67204   29.28578  1.30%  42.1 2586s
 1128162 15112   29.28578  102   30   29.67204   29.28578  1.30%  42.1 2590s
 1130863 15012 infeasible  109        29.67204   29.28578  1.30%  42.1 2596s
 1133489 15035 infeasible  118        29.67204   29.28578  1.30%  42.0 2602s
 1134704 15038   29.28578   91   14   29.67204   29.28578  1.30%  42.0 2606s
 1136525 15062   29.28578  105   23   29.67204   29.28578  1.30%  42.0 2610s
 1139311 15058   29.28578  101   23   29.67204   29.28578  1.30%  42.0 2616s
 1142182 15065   29.28578  104   12   29.67204   29.28578  1.30%  41.9 2622s
 1143634 15028   29.28578  107   22   29.67204   29.28578  1.30%  41.9 2625s
 1146117 14997 infeasible  114        29.67204   29.28578  1.30%  41.9 2631s
 1148591 14942   29.28578  108   35   29.67204   29.28578  1.30%  41.9 2637s
 1150147 14880   29.28578   99   24   29.67204   29.28578  1.30%  41.8 2640s
 1152725 14840 infeasible  105        29.67204   29.28578  1.30%  41.8 2646s
 1155039 14749 infeasible  109        29.67204   29.28578  1.30%  41.8 2652s
 1156387 14796   29.28578  114   31   29.67204   29.28578  1.30%  41.8 2655s
 1159068 14804   29.28578   98   25   29.67204   29.28578  1.30%  41.7 2661s
 1160569 14732 infeasible  120        29.67204   29.28578  1.30%  41.7 2665s
 1163485 14653   29.28578  111   31   29.67204   29.28578  1.30%  41.7 2671s
 1165658 14561   29.28578  104   17   29.67204   29.28578  1.30%  41.7 2677s
 1166600 14506   29.28578  105   20   29.67204   29.28578  1.30%  41.7 2680s
 1169494 14455   29.28578  110   24   29.67204   29.28578  1.30%  41.6 2687s
 1170700 14367 infeasible  100        29.67204   29.28578  1.30%  41.6 2690s
 1173026 14290   29.28578  104   37   29.67204   29.28578  1.30%  41.6 2696s
 1175627 14196 infeasible  105        29.67204   29.28578  1.30%  41.6 2702s
 1176797 14155 infeasible  108        29.67204   29.28578  1.30%  41.6 2706s
 1179882 14079   29.28578  113   12   29.67204   29.28578  1.30%  41.5 2712s
 1181307 14084   29.28578  109   36   29.67204   29.28578  1.30%  41.5 2716s
 1183770 13913 infeasible   99        29.67204   29.28578  1.30%  41.5 2722s
 1185082 13794   29.28578  102   42   29.67204   29.28578  1.30%  41.5 2725s
 1187797 13659   29.28578  109   14   29.67204   29.28578  1.30%  41.4 2732s
 1188915 13658 infeasible  104        29.67204   29.28578  1.30%  41.4 2735s
 1191639 13622   29.28578  104   14   29.67204   29.28578  1.30%  41.4 2740s
 1193780 13681 infeasible  100        29.67204   29.28578  1.30%  41.4 2747s
 1195187 13688 infeasible  109        29.67204   29.28578  1.30%  41.4 2750s
 1197585 13778   29.28578  100   34   29.67204   29.28578  1.30%  41.4 2755s
 1199632 13860 infeasible  105        29.67204   29.28578  1.30%  41.3 2762s
 1201350 13838 infeasible  116        29.67204   29.28578  1.30%  41.3 2765s
 1203570 13755 infeasible  111        29.67204   29.28578  1.30%  41.3 2771s
 1204723 13775   29.28578   99   22   29.67204   29.28578  1.30%  41.3 2775s
 1207167 13740   29.28578  106   33   29.67204   29.28578  1.30%  41.2 2782s
 1208250 13808   29.28578   97   23   29.67204   29.28578  1.30%  41.2 2785s
 1211272 13785 infeasible  103        29.67204   29.28578  1.30%  41.2 2792s
 1212482 13855   29.28578  103   38   29.67204   29.28578  1.30%  41.2 2795s
 1214819 13867   29.28578  106   18   29.67204   29.28578  1.30%  41.1 2802s
 1215134 13879   29.28578  105   10   29.67204   29.28578  1.30%  41.1 2806s
 1216679 13808   29.28578  103   18   29.67204   29.28578  1.30%  41.1 2810s
 1219616 13811   29.28578  106   19   29.67204   29.28578  1.30%  41.1 2818s
 1220818 13785 infeasible  106        29.67204   29.28578  1.30%  41.1 2821s
 1223429 13738   29.28578  116   12   29.67204   29.28578  1.30%  41.1 2828s
 1224828 13790 infeasible  113        29.67204   29.28578  1.30%  41.0 2832s
 1226411 13791   29.28578  105   14   29.67204   29.28578  1.30%  41.0 2835s
 1229082 13779 infeasible  106        29.67204   29.28578  1.30%  41.0 2843s
 1230500 13782 infeasible  104        29.67204   29.28578  1.30%  41.0 2846s
 1233294 13781   29.28578  103   18   29.67204   29.28578  1.30%  40.9 2853s
 1235054 13797   29.28578  104   17   29.67204   29.28578  1.30%  40.9 2858s
 1236778 13797   29.28578  104   16   29.67204   29.28578  1.30%  40.9 2862s
 1238470 13785 infeasible  100        29.67204   29.28578  1.30%  40.9 2865s
 1241134 13753   29.28578  109   24   29.67204   29.28578  1.30%  40.8 2872s
 1243318 13890   29.28578  103   16   29.67204   29.28578  1.30%  40.8 2878s
 1244989 13882 infeasible  103        29.67204   29.28578  1.30%  40.8 2881s
 1246352 13862   29.28578  102   12   29.67204   29.28578  1.30%  40.8 2885s
 1249278 13858   29.28578  105   15   29.67204   29.28578  1.30%  40.7 2891s
 1251392 13856 infeasible  106        29.67204   29.28578  1.30%  40.7 2897s
 1252456 13889   29.28578  114   29   29.67204   29.28578  1.30%  40.7 2901s
 1254201 13839 infeasible  107        29.67204   29.28578  1.30%  40.7 2906s
 1257066 13790   29.28578  106   22   29.67204   29.28578  1.30%  40.6 2913s
 1258480 13832   29.28578  107   30   29.67204   29.28578  1.30%  40.6 2916s
 1259490 13848   29.28578  104   33   29.67204   29.28578  1.30%  40.6 2920s
 1262667 13970   29.28578  103   15   29.67204   29.28578  1.30%  40.5 2927s
 1263967 13970 infeasible  108        29.67204   29.28578  1.30%  40.5 2930s
 1266107 13983 infeasible  105        29.67204   29.28578  1.30%  40.5 2936s
 1267640 13960   29.28578  105   20   29.67204   29.28578  1.30%  40.5 2940s
 1270314 13934   29.28578  101   26   29.67204   29.28578  1.30%  40.5 2947s
 1271695 13926 infeasible  113        29.67204   29.28578  1.30%  40.5 2950s
 1274508 13880 infeasible  104        29.67204   29.28578  1.30%  40.4 2957s
 1275869 13835   29.36390   99   32   29.67204   29.28578  1.30%  40.4 2960s
 1278227 13806   29.28578  113   30   29.67204   29.28578  1.30%  40.4 2965s
 1280280 13872   29.28578   99   21   29.67204   29.28578  1.30%  40.4 2971s
 1281482 13915   29.28578  105   24   29.67204   29.28578  1.30%  40.3 2975s
 1284970 13844 infeasible  108        29.67204   29.28578  1.30%  40.3 2982s
 1286576 13848 infeasible  102        29.67204   29.28578  1.30%  40.3 2985s
 1289664 13787 infeasible  102        29.67204   29.28578  1.30%  40.3 2992s
 1291002 13816   29.28578   98   26   29.67204   29.28578  1.30%  40.2 2995s
 1293617 13831 infeasible  105        29.67204   29.28578  1.30%  40.2 3002s
 1294992 13815   29.28578  104   27   29.67204   29.28578  1.30%  40.2 3005s
 1297799 13869 infeasible  112        29.67204   29.28578  1.30%  40.2 3012s
 1299557 13908 infeasible   95        29.67204   29.28578  1.30%  40.1 3015s
 1302351 13907   29.28578   85   54   29.67204   29.28578  1.30%  40.1 3022s
 1303819 13904   29.28578   96   25   29.67204   29.28578  1.30%  40.1 3025s
 1306807 13883 infeasible  103        29.67204   29.28578  1.30%  40.1 3032s
 1308242 13907   29.28578  101   31   29.67204   29.28578  1.30%  40.1 3035s
 1311248 13917 infeasible  115        29.67204   29.28578  1.30%  40.0 3043s
 1313188 13966   29.28578  104   14   29.67204   29.28578  1.30%  40.0 3046s
 1315819 14002   29.28578  110   37   29.67204   29.28578  1.30%  39.9 3051s
 1317962 14084   29.28578  110    8   29.67204   29.28578  1.30%  39.9 3056s
 1320730 14123   29.28578  110   22   29.67204   29.28578  1.30%  39.9 3062s
 1322084 14131 infeasible  104        29.67204   29.28578  1.30%  39.9 3065s
 1324874 14131   29.28578  113   14   29.67204   29.28578  1.30%  39.8 3071s
 1326196 14153 infeasible  101        29.67204   29.28578  1.30%  39.8 3075s
 1329363 14128 infeasible  107        29.67204   29.28578  1.30%  39.8 3080s
 1331784 14206 infeasible  114        29.67204   29.28578  1.30%  39.7 3086s
 1334746 14159   29.28578  123   14   29.67204   29.28578  1.30%  39.7 3092s
 1335898 14185 infeasible  116        29.67204   29.28578  1.30%  39.7 3095s
 1338487 14217   29.28578  106   26   29.67204   29.28578  1.30%  39.6 3100s
 1341343 14213   29.28578  105   34   29.67204   29.28578  1.30%  39.6 3106s
 1342852 14162 infeasible  105        29.67204   29.28578  1.30%  39.6 3110s
 1345581 14156   29.28578  109   10   29.67204   29.28578  1.30%  39.5 3115s
 1348535 14093   29.28578  101   32   29.67204   29.28578  1.30%  39.5 3121s
 1351005 14091   29.28578  106   24   29.67204   29.28578  1.30%  39.5 3127s
 1352403 14044   29.28578  110   21   29.67204   29.28578  1.30%  39.5 3130s
 1354744 14021   29.28578  101   30   29.67204   29.28578  1.30%  39.4 3136s
 1357225 14053 infeasible  122        29.67204   29.28578  1.30%  39.4 3142s
 1358595 14047   29.28578  103   20   29.67204   29.28578  1.30%  39.4 3146s
 1360649 14080   29.28578  104   18   29.67204   29.28578  1.30%  39.4 3152s
 1362197 14084   29.28578   98   23   29.67204   29.28578  1.30%  39.4 3155s
 1364632 14082   29.28578  109   15   29.67204   29.28578  1.30%  39.3 3161s
 1365692 14150 infeasible  106        29.67204   29.28578  1.30%  39.3 3165s
 1367982 14101   29.28578  101   36   29.67204   29.28578  1.30%  39.3 3171s
 1369209 14127   29.28578  104   20   29.67204   29.28578  1.30%  39.3 3175s
 1372923 14072   29.28578   97   33   29.67204   29.28578  1.30%  39.3 3184s
 1374743 14054   29.28578  100   16   29.67204   29.28578  1.30%  39.2 3187s
 1376403 14061   29.28578  107   18   29.67204   29.28578  1.30%  39.2 3191s
 1377772 14020 infeasible  110        29.67204   29.28578  1.30%  39.2 3195s
 1380906 14022 infeasible  114        29.67204   29.28578  1.30%  39.2 3201s
 1382429 14032 infeasible  100        29.67204   29.28578  1.30%  39.2 3205s
 1385143 14020   29.28578  103   26   29.67204   29.28578  1.30%  39.1 3211s
 1387224 14065 infeasible  109        29.67204   29.28578  1.30%  39.1 3218s
 1389023 14052 infeasible  111        29.67204   29.28578  1.30%  39.1 3221s
 1391702 14103 infeasible  106        29.67204   29.28578  1.30%  39.1 3228s
 1393268 14127 infeasible  107        29.67204   29.28578  1.30%  39.1 3231s
 1396160 14137   29.28578  110   26   29.67204   29.28578  1.30%  39.0 3238s
 1398054 14127 infeasible  107        29.67204   29.28578  1.30%  39.0 3241s
 1400678 14052   29.28578  112   16   29.67204   29.28578  1.30%  39.0 3247s
 1401949 14041   29.28578  109   12   29.67204   29.28578  1.30%  39.0 3250s
 1403482 14025   29.28578  112   16   29.67204   29.28578  1.30%  38.9 3255s
 1405895 14076   29.28578  103   12   29.67204   29.28578  1.30%  38.9 3261s
 1408698 14184   29.28578   98   32   29.67204   29.28578  1.30%  38.9 3267s
 1409900 14188 infeasible  117        29.67204   29.28578  1.30%  38.9 3270s
 1412717 14195   29.28578  100   32   29.67204   29.28578  1.30%  38.9 3277s
 1414323 14232 infeasible  108        29.67204   29.28578  1.30%  38.9 3280s
 1416694 14247 infeasible  117        29.67204   29.28578  1.30%  38.8 3286s
 1419596 14293   29.28578  106   20   29.67204   29.28578  1.30%  38.8 3293s
 1421068 14291   29.28578  116   16   29.67204   29.28578  1.30%  38.8 3296s
 1423922 14333   29.28578  111   24   29.67204   29.28578  1.30%  38.7 3301s
 1426305 14412   29.28578  109   24   29.67204   29.28578  1.30%  38.7 3307s
 1427643 14378   29.28578  110   18   29.67204   29.28578  1.30%  38.7 3311s
 1430673 14415   29.28578  115   15   29.67204   29.28578  1.30%  38.7 3318s
 1432167 14488   29.28578  104   26   29.67204   29.28578  1.30%  38.6 3320s
 1434743 14474 infeasible  110        29.67204   29.28578  1.30%  38.6 3326s
 1437277 14441   29.28578  118   14   29.67204   29.28578  1.30%  38.6 3333s
 1438867 14454   29.28578  105   34   29.67204   29.28578  1.30%  38.6 3336s
 1441460 14441   29.28578  107   30   29.67204   29.28578  1.30%  38.6 3341s
 1443775 14444   29.28578  106   30   29.67204   29.28578  1.30%  38.5 3348s
 1445304 14446   29.28578  115   22   29.67204   29.28578  1.30%  38.5 3351s
 1447904 14444   29.28578  107   28   29.67204   29.28578  1.30%  38.5 3357s
 1449470 14471 infeasible  117        29.67204   29.28578  1.30%  38.5 3361s
 1452267 14420   29.28578  108   29   29.67204   29.28578  1.30%  38.5 3367s
 1453597 14477   29.28578  116   18   29.67204   29.28578  1.30%  38.5 3370s
 1456240 14515   29.28578  108   22   29.67204   29.28578  1.30%  38.4 3377s
 1457778 14520   29.28578  103   25   29.67204   29.28578  1.30%  38.4 3381s
 1460770 14575   29.28578  108    8   29.67204   29.28578  1.30%  38.4 3387s
 1462203 14575 infeasible  112        29.67204   29.28578  1.30%  38.4 3390s
 1464859 14577 infeasible  123        29.67204   29.28578  1.30%  38.3 3397s
 1466708 14570   29.28578  112   26   29.67204   29.28578  1.30%  38.3 3401s
 1469403 14477 infeasible  108        29.67204   29.28578  1.30%  38.3 3406s
 1471786 14469   29.28578  111   22   29.67204   29.28578  1.30%  38.3 3412s
 1473186 14522   29.28578  126   18   29.67204   29.28578  1.30%  38.3 3416s
 1475954 14513   29.28578   99   30   29.67204   29.28578  1.30%  38.2 3422s
 1477376 14527   29.28578  112   16   29.67204   29.28578  1.30%  38.2 3426s
 1480372 14514   29.28578  124   20   29.67204   29.28578  1.30%  38.2 3433s
 1482026 14504 infeasible  120        29.67204   29.28578  1.30%  38.2 3436s
 1483568 14481   29.28578  121   14   29.67204   29.28578  1.30%  38.1 3440s
 1486026 14572   29.28578  113   32   29.67204   29.28578  1.30%  38.1 3446s
 1488470 14557 infeasible  111        29.67204   29.28578  1.30%  38.1 3452s
 1490136 14538 infeasible  118        29.67204   29.28578  1.30%  38.1 3455s
 1493063 14509   29.28578  116   12   29.67204   29.28578  1.30%  38.0 3462s
 1494333 14483 infeasible  108        29.67204   29.28578  1.30%  38.0 3466s
 1497509 14492   29.28578  110   20   29.67204   29.28578  1.30%  38.0 3473s
 1498880 14592   29.28578  111   22   29.67204   29.28578  1.30%  38.0 3477s
 1500590 14612   29.28578  108   33   29.67204   29.28578  1.30%  38.0 3480s
 1503101 14701   29.28578  103   22   29.67204   29.28578  1.30%  37.9 3485s
 1505916 14696 infeasible  104        29.67204   29.28578  1.30%  37.9 3492s
 1507204 14704 infeasible  104        29.67204   29.28578  1.30%  37.9 3495s
 1509831 14720   29.28578  101   28   29.67204   29.28578  1.30%  37.9 3501s
 1512645 14714   29.28578  103   28   29.67204   29.28578  1.30%  37.9 3507s
 1513838 14739   29.28578   98   28   29.67204   29.28578  1.30%  37.9 3511s
 1515203 14719   29.28578  107   20   29.67204   29.28578  1.30%  37.8 3515s
 1518241 14762 infeasible  104        29.67204   29.28578  1.30%  37.8 3521s
 1520911 14774   29.28578  111   10   29.67204   29.28578  1.30%  37.8 3528s
 1522269 14729   29.28578  114   14   29.67204   29.28578  1.30%  37.8 3531s
 1524402 14717 infeasible  110        29.67204   29.28578  1.30%  37.8 3535s
 1526275 14735   29.28578  105   16   29.67204   29.28578  1.30%  37.8 3541s
 1528738 14664 infeasible  104        29.67204   29.28578  1.30%  37.7 3547s
 1530114 14643 infeasible  100        29.67204   29.28578  1.30%  37.7 3550s
 1533001 14647 infeasible  116        29.67204   29.28578  1.30%  37.7 3556s
 1534275 14663   29.28578  100   18   29.67204   29.28578  1.30%  37.7 3560s
 1537026 14670   29.28578  104   22   29.67204   29.28578  1.30%  37.7 3566s
 1539985 14668 infeasible  119        29.67204   29.28578  1.30%  37.6 3572s
 1541207 14629   29.28578  111   16   29.67204   29.28578  1.30%  37.6 3575s
 1543956 14626   29.28578   98   14   29.67204   29.28578  1.30%  37.6 3581s
 1546899 14646 infeasible  112        29.67204   29.28578  1.30%  37.6 3586s
 1548129 14680   29.28578  113   16   29.67204   29.28578  1.30%  37.6 3590s
 1550926 14641   29.28578  112   12   29.67204   29.28578  1.30%  37.6 3596s
 1553716 14665   29.28578  118   20   29.67204   29.28578  1.30%  37.5 3600s

Cutting planes:
  Learned: 310
  Gomory: 58
  Lift-and-project: 6
  Cover: 1707
  Implied bound: 761
  Projected implied bound: 12
  Clique: 116
  MIR: 326
  StrongCG: 31
  Flow cover: 1757
  Inf proof: 125
  Zero half: 36
  Network: 4
  RLT: 185
  Relax-and-lift: 98

Explored 1553844 nodes (58374758 simplex iterations) in 3600.11 seconds (2014.09 work units)
Thread count was 8 (of 24 available processors)

Solution count 10: 29.672 29.672 29.672 ... 31.3444

Time limit reached
Warning: max constraint violation (1.4347e-04) exceeds tolerance
Best objective 2.967203991750e+01, best bound 2.928578000000e+01, gap 1.3018%
