
Gurobi 10.0.0 (win64) logging started Sun Jan 21 01:15:51 2024

Set parameter LogFile to value "C:/Users\Administrator\Documents\BNC_Repo\BNC_Tests\10_MIP_Results\n20m2\Instance_Class4_Parts20_Machines2_Instance4_logfileChe2021.txt"
Gurobi Optimizer version 10.0.0 build v10.0.0rc2 (win64)

CPU model: AMD EPYC 7513 32-Core Processor, instruction set [SSE2|AVX|AVX2]
Thread count: 24 physical cores, 24 logical processors, using up to 8 threads

Optimize a model with 14158 rows, 2601 columns and 68736 nonzeros
Model fingerprint: 0xc123205f
Variable types: 921 continuous, 1680 integer (1680 binary)
Coefficient statistics:
  Matrix range     [4e-06, 5e+02]
  Objective range  [1e+00, 1e+00]
  Bounds range     [1e+00, 1e+00]
  RHS range        [1e+00, 7e+02]
Presolve removed 4102 rows and 886 columns
Presolve time: 0.33s
Presolved: 10056 rows, 1715 columns, 65165 nonzeros
Variable types: 80 continuous, 1635 integer (1595 binary)
Found heuristic solution: objective 581.8648000
Root relaxation presolved: 10056 rows, 1715 columns, 65165 nonzeros

Warning: Markowitz tolerance tightened to 0.03125

Root relaxation: objective 6.554942e+01, 6281 iterations, 0.94 seconds (1.54 work units)

    Nodes    |    Current Node    |     Objective Bounds      |     Work
 Expl Unexpl |  Obj  Depth IntInf | Incumbent    BestBd   Gap | It/Node Time

     0     0   65.54942    0  225  581.86480   65.54942  88.7%     -    1s
H    0     0                     146.2989400   65.54942  55.2%     -    1s
H    0     0                     144.5773800   65.54942  54.7%     -    1s
H    0     0                     143.2023200   65.55099  54.2%     -    2s
H    0     0                     137.2023200   65.79126  52.0%     -    3s
     0     0   65.79126    0  407  137.20232   65.79126  52.0%     -    3s
     0     0   65.79126    0  386  137.20232   65.79126  52.0%     -    3s
H    0     0                     128.2517600   65.79126  48.7%     -    3s
H    0     0                     102.5985600   65.79126  35.9%     -    3s
     0     0   65.82850    0  480  102.59856   65.82850  35.8%     -    4s
     0     0   65.93524    0  417  102.59856   65.93524  35.7%     -    6s
     0     0   65.93524    0  276  102.59856   65.93524  35.7%     -    6s
     0     0   65.95238    0  288  102.59856   65.95238  35.7%     -    6s
     0     0   65.95238    0  159  102.59856   65.95238  35.7%     -    8s
H    0     0                      91.1719600   65.95238  27.7%     -    9s
     0     0   65.97036    0  378   91.17196   65.97036  27.6%     -    9s
     0     0   66.19844    0  236   91.17196   66.19844  27.4%     -    9s
     0     0   66.32015    0  391   91.17196   66.32015  27.3%     -   11s
     0     0   66.32015    0  302   91.17196   66.32015  27.3%     -   11s
     0     0   66.32015    0  263   91.17196   66.32015  27.3%     -   11s
H    0     0                      85.5156200   66.32015  22.4%     -   12s
     0     0   66.33284    0  269   85.51562   66.33284  22.4%     -   12s
     0     0   66.33365    0  414   85.51562   66.33365  22.4%     -   12s
     0     0   66.33365    0  406   85.51562   66.33365  22.4%     -   12s
     0     0   66.57260    0  382   85.51562   66.57260  22.2%     -   12s
     0     0   66.58413    0  252   85.51562   66.58413  22.1%     -   13s
     0     0   66.62735    0  290   85.51562   66.62735  22.1%     -   13s
H    0     0                      85.1618280   66.71659  21.7%     -   13s
     0     0   66.71659    0  296   85.16183   66.71659  21.7%     -   13s
     0     0   66.81668    0  463   85.16183   66.81668  21.5%     -   13s
     0     0   66.83039    0  457   85.16183   66.83039  21.5%     -   13s
H    0     0                      85.0733800   66.89496  21.4%     -   14s
     0     0   67.05125    0  275   85.07338   67.05125  21.2%     -   14s
H    0     0                      83.3518200   67.18890  19.4%     -   14s
H    0     0                      82.7684000   67.18890  18.8%     -   14s
     0     0   67.18890    0  273   82.76840   67.18890  18.8%     -   14s
     0     0   67.23821    0  283   82.76840   67.23821  18.8%     -   15s
     0     0   67.24051    0  276   82.76840   67.24051  18.8%     -   15s
     0     0   67.24549    0  281   82.76840   67.24549  18.8%     -   15s
     0     0   67.31542    0  462   82.76840   67.31542  18.7%     -   16s
     0     0   67.31542    0  403   82.76840   67.31542  18.7%     -   16s
H    0     0                      80.4845200   67.31542  16.4%     -   18s
     0     2   67.31542    0  390   80.48452   67.31542  16.4%     -   18s
     7    14   67.31542    3  386   80.48452   67.31542  16.4%  1482   20s
H   31    38                      80.4181000   67.31542  16.3%  1532   21s
H   36    38                      80.3347333   67.31542  16.2%  1453   21s
H   68    64                      79.7734800   67.31542  15.6%  1149   23s
H   69    64                      79.6372000   67.31542  15.5%  1150   23s
H   70    64                      79.0028200   67.31542  14.8%  1142   23s
H   75    64                      78.3709400   67.31542  14.1%  1141   23s
H  118   110                      78.0317400   67.31542  13.7%   923   24s
H  130   110                      77.0212000   67.31542  12.6%   872   24s
   158   139   67.77503   12  245   77.02120   67.31542  12.6%   758   27s
H  162   139                      76.9779600   67.31542  12.6%   743   27s
H  164   139                      76.6085800   67.31542  12.1%   734   27s
H  167   139                      75.9533600   67.31542  11.4%   731   27s
H  171   139                      75.7206800   67.31542  11.1%   717   27s
H  181   156                      75.1884000   67.31542  10.5%   688   28s
   243   201   69.09931   18  170   75.18840   67.31542  10.5%   581   32s
H  257   201                      74.4884000   67.31542  9.63%   558   32s
   585   438   68.87742    8  108   74.48840   67.46921  9.42%   362   35s
   848   604   72.07448    7  212   74.48840   67.58903  9.26%   371   40s
  1009   658   68.52728   10   94   74.48840   67.60935  9.24%   401   45s
H 1011   613                      73.7010600   67.60935  8.27%   401   45s
  1391   979   70.51658   14  155   73.70106   67.65898  8.20%   368   50s
  1533   980   69.91918   17  288   73.70106   67.67410  8.18%   357   61s
  1535   981   68.32125    8  165   73.70106   67.67410  8.18%   357   65s
  1544   987   68.43762   17  416   73.70106   67.67410  8.18%   355   71s
  1546   989   68.01258    7  348   73.70106   67.67410  8.18%   354   75s
  1637  1061   69.06971   19  135   73.70106   67.67410  8.18%   390   80s
H 1841  1093                      72.4813000   67.67410  6.63%   376   84s
  1925  1103     cutoff   41        72.48130   67.67410  6.63%   366   85s
  2384  1150   69.81088   18  124   72.48130   67.67410  6.63%   339   90s
  2963  1246   69.25939   28   72   72.48130   68.06546  6.09%   308   95s
  4206  1476   69.53915   25  153   72.48130   68.67720  5.25%   261  100s
  5049  1816 infeasible   26        72.48130   68.76541  5.13%   255  105s
  6108  2277   69.54169   25   98   72.48130   68.83242  5.03%   242  110s
  7136  2712   70.57806   29   83   72.48130   68.94183  4.88%   233  115s
  7924  3051   70.27554   29   84   72.48130   68.94183  4.88%   230  120s
  9034  3453   69.23159   21  162   72.48130   69.06971  4.71%   226  127s
  9800  3788   71.40249   28   65   72.48130   69.10061  4.66%   221  131s
 10757  4126   70.12210   34   78   72.48130   69.10061  4.66%   216  136s
 12035  4493     cutoff   29        72.48130   69.10061  4.66%   210  142s
 13426  4844   70.15723   24  106   72.48130   69.15354  4.59%   203  146s
 14403  5274   69.62273   22  103   72.48130   69.20646  4.52%   202  152s
 14983  5292   70.80344   28  120   72.48130   69.22480  4.49%   202  157s
 15016  6342   71.69234   30  158   72.48130   69.22857  4.49%   202  168s
 17712  6578   70.39333   30  125   72.48130   69.23174  4.48%   193  172s
 18246  6886   69.30978   33  124   72.48130   69.23429  4.48%   192  176s
 18933  7154   71.82721   39   69   72.48130   69.24151  4.47%   192  180s
 20267  7762   70.34498   29   82   72.48130   69.25939  4.45%   192  187s
 20971  8062   70.37085   34  101   72.48130   69.25939  4.45%   192  191s
 21568  8365   70.37085   34   83   72.48130   69.25939  4.45%   194  195s
 23036  8953   69.94744   27   95   72.48130   69.27403  4.42%   196  204s
 23810  9296   71.39742   39   52   72.48130   69.29098  4.40%   196  209s
 24822  9639     cutoff   52        72.48130   69.30978  4.38%   195  215s
 25952  9902   70.12844   28  176   72.48130   69.30978  4.38%   195  221s
 26842 10068     cutoff   31        72.48130   69.30978  4.38%   195  225s
 27520 10321   71.06904   31  104   72.48130   69.31232  4.37%   196  230s
 28236 10591   70.74134   32   78   72.48130   69.31232  4.37%   198  235s
 29690 10971   71.77543   31   80   72.48130   69.31232  4.37%   199  244s
 30307 11300   70.74134   29   98   72.48130   69.34180  4.33%   200  251s
 31264 11600   70.68842   40   43   72.48130   69.36524  4.30%   200  257s
 32325 11934     cutoff   46        72.48130   69.40148  4.25%   201  263s
 33238 12349   70.42378   31   68   72.48130   69.41817  4.23%   202  269s
 34188 12670   71.18480   25   62   72.48130   69.41817  4.23%   203  275s
 35006 12899   71.92795   39   71   72.48130   69.41817  4.23%   205  281s
 35695 13277   71.76597   38   67   72.48130   69.41817  4.23%   206  287s
 36638 13537   71.88010   42   63   72.48130   69.41817  4.23%   207  293s
 37393 13760 infeasible   31        72.48130   69.41817  4.23%   208  300s
 38032 14119   70.20268   31  131   72.48130   69.41817  4.23%   210  307s
 39346 14463   70.46758   25   87   72.48130   69.44725  4.19%   210  314s
 40328 14790   69.75562   27  193   72.48130   69.47838  4.14%   210  321s
 41305 15189   70.65837   33   71   72.48130   69.51077  4.10%   211  330s
 42598 15544   71.11183   24   73   72.48130   69.54654  4.05%   210  338s
 43675 15984   70.42378   29  111   72.48130   69.58391  4.00%   210  347s
 45001 16204   72.35137   57   37   72.48130   69.62988  3.93%   209  352s
 45709 16515   70.80734   27  128   72.48130   69.62988  3.93%   210  360s
 46794 16862   70.71404   26  127   72.48130   69.66892  3.88%   210  367s
 48049 17145 infeasible   37        72.48130   69.69513  3.84%   208  374s
 48909 17432   70.34067   38  139   72.48130   69.72193  3.81%   208  380s
 49678 17529 infeasible   59        72.48130   69.74762  3.77%   208  386s
 50071 17918   70.73237   35   70   72.48130   69.75380  3.76%   208  395s
 51193 18099   71.44423   33   75   72.48130   69.77583  3.73%   207  400s
 51652 18494   70.42378   27   93   72.48130   69.78866  3.71%   207  408s
 52773 18737     cutoff   27        72.48130   69.79312  3.71%   207  414s
 53633 19126   71.65187   26  139   72.48130   69.81088  3.68%   206  422s
 54659 19399   72.31327   40   75   72.48130   69.83917  3.65%   206  429s
 55482 19666   70.37640   32   68   72.48130   69.85773  3.62%   206  436s
 56333 19910   71.66862   35   89   72.48130   69.88234  3.59%   205  443s
 57239 20213   70.57930   32   94   72.48130   69.89883  3.56%   205  449s
 58148 20567   70.12981   33  102   72.48130   69.91979  3.53%   205  457s
 59079 20932   70.11747   29  116   72.48130   69.94744  3.50%   205  464s
 60098 21385   70.68842   37   80   72.48130   69.94744  3.50%   205  472s
 61037 21745   70.68842   33   52   72.48130   69.94744  3.50%   204  480s
 62009 22078   70.97855   28  126   72.48130   69.94744  3.50%   204  487s
*62347 21031              68      72.2352400   69.94744  3.17%   205  487s
 62988 21117   69.96588   28   90   72.23524   69.94744  3.17%   204  493s
 63362 21379   72.21593   41  134   72.23524   69.94744  3.17%   204  500s
 64255 21699   70.96512   31  103   72.23524   69.96772  3.14%   204  509s
 65427 22058   70.70669   35  130   72.23524   69.98006  3.12%   204  517s
 66472 22225   70.24671   25   68   72.23524   69.99124  3.11%   203  525s
 67238 22437   72.16004   37  114   72.23524   69.99783  3.10%   204  532s
 68039 22776   70.00037   30  121   72.23524   69.99783  3.10%   204  538s
 68884 23154   71.04129   37  103   72.23524   70.00037  3.09%   204  546s
 70004 23476     cutoff   30        72.23524   70.00037  3.09%   204  554s
 71104 23678   71.01719   32   89   72.23524   70.01561  3.07%   203  560s
 72135 23926   71.68856   34   62   72.23524   70.02390  3.06%   203  567s
 72949 24295   70.47886   31   77   72.23524   70.03778  3.04%   203  574s
 74034 24584   70.90012   53   59   72.23524   70.04933  3.03%   203  582s
 75082 24826   71.72561   23   64   72.23524   70.05942  3.01%   202  590s
 76000 25113   70.56464   25  123   72.23524   70.07057  3.00%   202  597s
 76915 25404   71.30952   33   77   72.23524   70.07934  2.98%   202  604s
 77841 25740     cutoff   39        72.23524   70.08804  2.97%   202  611s
 78821 26001   70.26500   31   80   72.23524   70.09366  2.96%   201  616s
 79539 26295   70.63549   49   51   72.23524   70.10158  2.95%   201  623s
 80443 26520 infeasible   33        72.23524   70.10622  2.95%   202  630s
 81158 26796     cutoff   39        72.23524   70.10622  2.95%   202  637s
 81939 27081   71.52924   38   67   72.23524   70.10622  2.95%   202  644s
 82793 27232   72.17037   44   56   72.23524   70.10622  2.95%   203  650s
 83478 27474   70.16968   42  302   72.23524   70.10622  2.95%   204  657s
 84357 27796   71.04915   30  132   72.23524   70.11257  2.94%   204  665s
 85392 28079   70.42378   48   57   72.23524   70.12049  2.93%   204  674s
 86507 28363   70.78772   43  160   72.23524   70.12981  2.91%   204  682s
 87571 28541   70.58003   34   86   72.23524   70.13762  2.90%   203  689s
 88422 28801   71.13785   44   55   72.23524   70.14505  2.89%   204  696s
 89268 28989   70.42378   29  111   72.23524   70.15222  2.88%   204  703s
 90109 29083   70.44435   48  278   72.23524   70.15915  2.87%   204  709s
 90743 29490   70.78430   41  185   72.23524   70.15915  2.87%   205  720s
 92464 29869   70.48980   30  104   72.23524   70.17122  2.86%   204  729s
 93732 29996   70.24052   36  122   72.23524   70.17248  2.86%   203  737s
 94508 30194 infeasible   28        72.23524   70.17691  2.85%   203  744s
 95357 30485   70.42378   31   70   72.23524   70.18533  2.84%   203  751s
 96283 30711   70.78442   37   85   72.23524   70.19383  2.83%   203  757s
 97125 30896   71.08349   34  130   72.23524   70.19884  2.82%   203  764s
 98070 31094   70.78064   29  178   72.23524   70.20649  2.81%   203  771s
 99006 31211 infeasible   38        72.23524   70.20943  2.80%   202  779s
 99861 31421   70.90012   35   68   72.23524   70.21207  2.80%   203  786s
 100815 31626   71.28473   33   96   72.23524   70.21207  2.80%   203  793s
 101629 31802   70.68842   32   79   72.23524   70.22057  2.79%   202  800s
 102450 31993   71.00598   34   67   72.23524   70.22674  2.78%   202  806s
 103235 32236   71.22249   38   58   72.23524   70.23200  2.77%   203  813s
H103719 31450                      72.1392400   70.23339  2.64%   202  813s
 104026 31635 infeasible   33        72.13924   70.23864  2.63%   203  821s
 104709 31750   71.42610   42   91   72.13924   70.24312  2.63%   203  827s
 105369 32106   71.58564   39   61   72.13924   70.24685  2.62%   203  839s
 106813 32181   70.25124   29  156   72.13924   70.25124  2.62%   202  846s
H106847 30314                      71.9734800   70.25124  2.39%   202  846s
 107126 30596   71.36488   31  103   71.97348   70.25124  2.39%   202  854s
 108120 30782   70.94516   29  128   71.97348   70.25220  2.39%   202  863s
 109183 30901   70.92122   25  132   71.97348   70.26246  2.38%   202  877s
 109930 31247   70.30964   46  100   71.97348   70.26246  2.38%   203  889s
 111214 31564   71.02820   35   92   71.97348   70.26500  2.37%   203  901s
 112512 31802 infeasible   52        71.97348   70.26500  2.37%   203  912s
 113639 31971     cutoff   36        71.97348   70.26500  2.37%   204  921s
 114651 32143   70.47704   30  137   71.97348   70.26500  2.37%   204  931s
 115720 32350     cutoff   23        71.97348   70.27003  2.37%   204  941s
 116824 32700   71.16186   29   99   71.97348   70.27706  2.36%   204  953s
 118388 32952   71.51185   35   64   71.97348   70.27940  2.35%   203  963s
 119507 33081   71.56080   32   95   71.97348   70.28285  2.35%   203  970s
 120368 33143   71.77171   38   60   71.97348   70.28982  2.34%   204  977s
 120893 33333     cutoff   43        71.97348   70.29146  2.34%   203  986s
 122037 33573   71.00598   25  110   71.97348   70.29819  2.33%   203  995s
 123033 33807   71.05890   29   74   71.97348   70.30462  2.32%   204 1004s
 124210 34046   71.23356   48   74   71.97348   70.30898  2.31%   204 1014s
 125462 34201   71.24345   24   82   71.97348   70.31408  2.31%   204 1024s
 126472 34290   70.31539   39   86   71.97348   70.31539  2.30%   204 1032s
 127372 34433 infeasible   40        71.97348   70.31539  2.30%   205 1041s
 128310 34617   71.29569   31   89   71.97348   70.31539  2.30%   205 1050s
 129177 34795   71.07566   43  166   71.97348   70.31618  2.30%   206 1058s
 130009 35005     cutoff   23        71.97348   70.31793  2.30%   206 1067s
 131005 35178   71.55682   37   83   71.97348   70.31793  2.30%   207 1076s
 131872 35367   71.39160   44   58   71.97348   70.31793  2.30%   207 1085s
 132868 35481   71.38763   30   86   71.97348   70.31793  2.30%   208 1094s
 133651 35592 infeasible   32        71.97348   70.31793  2.30%   209 1101s
 134457 35777 infeasible   35        71.97348   70.31793  2.30%   209 1108s
 135229 36026   70.95305   32   83   71.97348   70.32856  2.29%   209 1117s
 136279 36170   71.30371   35   78   71.97348   70.33494  2.28%   209 1124s
 137072 36384   70.66850   31   88   71.97348   70.33879  2.27%   209 1131s
 137958 36606   71.32669   29  104   71.97348   70.34355  2.26%   209 1141s
 139145 36754     cutoff   44        71.97348   70.34700  2.26%   209 1149s
 140023 36849   71.13151   31   79   71.97348   70.35312  2.25%   209 1156s
 140807 37006   70.74637   41   74   71.97348   70.35786  2.24%   209 1163s
 141769 37236   71.31772   39  119   71.97348   70.36243  2.24%   209 1173s
 142953 37356   71.36592   41  131   71.97348   70.36853  2.23%   209 1183s
 143970 37549   71.35141   37   85   71.97348   70.37085  2.23%   209 1195s
 145121 37631 infeasible   48        71.97348   70.37085  2.23%   209 1203s
 145905 37744   70.68842   42   84   71.97348   70.37085  2.23%   210 1214s
 146941 37821   70.40288   36   56   71.97348   70.37085  2.23%   210 1222s
 147708 37905   71.44443   41  291   71.97348   70.37085  2.23%   211 1231s
 148392 38023   71.19464   43   88   71.97348   70.37085  2.23%   211 1239s
 149216 38129   71.63515   36   88   71.97348   70.37085  2.23%   212 1247s
 149906 38301   71.56132   37   65   71.97348   70.37085  2.23%   212 1259s
 151106 38433   71.58980   35   75   71.97348   70.37085  2.23%   212 1269s
 152194 38698 infeasible   35        71.97348   70.37466  2.22%   212 1281s
 153487 38948   71.31046   43   73   71.97348   70.38195  2.21%   212 1291s
 154577 39106   71.51787   26   99   71.97348   70.38685  2.20%   212 1301s
 155612 39328   71.39994   39   69   71.97348   70.39603  2.19%   212 1312s
 156915 39416   71.42939   33  124   71.97348   70.40126  2.18%   212 1322s
 157916 39468     cutoff   41        71.97348   70.40756  2.18%   212 1330s
 158865 39627   71.00598   36   88   71.97348   70.41383  2.17%   212 1341s
 159936 39838     cutoff   36        71.97348   70.41952  2.16%   212 1353s
 161169 40124   70.68842   34   44   71.97348   70.42378  2.15%   212 1365s
 162507 40282   71.90832   39   96   71.97348   70.42378  2.15%   213 1376s
 163529 40333   71.40600   48   98   71.97348   70.42378  2.15%   213 1385s
 164506 40510     cutoff   36        71.97348   70.42378  2.15%   214 1395s
 165483 40615   71.22438   25  110   71.97348   70.42378  2.15%   214 1404s
 166185 40615   70.42378   38   70   71.97348   70.42378  2.15%   214 1405s
 166461 40705     cutoff   38        71.97348   70.42378  2.15%   214 1415s
 167356 40845   71.92303   32  131   71.97348   70.42378  2.15%   214 1426s
 168470 41014   71.33964   36   83   71.97348   70.42420  2.15%   214 1437s
 169624 41373   71.97296   40   73   71.97348   70.43079  2.14%   214 1453s
 171449 41533   71.18210   38  135   71.97348   70.43927  2.13%   214 1464s
 172613 41746   70.89651   28  126   71.97348   70.44497  2.12%   214 1477s
 173976 41905   70.68842   35   63   71.97348   70.44818  2.12%   214 1488s
 175227 41979   71.73352   33   70   71.97348   70.45433  2.11%   213 1497s
 176123 42032   71.80311   39   67   71.97348   70.46103  2.10%   214 1505s
 176577 42184   71.31993   40   41   71.97348   70.46265  2.10%   213 1515s
 177674 42290   71.14084   28   89   71.97348   70.46940  2.09%   213 1524s
 178659 42450   70.60083   37  128   71.97348   70.47671  2.08%   213 1534s
 179811 42546   71.93770   38   59   71.97348   70.47843  2.08%   213 1543s
 180543 42760     cutoff   33        71.97348   70.48381  2.07%   213 1555s
 181813 42995     cutoff   41        71.97348   70.48974  2.06%   213 1567s
 183066 43114   71.66024   36  101   71.97348   70.49132  2.06%   213 1577s
 183986 43297   71.62194   30  118   71.97348   70.50001  2.05%   213 1588s
 185198 43432     cutoff   35        71.97348   70.50549  2.04%   212 1597s
 186119 43629   71.01028   26  104   71.97348   70.51128  2.03%   212 1607s
 187195 43790   70.52710   34  104   71.97348   70.51446  2.03%   212 1616s
 188176 43922     cutoff   37        71.97348   70.52018  2.02%   212 1626s
 189188 44045   71.40405   33  113   71.97348   70.52222  2.02%   212 1636s
 190172 44155     cutoff   28        71.97348   70.52646  2.01%   212 1652s
 191599 44363     cutoff   43        71.97348   70.52710  2.01%   212 1665s
 192904 44644   70.57038   32   88   71.97348   70.52964  2.01%   212 1679s
 194291 44819     cutoff   58        71.97348   70.52964  2.01%   212 1693s
 195537 45041     cutoff   35        71.97348   70.52964  2.01%   212 1709s
 197208 45167   71.18084   45   95   71.97348   70.52964  2.01%   212 1722s
 198482 45337   71.59477   38   64   71.97348   70.52964  2.01%   212 1737s
 199839 45515 infeasible   47        71.97348   70.52964  2.01%   212 1749s
 200809 45660   71.27132   44   46   71.97348   70.52964  2.01%   212 1762s
 202094 45946   71.50091   45   77   71.97348   70.52964  2.01%   212 1777s
 203437 46182   70.90012   37   63   71.97348   70.52964  2.01%   212 1795s
 205250 46325   71.21768   51   49   71.97348   70.52964  2.01%   212 1814s
 207020 46441   70.57674   49   46   71.97348   70.52964  2.01%   212 1828s
 208346 46616   70.52964   41   50   71.97348   70.52964  2.01%   212 1842s
 209695 46736   71.22890   39   64   71.97348   70.52964  2.01%   211 1852s
 210550 46932     cutoff   38        71.97348   70.52964  2.01%   212 1871s
 212199 47090     cutoff   32        71.97348   70.52964  2.01%   212 1901s
 214482 47231 infeasible   45        71.97348   70.52964  2.01%   211 1922s
 215990 47253   71.21768   47   51   71.97348   70.52964  2.01%   211 1936s
 216884 47326   70.59956   40  173   71.97348   70.52964  2.01%   211 1950s
 217954 47344   71.47998   31   73   71.97348   70.52964  2.01%   211 1960s
 218687 47362   70.91852   41   79   71.97348   70.52997  2.01%   211 1974s
 218947 47362   70.62793   55   86   71.97348   70.53034  2.01%   211 1975s
 219902 47563   71.13151   33   75   71.97348   70.53330  2.00%   211 1987s
 221007 47704   71.63749   27   64   71.97348   70.53599  2.00%   211 1999s
 221950 47737     cutoff   38        71.97348   70.53599  2.00%   211 2007s
 222659 47862   71.47946   40  166   71.97348   70.53599  2.00%   212 2016s
 223629 47988   71.27108   34   82   71.97348   70.54215  1.99%   212 2028s
 224896 48052     cutoff   30        71.97348   70.54577  1.98%   211 2037s
 225462 48361     cutoff   41        71.97348   70.54850  1.98%   212 2054s
 226998 48361   70.63549   47   61   71.97348   70.55306  1.97%   211 2055s
 227270 48407     cutoff   48        71.97348   70.55610  1.97%   211 2064s
 228083 48493   71.74695   40   48   71.97348   70.55971  1.96%   211 2076s
 228880 48548     cutoff   35        71.97348   70.56346  1.96%   211 2089s
 230054 48716   71.68281   32   62   71.97348   70.56671  1.95%   211 2101s
 231150 48862   70.93032   29  133   71.97348   70.57134  1.95%   211 2114s
 232360 48911   71.33792   30   74   71.97348   70.57542  1.94%   211 2131s
 233721 48890     cutoff   37        71.97348   70.57885  1.94%   211 2146s
 234697 48833     cutoff   38        71.97348   70.58003  1.94%   211 2159s
 235512 48855     cutoff   45        71.97348   70.58003  1.94%   212 2172s
 236458 48842     cutoff   37        71.97348   70.58003  1.94%   212 2183s
 237113 48829   70.58256   30   99   71.97348   70.58003  1.94%   213 2198s
 237481 48795   70.58256   31   74   71.97348   70.58003  1.94%   213 2211s
 238445 48963   70.58256   31  118   71.97348   70.58003  1.94%   214 2227s
 239894 49098     cutoff   37        71.97348   70.58243  1.93%   214 2238s
 240668 49246     cutoff   38        71.97348   70.58256  1.93%   214 2253s
 241920 49369   71.27061   41  111   71.97348   70.58256  1.93%   214 2270s
 243128 49553     cutoff   45        71.97348   70.58256  1.93%   215 2290s
 244633 49679   71.58488   52   69   71.97348   70.58256  1.93%   215 2308s
 245561 49835   71.67946   37  320   71.97348   70.58256  1.93%   216 2327s
 246983 49921   71.70534   39  290   71.97348   70.58256  1.93%   216 2344s
H247113 49921                      71.9734800   70.58256  1.93%   216 2344s
 247946 50071   71.58770   46   69   71.97348   70.58256  1.93%   217 2365s
 249460 50239   71.35781   47   84   71.97348   70.58256  1.93%   217 2387s
 250905 50369     cutoff   44        71.97348   70.58256  1.93%   218 2405s
 252026 50432     cutoff   32        71.97348   70.58256  1.93%   219 2423s
 253058 50521   71.27894   52   54   71.97348   70.58256  1.93%   219 2442s
 253974 50628   70.62438   43  185   71.97348   70.58256  1.93%   220 2463s
 255383 50679   70.59982   42  228   71.97348   70.58256  1.93%   220 2482s
 255771 50888   70.67034   47  103   71.97348   70.58256  1.93%   220 2517s
 258253 50964   71.00617   48  104   71.97348   70.58256  1.93%   221 2536s
 259508 51118     cutoff   37        71.97348   70.58256  1.93%   222 2558s
 261004 51267     cutoff   30        71.97348   70.58256  1.93%   222 2578s
 262634 51275   71.71366   47   87   71.97348   70.58256  1.93%   223 2595s
 263918 51368   71.40234   35  100   71.97348   70.59288  1.92%   223 2612s
 265211 51863   70.60083   33   98   71.97348   70.59886  1.91%   223 2649s
 268163 51891   71.22530   29  102   71.97348   70.60083  1.91%   222 2664s
 269190 51917   71.26807   39   59   71.97348   70.60613  1.90%   222 2680s
 270215 51968   71.27061   41   98   71.97348   70.61168  1.89%   222 2691s
 270989 52006   71.59385   50   92   71.97348   70.61456  1.89%   222 2704s
 271980 52054   71.88970   46   64   71.97348   70.61888  1.88%   222 2716s
 272933 52133   71.67405   30   77   71.97348   70.62444  1.87%   222 2729s
 273821 52200   71.49873   30   94   71.97348   70.62788  1.87%   222 2744s
 275018 52252   70.64407   41  100   71.97348   70.63321  1.86%   222 2764s
 276287 52466 infeasible   41        71.97348   70.63549  1.86%   223 2787s
 278044 52529   71.58760   38   72   71.97348   70.63549  1.86%   223 2804s
 279134 52667   71.59532   38   84   71.97348   70.63549  1.86%   223 2825s
 280492 52804   71.32354   39   95   71.97348   70.63549  1.86%   223 2845s
 281582 52906     cutoff   52        71.97348   70.63549  1.86%   223 2862s
 282925 53050   71.29272   52   92   71.97348   70.63549  1.86%   223 2878s
 284124 53222   71.38185   42   65   71.97348   70.63549  1.86%   224 2899s
 285474 53284   71.28019   42   93   71.97348   70.63549  1.86%   224 2912s
 286351 53378   70.63549   41   64   71.97348   70.63549  1.86%   224 2932s
 287706 53497     cutoff   47        71.97348   70.63549  1.86%   224 2952s
 289046 53566 infeasible   53        71.97348   70.63549  1.86%   225 2971s
 290110 53630   71.59939   56   89   71.97348   70.63549  1.86%   225 2991s
 291205 53707   71.16941   47  128   71.97348   70.63549  1.86%   226 3010s
 292514 53791   71.58393   38   97   71.97348   70.63549  1.86%   226 3029s
 293755 53860   70.94187   45  116   71.97348   70.63549  1.86%   227 3050s
 295119 53996   71.91458   43  212   71.97348   70.63549  1.86%   227 3071s
 296450 54056   71.53624   38   75   71.97348   70.63549  1.86%   227 3094s
 297786 54204   71.85205   42  113   71.97348   70.63549  1.86%   228 3118s
 299385 54225   71.01054   35  109   71.97348   70.63549  1.86%   228 3133s
 300214 54272   71.49340   36   79   71.97348   70.63549  1.86%   229 3144s
 300855 54368     cutoff   40        71.97348   70.63549  1.86%   229 3166s
 302277 54392   71.78640   45   84   71.97348   70.63549  1.86%   229 3186s
 303591 54395   70.96698   33  119   71.97348   70.63549  1.86%   230 3208s
 305224 54441   71.48232   39   55   71.97348   70.63549  1.86%   230 3229s
 306788 54426   71.85583   50  100   71.97348   70.64131  1.85%   230 3247s
 307753 54471   71.68959   46  125   71.97348   70.64590  1.84%   230 3270s
 309451 54521 infeasible   38        71.97348   70.65137  1.84%   230 3291s
 310688 54583     cutoff   43        71.97348   70.65286  1.83%   230 3307s
 311840 54508   71.25240   54   64   71.97348   70.65960  1.83%   230 3324s
 313073 54529   71.53524   35   73   71.97348   70.66578  1.82%   230 3339s
 314208 54539   71.87329   38   96   71.97348   70.67200  1.81%   230 3354s
 315435 54524   71.79452   34  102   71.97348   70.67807  1.80%   230 3367s
 316155 54507   70.75343   33   71   71.97348   70.68100  1.80%   230 3382s
 317351 54605   71.78124   28   90   71.97348   70.68588  1.79%   230 3399s
 318721 54705   71.67392   39   85   71.97348   70.68842  1.79%   230 3418s
H319670 54705                      71.9734800   70.68842  1.79%   230 3418s
 319981 54828   71.06118   38   82   71.97348   70.68842  1.79%   230 3437s
 321107 54995   70.68842   46   66   71.97348   70.68842  1.79%   230 3457s
 322490 55140   70.92442   42   89   71.97348   70.68842  1.79%   231 3478s
 323616 55280     cutoff   50        71.97348   70.68842  1.79%   231 3500s
 325016 55343     cutoff   38        71.97348   70.68842  1.79%   231 3522s
 326376 55396   71.72641   50   57   71.97348   70.68842  1.79%   231 3545s
 327791 55458   71.87845   45  138   71.97348   70.68842  1.79%   231 3567s
 329170 55491   70.68842   43   47   71.97348   70.68842  1.79%   231 3586s
 330303 55517   70.84715   33  147   71.97348   70.68842  1.79%   232 3600s

Cutting planes:
  Learned: 314
  Gomory: 26
  Lift-and-project: 12
  Cover: 12612
  Implied bound: 1788
  Projected implied bound: 15
  Clique: 315
  MIR: 278
  StrongCG: 75
  Flow cover: 2379
  GUB cover: 42
  Inf proof: 231
  Zero half: 87
  Network: 1
  RLT: 287
  Relax-and-lift: 229
  BQP: 9
  PSD: 1

Explored 330624 nodes (76696107 simplex iterations) in 3600.32 seconds (4266.19 work units)
Thread count was 8 (of 24 available processors)

Solution count 10: 71.9735 71.9735 71.9735 ... 75.1884

Time limit reached
Warning: max constraint violation (3.3093e-03) exceeds tolerance
Warning: max bound violation (3.3093e-03) exceeds tolerance
         (model may be infeasible or unbounded - try turning presolve off)
Best objective 7.197347998541e+01, best bound 7.068841560976e+01, gap 1.7855%
