
Gurobi 10.0.0 (win64) logging started Sat Jan 20 12:56:15 2024

Set parameter LogFile to value "C:/Users\Administrator\Documents\BNC_Repo\BNC_Tests\10_MIP_Results\n20m2\Instance_Class3_Parts20_Machines2_Instance3_logfileChe2021.txt"
Gurobi Optimizer version 10.0.0 build v10.0.0rc2 (win64)

CPU model: AMD EPYC 7513 32-Core Processor, instruction set [SSE2|AVX|AVX2]
Thread count: 24 physical cores, 24 logical processors, using up to 8 threads

Optimize a model with 14158 rows, 2601 columns and 68500 nonzeros
Model fingerprint: 0xe718ee9f
Variable types: 921 continuous, 1680 integer (1680 binary)
Coefficient statistics:
  Matrix range     [4e-06, 5e+02]
  Objective range  [1e+00, 1e+00]
  Bounds range     [1e+00, 1e+00]
  RHS range        [1e+00, 8e+02]
Presolve removed 4278 rows and 912 columns
Presolve time: 0.31s
Presolved: 9880 rows, 1689 columns, 59878 nonzeros
Variable types: 80 continuous, 1609 integer (1569 binary)
Root relaxation presolved: 9880 rows, 1689 columns, 59878 nonzeros


Use crossover to convert LP symmetric solution to basic solution...

Root relaxation: objective 5.407737e+01, 1571 iterations, 0.27 seconds (0.27 work units)

    Nodes    |    Current Node    |     Objective Bounds      |     Work
 Expl Unexpl |  Obj  Depth IntInf | Incumbent    BestBd   Gap | It/Node Time

     0     0   54.07737    0  206          -   54.07737      -     -    0s
H    0     0                     616.7792000   54.07737  91.2%     -    1s
H    0     0                     538.9369600   54.07737  90.0%     -    1s
H    0     0                     186.9164400   54.17158  71.0%     -    2s
H    0     0                     186.6164400   54.17158  71.0%     -    2s
     0     0   54.17158    0  698  186.61644   54.17158  71.0%     -    2s
     0     0   54.17369    0  699  186.61644   54.17369  71.0%     -    2s
H    0     0                     106.7555400   54.45136  49.0%     -    4s
     0     0   54.46509    0  579  106.75554   54.46509  49.0%     -    4s
     0     0   54.49058    0  363  106.75554   54.49058  49.0%     -    4s
H    0     0                     103.4945200   54.49058  47.3%     -    4s
     0     0   54.50861    0  621  103.49452   54.50861  47.3%     -    5s
     0     0   54.50861    0  205  103.49452   54.50861  47.3%     -    7s
H    0     0                     100.4260400   54.50861  45.7%     -    7s
H    0     0                      96.5672800   54.50861  43.6%     -    8s
H    0     0                      92.9367800   54.50861  41.3%     -    8s
H    0     0                      91.8120800   54.50861  40.6%     -    8s
     0     0   54.65132    0  298   91.81208   54.65132  40.5%     -    8s
     0     0   54.81465    0  399   91.81208   54.81465  40.3%     -    9s
     0     0   54.87482    0  296   91.81208   54.87482  40.2%     -    9s
     0     0   54.94841    0  310   91.81208   54.94841  40.2%     -   10s
     0     0   54.96406    0  317   91.81208   54.96406  40.1%     -   10s
     0     0   54.96670    0  333   91.81208   54.96670  40.1%     -   10s
     0     0   54.96725    0  324   91.81208   54.96725  40.1%     -   10s
     0     0   54.96727    0  319   91.81208   54.96727  40.1%     -   10s
     0     0   55.00511    0  234   91.81208   55.00511  40.1%     -   10s
     0     0   55.02506    0  344   91.81208   55.02506  40.1%     -   11s
     0     0   55.06804    0  354   91.81208   55.06804  40.0%     -   11s
     0     0   55.07003    0  472   91.81208   55.07003  40.0%     -   11s
     0     0   55.07207    0  481   91.81208   55.07207  40.0%     -   11s
     0     0   55.07207    0  476   91.81208   55.07207  40.0%     -   11s
     0     0   55.07873    0  488   91.81208   55.07873  40.0%     -   11s
     0     0   55.41285    0  319   91.81208   55.41285  39.6%     -   12s
     0     0   55.53084    0  251   91.81208   55.53084  39.5%     -   13s
     0     0   55.53084    0  246   91.81208   55.53084  39.5%     -   13s
H    0     0                      86.8398200   55.57719  36.0%     -   13s
H    0     0                      83.4798200   55.57719  33.4%     -   13s
     0     0   55.59390    0  265   83.47982   55.59390  33.4%     -   14s
     0     0   55.59390    0  222   83.47982   55.59390  33.4%     -   14s
H    0     0                      64.3330000   55.59390  13.6%     -   17s
     0     2   55.59390    0  217   64.33300   55.59390  13.6%     -   17s
    20    26   55.59390    5  254   64.33300   55.59390  13.6%  1624   20s
H  107   102                      63.9185400   55.59390  13.0%  1162   24s
   131   138   58.24130   15  173   63.91854   55.59390  13.0%  1033   25s
   597   450   60.80355   47   99   63.91854   55.59390  13.0%   428   30s
   835   602   58.64968   28   77   63.91854   55.89348  12.6%   423   37s
  1153   882   60.55132   40  103   63.91854   56.14590  12.2%   395   40s
H 1371  1048                      63.8768200   56.14590  12.1%   372   43s
  1463  1049   58.94984   28  621   63.87682   56.14590  12.1%   366   51s
  1465  1050   62.31285   42  196   63.87682   56.14590  12.1%   365   55s
  1475  1057   63.70516   46  553   63.87682   56.14590  12.1%   363   60s
  1479  1063   56.14590   12  189   63.87682   56.14590  12.1%   382   65s
  1583  1126   56.34339   19  200   63.87682   56.14590  12.1%   418   70s
H 1593  1069                      63.6845200   56.14590  11.8%   418   70s
H 1642  1057                      63.1325400   56.14590  11.1%   415   70s
H 1689  1024                      62.9781400   56.14590  10.8%   411   72s
  2034  1140   57.70357   22  170   62.97814   56.14590  10.8%   379   75s
  2484  1222   60.34893   26  126   62.97814   56.39550  10.5%   361   80s
  2975  1291   56.99674   19  151   62.97814   56.45806  10.4%   340   85s
  3552  1482   61.85886   45   55   62.97814   56.70469  10.0%   332   90s
  4276  1686   57.50323   21  403   62.97814   56.77427  9.85%   321   96s
  5125  2212   57.92345   22  111   62.97814   56.81010  9.79%   306  100s
  5585  2498   58.66423   24  354   62.97814   56.94870  9.57%   303  105s
  6265  2792   57.44731   20  141   62.97814   57.20307  9.17%   295  111s
  6974  3168   58.68303   24  103   62.97814   57.29574  9.02%   291  116s
  7378  3429   59.35204   26  355   62.97814   57.29709  9.02%   293  120s
  8427  4007     cutoff   25        62.97814   57.45624  8.77%   288  126s
  9363  4421   58.98064   24  152   62.97814   57.49556  8.71%   281  131s
H 9910  4483                      62.7306400   57.53295  8.29%   280  134s
 10064  4630   58.41114   18  121   62.73064   57.55289  8.25%   279  137s
H10104  4383                      62.2751600   57.55289  7.58%   280  137s
H10285  4116                      61.9306400   57.57255  7.04%   279  137s
 10399  4339   57.75714   22  451   61.93064   57.57255  7.04%   279  140s
 11457  4768   58.49828   24  242   61.93064   57.66380  6.89%   276  146s
 12342  5142   58.61990   23  147   61.93064   57.71684  6.80%   274  152s
 12918  5397   59.34705   25  120   61.93064   57.72130  6.80%   272  155s
 13866  5848   59.09660   26   75   61.93064   57.77343  6.71%   273  162s
 14517  6142   58.78963   27  107   61.93064   57.80256  6.67%   271  166s
 15169  6242   58.99607   25   94   61.93064   57.82636  6.63%   270  170s
H15274  6242                      61.9306388   57.82636  6.63%   271  170s
 15391  6609   59.12127   26  228   61.93064   57.83198  6.62%   271  176s
 16263  7077   58.65804   18  137   61.93064   57.87929  6.54%   270  181s
 17309  7357   59.04492   30   95   61.93064   57.89236  6.52%   266  185s
 17992  7622   58.69800   30  157   61.93064   57.92208  6.47%   265  190s
 18604  7987   58.72370   25  135   61.93064   57.95129  6.43%   265  195s
 19483  8316   58.24987   32  114   61.93064   57.98514  6.37%   263  200s
 20203  8570   59.67016   32   67   61.93064   58.01952  6.32%   263  205s
 20827  8933   59.59931   24  202   61.93064   58.03558  6.29%   264  211s
 21776  9298     cutoff   35        61.93064   58.05322  6.26%   263  218s
 22801  9685   60.20182   31   93   61.93064   58.09487  6.19%   261  224s
 23749 10013     cutoff   38        61.93064   58.11818  6.16%   259  229s
 24638 10517   58.55650   28  142   61.93064   58.14392  6.11%   258  235s
 25609 10935   61.11417   43   73   61.93064   58.16261  6.08%   257  241s
 26523 11224   59.72842   31  121   61.93064   58.17721  6.06%   257  246s
 27196 11568   60.20807   38   75   61.93064   58.19785  6.03%   257  251s
 27959 11985   60.14646   35   48   61.93064   58.22032  5.99%   257  257s
 28898 12086   59.20543   24  105   61.93064   58.23856  5.96%   255  267s
H28900 12013                      61.8843200   58.23856  5.89%   255  267s
H29126 11630                      61.6390800   58.24672  5.50%   255  267s
 29157 11911   59.39144   34  117   61.63908   58.24911  5.50%   255  273s
 30036 12153 infeasible   33        61.63908   58.26455  5.47%   255  280s
 30854 12486   61.16470   27   84   61.63908   58.27560  5.46%   254  287s
 31646 12773   59.62587   30   88   61.63908   58.30270  5.41%   255  292s
 32336 13114   59.37613   28  375   61.63908   58.31549  5.39%   257  300s
 33332 13454   61.11149   36   82   61.63908   58.33489  5.36%   257  307s
 34221 13749   60.36324   29   81   61.63908   58.35508  5.33%   256  315s
 35137 14178   59.08966   26  113   61.63908   58.37483  5.30%   256  322s
 36146 14510   59.35207   29  172   61.63908   58.39259  5.27%   255  330s
 36853 14816   60.64711   35   83   61.63908   58.40232  5.25%   256  338s
 37646 15255   59.25139   25  103   61.63908   58.40856  5.24%   255  346s
 38741 15579   59.80343   31  112   61.63908   58.42760  5.21%   255  354s
 39582 15927   58.94147   25  121   61.63908   58.43297  5.20%   255  361s
 40491 16279   59.89051   24   83   61.63908   58.45343  5.17%   255  369s
 41533 16590   60.12650   33   89   61.63908   58.46148  5.16%   254  375s
 42346 16982   61.42847   30   94   61.63908   58.46148  5.16%   255  383s
 43327 17283   60.22721   33   67   61.63908   58.47606  5.13%   254  390s
 44176 17600   59.83758   31   95   61.63908   58.49173  5.11%   254  397s
 45097 17875   60.13444   26  153   61.63908   58.50124  5.09%   254  403s
 45966 18173   60.73327   39   98   61.63908   58.51535  5.07%   253  410s
 46819 18412   61.33628   40   95   61.63908   58.52305  5.06%   253  416s
 47496 18611   60.35698   28   95   61.63908   58.53317  5.04%   253  422s
 48106 18868   60.26138   37  100   61.63908   58.54850  5.01%   254  429s
 48940 19297   60.26368   25   93   61.63908   58.55978  5.00%   254  437s
 49945 19654   58.90680   27  123   61.63908   58.56734  4.98%   255  445s
 50903 19940   60.27844   26   85   61.63908   58.57564  4.97%   254  451s
 51650 20242   59.56702   33  102   61.63908   58.58807  4.95%   255  458s
 52509 20598   60.83771   30  102   61.63908   58.60146  4.93%   255  466s
 53386 20872   59.48550   29  185   61.63908   58.61121  4.91%   255  474s
 54306 21295     cutoff   36        61.63908   58.62026  4.90%   255  484s
 55609 21757   59.94343   37   66   61.63908   58.62026  4.90%   253  494s
 57011 22117     cutoff   37        61.63908   58.62026  4.90%   251  503s
 58221 22541   60.22915   34  147   61.63908   58.62026  4.90%   250  512s
 59652 22863   59.23714   33  353   61.63908   58.62026  4.90%   247  520s
 60517 23210     cutoff   50        61.63908   58.65064  4.85%   247  527s
 61417 23552   59.38120   20  142   61.63908   58.65873  4.84%   247  535s
 62359 23817   61.28411   38   57   61.63908   58.66696  4.82%   246  542s
 63297 24083   59.30831   29  101   61.63908   58.67319  4.81%   246  549s
 63975 24313   60.59824   27   85   61.63908   58.67319  4.81%   246  556s
 64808 24591   60.84017   41   54   61.63908   58.67875  4.80%   246  564s
 65551 24906   60.46592   42   61   61.63908   58.68316  4.80%   246  571s
 66501 25217   58.87495   29  115   61.63908   58.69214  4.78%   246  579s
 67372 25506   61.02780   31  107   61.63908   58.69778  4.77%   245  587s
 68226 25774   61.50403   37   77   61.63908   58.70438  4.76%   246  595s
 69230 26118   59.55581   30  120   61.63908   58.71209  4.75%   245  604s
 70413 26461   59.33865   30  278   61.63908   58.72224  4.73%   244  611s
 71311 26746   59.32636   33  148   61.63908   58.72612  4.73%   244  619s
 72115 26995   59.60827   32   93   61.63908   58.73573  4.71%   244  627s
 72871 27301   59.42527   32  105   61.63908   58.74139  4.70%   244  634s
 73649 27511   59.96609   33  109   61.63908   58.74830  4.69%   244  641s
 74317 27786   60.42360   30  139   61.63908   58.75109  4.69%   244  648s
 75195 28023   59.35593   33  126   61.63908   58.76209  4.67%   244  655s
 75948 28195   61.55458   34   92   61.63908   58.76829  4.66%   244  661s
 76543 28556   59.46327   31  127   61.63908   58.77536  4.65%   244  670s
 77612 28841   59.62226   25   91   61.63908   58.78216  4.63%   244  677s
 78419 29072   59.41848   32  133   61.63908   58.78650  4.63%   244  685s
 79225 29377   59.17704   22  133   61.63908   58.79314  4.62%   245  692s
 80028 29563   59.71533   26  135   61.63908   58.79883  4.61%   245  699s
 80734 29790   59.31636   27  191   61.63908   58.80487  4.60%   245  707s
 81440 30086   61.42806   41  135   61.63908   58.80841  4.59%   245  714s
 82329 30476   60.91707   33   53   61.63908   58.81724  4.58%   245  723s
 83469 30856   60.56818   28   75   61.63908   58.82627  4.56%   245  731s
 84476 31158   59.67880   24  131   61.63908   58.83197  4.55%   245  739s
 85428 31409   60.25582   30  356   61.63908   58.84024  4.54%   245  748s
 86440 31690   60.04724   39   99   61.63908   58.85176  4.52%   244  756s
 87394 31932   59.00364   26  192   61.63908   58.86023  4.51%   244  763s
 88305 32289   59.21707   27  155   61.63908   58.86969  4.49%   244  772s
 89328 32670   59.60214   25   99   61.63908   58.87495  4.48%   244  781s
 90345 33015   59.94841   38  103   61.63908   58.87966  4.48%   244  788s
 91284 33304   59.80578   44   78   61.63908   58.88490  4.47%   243  795s
 92101 33560   60.04014   32   97   61.63908   58.88868  4.46%   242  802s
 92889 33746   61.38366   35   79   61.63908   58.89503  4.45%   242  809s
 93584 34017   60.31315   37  159   61.63908   58.90026  4.44%   242  816s
 94425 34249   59.65386   27  122   61.63908   58.91007  4.43%   242  822s
 95224 34502   61.57295   40   93   61.63908   58.91464  4.42%   242  830s
 96138 34861   60.85076   28  295   61.63908   58.92039  4.41%   242  838s
 97047 35154   59.52582   35  154   61.63908   58.92703  4.40%   242  845s
 97996 35443   60.18308   33   77   61.63908   58.93609  4.39%   241  852s
 98826 35722   59.57295   30   66   61.63908   58.93782  4.38%   241  859s
 99691 35961   59.30831   36   81   61.63908   58.94364  4.37%   241  867s
 100441 36231   61.20749   29  140   61.63908   58.95120  4.36%   241  875s
 101397 36480   59.75643   24  120   61.63908   58.95613  4.35%   241  882s
 102272 36735 infeasible   28        61.63908   58.96365  4.34%   241  889s
 103012 37002   59.85802   26  349   61.63908   58.96833  4.33%   241  897s
 103836 37247   60.99075   39   73   61.63908   58.97375  4.32%   241  906s
 104620 37547   59.83758   29  109   61.63908   58.97897  4.32%   241  915s
 105616 37802   61.19088   40   41   61.63908   58.98466  4.31%   241  925s
 106517 38011   60.83051   30  141   61.63908   58.99075  4.30%   241  932s
 107292 38367   60.91128   36   70   61.63908   58.99075  4.30%   241  941s
 108331 38671     cutoff   39        61.63908   58.99403  4.29%   241  949s
 109250 39011   59.68993   29   88   61.63908   59.00098  4.28%   241  958s
 110306 39362   61.03283   34   96   61.63908   59.00750  4.27%   240  967s
 111443 39668   60.78285   37   60   61.63908   59.01587  4.26%   240  975s
 112194 39881   59.58791   28  142   61.63908   59.02140  4.25%   240  983s
H112839 39881                      61.6390800   59.02251  4.24%   240  983s
 112997 40137   59.83758   30  107   61.63908   59.02564  4.24%   240  992s
 113941 40480     cutoff   39        61.63908   59.03261  4.23%   240 1003s
 114890 40724   59.68708   41  109   61.63908   59.03723  4.22%   239 1012s
 115803 41186   60.02313   36   89   61.63908   59.04368  4.21%   239 1026s
 117142 41659   60.72691   39   71   61.63908   59.04368  4.21%   238 1040s
 118771 41874   60.54404   43   74   61.63908   59.04368  4.21%   237 1048s
 119486 42146   60.93172   38   75   61.63908   59.04752  4.20%   237 1059s
 120498 42442   60.63148   43   65   61.63908   59.05519  4.19%   237 1069s
 121420 42796   60.45883   36   91   61.63908   59.05951  4.18%   237 1081s
 122526 43043   59.36124   36   96   61.63908   59.06672  4.17%   237 1090s
 123420 43281 infeasible   40        61.63908   59.07437  4.16%   237 1099s
 123984 43281   59.85359   26  120   61.63908   59.07652  4.16%   237 1100s
 124380 43685   60.52563   48   77   61.63908   59.08120  4.15%   237 1110s
 125500 44007   60.91897   30  116   61.63908   59.08736  4.14%   236 1119s
 126421 44173   59.63198   27  159   61.63908   59.09226  4.13%   236 1132s
 126980 44511   59.99636   38   63   61.63908   59.09660  4.12%   236 1142s
 127929 44683   60.81148   30  126   61.63908   59.09660  4.12%   236 1148s
 128552 44978   61.57486   34   83   61.63908   59.09660  4.12%   236 1159s
 129611 45224   59.55224   26   82   61.63908   59.10198  4.12%   236 1167s
 130388 45560   59.87103   25  101   61.63908   59.10623  4.11%   236 1177s
 131484 45752   59.96439   26  100   61.63908   59.11063  4.10%   236 1186s
 132261 45972   60.62406   37   81   61.63908   59.11700  4.09%   236 1195s
 133033 46278   61.42225   40  221   61.63908   59.12272  4.08%   236 1204s
 134004 46527   60.31385   31  135   61.63908   59.12708  4.08%   236 1212s
 134817 46770   61.08566   34  139   61.63908   59.13314  4.07%   236 1219s
 135567 47145   59.73421   26  118   61.63908   59.13714  4.06%   236 1229s
 136599 47373   59.50880   27   97   61.63908   59.14275  4.05%   236 1238s
 137578 47628   60.35777   39   96   61.63908   59.14953  4.04%   236 1247s
 138525 47807   60.70442   27   96   61.63908   59.15473  4.03%   236 1256s
 139338 48072     cutoff   28        61.63908   59.15860  4.02%   236 1265s
 140182 48331     cutoff   32        61.63908   59.16366  4.02%   236 1274s
 141085 48615   59.92133   38   98   61.63908   59.17290  4.00%   236 1283s
 141981 48932   60.72498   31  143   61.63908   59.17681  3.99%   236 1292s
 142853 49221   60.47681   25  112   61.63908   59.18291  3.98%   236 1302s
 143816 49498   60.36335   26  104   61.63908   59.18826  3.98%   236 1313s
 144781 49840   60.96409   26   91   61.63908   59.19256  3.97%   236 1324s
 145864 50119   59.36124   31  121   61.63908   59.19771  3.96%   236 1334s
 146865 50274   60.56734   36   96   61.63908   59.20246  3.95%   236 1341s
 147509 50376   59.89912   39  109   61.63908   59.20246  3.95%   236 1352s
 147867 50588     cutoff   36        61.63908   59.20246  3.95%   236 1362s
 148784 50784   61.47831   39   57   61.63908   59.20470  3.95%   236 1370s
 149616 51117   59.57468   29  168   61.63908   59.20992  3.94%   236 1381s
 150642 51323   60.36571   46  115   61.63908   59.21639  3.93%   236 1388s
 151280 51703   60.05572   35   70   61.63908   59.21707  3.93%   236 1399s
 152469 51967   60.57856   37   88   61.63908   59.22217  3.92%   236 1409s
 153431 52281   59.30514   34  126   61.63908   59.22748  3.91%   236 1417s
 154319 52522   59.95750   28  108   61.63908   59.23350  3.90%   235 1426s
 155165 52703   60.47101   27  141   61.63908   59.23764  3.90%   235 1433s
 155836 52998   60.13651   37   67   61.63908   59.24464  3.88%   235 1443s
 156986 53274   61.27410   35   69   61.63908   59.24977  3.88%   235 1452s
 157897 53603   60.59697   31   63   61.63908   59.25219  3.87%   235 1463s
 158790 53902   60.26023   36   80   61.63908   59.25539  3.87%   235 1472s
 159650 54124   61.00012   34  179   61.63908   59.25539  3.87%   235 1480s
 160310 54284 infeasible   36        61.63908   59.25539  3.87%   236 1488s
 160920 54580   59.87059   39  101   61.63908   59.25539  3.87%   236 1497s
 161737 54821   60.57198   24  128   61.63908   59.25679  3.86%   236 1506s
 162698 55111   59.86341   34  137   61.63908   59.25914  3.86%   236 1518s
 163667 55386   60.88093   33  320   61.63908   59.26302  3.85%   236 1528s
 164674 55614   60.27586   38   84   61.63908   59.26776  3.85%   236 1537s
 165490 55877   59.83720   34   78   61.63908   59.27235  3.84%   236 1547s
 166310 56153   60.80484   32  344   61.63908   59.27807  3.83%   236 1557s
 167224 56356   60.00629   39  122   61.63908   59.28232  3.82%   235 1565s
 167869 56669   61.60765   41   60   61.63908   59.28540  3.82%   235 1575s
 168774 56983   61.04206   48  162   61.63908   59.28909  3.81%   235 1586s
 169797 57242     cutoff   50        61.63908   59.29490  3.80%   235 1596s
 170769 57460   60.95287   32  371   61.63908   59.29834  3.80%   235 1606s
 171596 57840   59.88608   34   96   61.63908   59.30323  3.79%   235 1620s
 172957 58125   61.43693   36   98   61.63908   59.30831  3.78%   235 1633s
 174134 58478     cutoff   39        61.63908   59.30831  3.78%   234 1644s
 175188 58775   60.86192   38   98   61.63908   59.30831  3.78%   234 1654s
 176120 59115   59.95954   38  120   61.63908   59.30831  3.78%   234 1666s
 177159 59363     cutoff   33        61.63908   59.30962  3.78%   234 1675s
 178006 59548   59.48639   35  111   61.63908   59.31432  3.77%   234 1684s
 178751 59801   60.89904   29  142   61.63908   59.31752  3.77%   234 1696s
 179776 60075     cutoff   51        61.63908   59.32140  3.76%   234 1706s
 180650 60327   59.52283   29  112   61.63908   59.32481  3.75%   234 1717s
 181642 60586   60.97373   51   67   61.63908   59.32849  3.75%   234 1728s
 182552 60827   60.30002   25  101   61.63908   59.33319  3.74%   234 1739s
 183536 61055 infeasible   27        61.63908   59.33594  3.74%   233 1748s
 184286 61262     cutoff   33        61.63908   59.34052  3.73%   233 1757s
 185085 61504   60.46350   32  113   61.63908   59.34441  3.72%   233 1768s
 185965 61782   60.24765   30  102   61.63908   59.34664  3.72%   233 1779s
 187088 62003     cutoff   37        61.63908   59.34914  3.72%   233 1787s
 187763 62203   59.78465   35   75   61.63908   59.35259  3.71%   233 1798s
 188691 62460     cutoff   37        61.63908   59.35451  3.71%   233 1809s
 189541 62716   61.60511   44   74   61.63908   59.35608  3.70%   233 1820s
 190488 62979 infeasible   46        61.63908   59.35978  3.70%   233 1831s
 191430 63207   60.45351   35  123   61.63908   59.36124  3.70%   233 1841s
 192392 63522   60.68441   31   74   61.63908   59.36222  3.69%   233 1854s
 193401 63788   60.27468   31  148   61.63908   59.36669  3.69%   232 1866s
 194316 64061   60.32854   32  100   61.63908   59.37016  3.68%   232 1878s
 195270 64372   60.43842   30  133   61.63908   59.37449  3.67%   232 1890s
 196261 64744   59.39819   28  133   61.63908   59.37693  3.67%   232 1904s
 197429 64913   61.45157   44   75   61.63908   59.37916  3.67%   232 1915s
 198009 65158   60.27649   34   84   61.63908   59.38177  3.66%   232 1926s
 199020 65388   61.18517   37   77   61.63908   59.38525  3.66%   232 1938s
 199981 65546     cutoff   38        61.63908   59.38846  3.65%   232 1950s
 200739 65822   60.71576   44  214   61.63908   59.39161  3.65%   232 1961s
 201572 66081   60.55669   33  141   61.63908   59.39356  3.64%   232 1971s
 202543 66335   60.17530   33   92   61.63908   59.39815  3.64%   232 1982s
 203512 66651 infeasible   32        61.63908   59.40132  3.63%   231 1992s
 204322 66935   60.37826   36  133   61.63908   59.40322  3.63%   231 2005s
 205234 67157     cutoff   35        61.63908   59.40552  3.62%   231 2016s
H205329 67157                      61.6390796   59.40579  3.62%   231 2016s
 205965 67432   60.37707   33  143   61.63908   59.40785  3.62%   231 2029s
 206997 67755 infeasible   28        61.63908   59.41182  3.61%   231 2042s
 208175 68022   60.58478   32  100   61.63908   59.41417  3.61%   231 2054s
 209102 68307   60.15514   40   61   61.63908   59.41775  3.60%   231 2065s
 210055 68492   60.70679   42   55   61.63908   59.42039  3.60%   231 2075s
 210801 68758 infeasible   46        61.63908   59.42381  3.59%   231 2085s
 211768 69072   59.84473   29  152   61.63908   59.42545  3.59%   231 2098s
 212951 69276   61.28722   40   65   61.63908   59.42895  3.59%   231 2109s
 213924 69450 infeasible   37        61.63908   59.43131  3.58%   231 2119s
 214600 69701   59.92903   24   81   61.63908   59.43335  3.58%   230 2130s
 215507 70013   60.22563   44  106   61.63908   59.43623  3.57%   230 2143s
 216769 70283   60.04929   34   92   61.63908   59.43946  3.57%   230 2154s
 217641 70484   59.90563   55   49   61.63908   59.44205  3.56%   230 2165s
 218507 70777   60.15862   26  139   61.63908   59.44549  3.56%   230 2178s
 219600 70882   60.03115   30   93   61.63908   59.44965  3.55%   230 2194s
 219997 71207   60.74698   32   91   61.63908   59.45091  3.55%   230 2207s
 221059 71496   60.98210   35   96   61.63908   59.45479  3.54%   230 2220s
 222060 71798   60.61810   38  121   61.63908   59.45714  3.54%   230 2234s
 223185 72047   60.14675   37  109   61.63908   59.46033  3.53%   230 2248s
 224296 72334   60.54966   32   94   61.63908   59.46380  3.53%   229 2262s
 225333 72585   60.23197   29  143   61.63908   59.46707  3.52%   229 2275s
 226467 72943   60.13615   33   91   61.63908   59.46709  3.52%   229 2288s
 227468 73272   60.68234   37   77   61.63908   59.46709  3.52%   229 2301s
 228517 73556   60.77144   47   98   61.63908   59.46709  3.52%   229 2314s
 229612 73827     cutoff   37        61.63908   59.47009  3.52%   229 2325s
 230548 73979   61.01136   34   89   61.63908   59.47397  3.51%   228 2335s
 231317 74229   59.99636   33   76   61.63908   59.47747  3.51%   229 2346s
 232272 74442   60.52563   42   88   61.63908   59.48032  3.50%   228 2358s
 233154 74699   60.14422   49   43   61.63908   59.48344  3.50%   228 2370s
 234137 74946   59.81533   43   68   61.63908   59.48577  3.49%   228 2383s
 235195 75131   60.03834   32  124   61.63908   59.48837  3.49%   228 2394s
 235942 75349   61.04433   42   98   61.63908   59.49185  3.48%   228 2404s
 236736 75551   60.56045   30  132   61.63908   59.49334  3.48%   228 2416s
 237599 75761   60.63965   29  111   61.63908   59.49731  3.47%   228 2428s
 238582 76005   61.38800   40   89   61.63908   59.50116  3.47%   228 2441s
 239639 76203   61.27790   42  171   61.63908   59.50520  3.46%   228 2451s
 240334 76526   60.20807   55   48   61.63908   59.50761  3.46%   228 2464s
 241376 76810   60.76604   39  183   61.63908   59.50880  3.46%   228 2478s
 242420 77119   60.66477   37  270   61.63908   59.51068  3.45%   228 2490s
 243390 77511 infeasible   30        61.63908   59.51270  3.45%   228 2505s
 244511 77709   60.08111   33  109   61.63908   59.51514  3.45%   228 2518s
 245477 77909   61.22274   25  119   61.63908   59.51804  3.44%   228 2531s
 246379 78195     cutoff   43        61.63908   59.52012  3.44%   228 2542s
 247232 78473   60.68776   28  116   61.63908   59.52189  3.43%   228 2556s
 248209 78685   59.99636   40   67   61.63908   59.52549  3.43%   227 2568s
 248948 78996   61.31953   43   63   61.63908   59.52792  3.43%   227 2582s
 250203 79275   59.89051   29   85   61.63908   59.53241  3.42%   227 2596s
 251202 79446   60.25271   33   96   61.63908   59.53503  3.41%   227 2608s
 251976 79704   60.66258   31  111   61.63908   59.53695  3.41%   227 2621s
 252868 79921   60.17713   32   91   61.63908   59.53717  3.41%   227 2633s
 253752 80182   59.83758   35   96   61.63908   59.54137  3.40%   227 2649s
 254847 80368   60.64425   42  137   61.63908   59.54378  3.40%   227 2658s
 255590 80618   61.02179   33  112   61.63908   59.54599  3.40%   227 2670s
 256542 80810   60.54582   36  135   61.63908   59.54816  3.39%   227 2683s
 257452 81065   60.71306   35  124   61.63908   59.55178  3.39%   227 2698s
 258525 81224   61.30340   42   85   61.63908   59.55459  3.38%   227 2710s
 259236 81518   60.43439   29  132   61.63908   59.55748  3.38%   227 2725s
 260283 81885   60.16878   32   83   61.63908   59.56173  3.37%   227 2741s
 261540 82078   60.57856   32   81   61.63908   59.56311  3.37%   226 2752s
 262437 82405   60.66028   32  113   61.63908   59.56426  3.37%   226 2767s
 263635 82735   60.39095   31  109   61.63908   59.56720  3.36%   226 2783s
 264917 82876   60.12162   30  179   61.63908   59.57065  3.36%   226 2798s
 265735 83137 infeasible   47        61.63908   59.57295  3.35%   226 2817s
 267107 83447   60.39066   48  196   61.63908   59.57295  3.35%   226 2835s
 268297 83612   60.78877   30  106   61.63908   59.57295  3.35%   226 2850s
 269376 83808 infeasible   51        61.63908   59.57295  3.35%   226 2865s
 270431 84045   61.06008   31   85   61.63908   59.57523  3.35%   226 2879s
 271353 84264   60.47420   34  106   61.63908   59.57873  3.34%   225 2890s
 272136 84497     cutoff   37        61.63908   59.58171  3.34%   225 2903s
 273077 84706   59.93475   38   64   61.63908   59.58430  3.33%   225 2919s
 274193 84910   60.15641   39   94   61.63908   59.58686  3.33%   225 2934s
 275095 85147   60.91707   32   69   61.63908   59.58919  3.33%   225 2948s
 276099 85365   59.83524   29   87   61.63908   59.59145  3.32%   225 2961s
 276869 85643   60.60677   36  127   61.63908   59.59322  3.32%   225 2977s
 278177 85831 infeasible   35        61.63908   59.59539  3.32%   225 2991s
 279114 85930     cutoff   34        61.63908   59.59878  3.31%   225 3001s
 279714 86186   59.92353   28   86   61.63908   59.59878  3.31%   225 3018s
H280130 86186                      61.6390791   59.59878  3.31%   225 3018s
 280920 86438   61.58417   49   50   61.63908   59.60159  3.31%   225 3034s
 281975 86602   59.71917   28  120   61.63908   59.60423  3.30%   225 3048s
 282642 86828   59.81725   27   98   61.63908   59.60592  3.30%   225 3063s
 283673 86997   60.16890   34   96   61.63908   59.60856  3.29%   225 3075s
 284429 87235   60.19322   27  170   61.63908   59.61096  3.29%   225 3095s
 285453 87444   61.36885   35   69   61.63908   59.61371  3.29%   225 3112s
 286646 87924   60.65253   32  121   61.63908   59.61650  3.28%   225 3131s
 288213 88168   61.10958   28   81   61.63908   59.61872  3.28%   224 3147s
 289309 88570   60.19685   26  112   61.63908   59.62121  3.27%   224 3166s
 290892 88947   59.83758   35   80   61.63908   59.62587  3.27%   224 3183s
 292142 89177     cutoff   43        61.63908   59.62587  3.27%   224 3196s
 293093 89478   59.99636   41   73   61.63908   59.62587  3.27%   224 3211s
 294226 89735   61.17428   50   44   61.63908   59.62587  3.27%   224 3224s
 295348 90032 infeasible   34        61.63908   59.62587  3.27%   224 3238s
 296503 90261   60.04441   31   91   61.63908   59.62642  3.27%   224 3251s
 297396 90401   61.09947   29   68   61.63908   59.62924  3.26%   224 3263s
H297479 90401                      61.6390790   59.62924  3.26%   224 3263s
 298232 90642   60.93782   39   67   61.63908   59.63234  3.26%   224 3279s
 299301 90891   61.44465   32  132   61.63908   59.63461  3.25%   224 3296s
 300256 91062   60.44617   33   96   61.63908   59.63743  3.25%   224 3308s
 301198 91300     cutoff   39        61.63908   59.63887  3.25%   224 3323s
 302226 91490     cutoff   35        61.63908   59.64157  3.24%   223 3337s
 303199 91623   61.19517   31  129   61.63908   59.64386  3.24%   224 3351s
H303223 91623                      61.6390788   59.64386  3.24%   224 3351s
 303703 91923     cutoff   44        61.63908   59.64429  3.24%   223 3368s
 304849 92038   60.24978   36  106   61.63908   59.64832  3.23%   223 3385s
 305362 92365   60.61090   30  112   61.63908   59.64886  3.23%   223 3401s
 306663 92579 infeasible   40        61.63908   59.65247  3.22%   223 3414s
 307606 92826 infeasible   25        61.63908   59.65501  3.22%   223 3429s
 308766 93046   59.79622   33  259   61.63908   59.65749  3.21%   223 3444s
 309755 93294   60.19718   31  129   61.63908   59.65994  3.21%   223 3459s
 310782 93495     cutoff   39        61.63908   59.66137  3.21%   223 3474s
 311672 93811   61.44475   35   73   61.63908   59.66391  3.20%   223 3489s
 312760 94074   61.52002   42   50   61.63908   59.66624  3.20%   223 3505s
 313848 94365   60.26494   32  127   61.63908   59.66885  3.20%   223 3520s
 314862 94585   60.69268   42  178   61.63908   59.67139  3.19%   223 3534s
 315905 94944   60.12392   33   96   61.63908   59.67345  3.19%   223 3553s
 317240 95227     cutoff   43        61.63908   59.67519  3.19%   223 3572s
 318082 95492   60.56917   27   90   61.63908   59.67659  3.18%   223 3587s
 319294 95630   60.12346   37   93   61.63908   59.67880  3.18%   223 3600s

Cutting planes:
  Learned: 309
  Gomory: 27
  Lift-and-project: 1
  Cover: 8131
  Implied bound: 2900
  Projected implied bound: 23
  Clique: 532
  MIR: 376
  StrongCG: 228
  Flow cover: 2579
  GUB cover: 27
  Inf proof: 237
  Zero half: 76
  Network: 1
  RLT: 380
  Relax-and-lift: 382
  BQP: 12
  PSD: 1

Explored 320184 nodes (71457406 simplex iterations) in 3600.40 seconds (3505.43 work units)
Thread count was 8 (of 24 available processors)

Solution count 10: 61.6391 61.6391 61.6391 ... 61.9306

Time limit reached
Warning: max constraint violation (2.4242e-01) exceeds tolerance
Warning: max bound violation (2.4242e-01) exceeds tolerance
         (model may be infeasible or unbounded - try turning presolve off)
Best objective 6.163907883418e+01, best bound 5.967879985366e+01, gap 3.1803%
