
Gurobi 10.0.0 (win64) logging started Sat Jan 20 10:56:11 2024

Set parameter LogFile to value "C:/Users\Administrator\Documents\BNC_Repo\BNC_Tests\10_MIP_Results\n20m2\Instance_Class3_Parts20_Machines2_Instance3_logfileChe21.txt"
Gurobi Optimizer version 10.0.0 build v10.0.0rc2 (win64)

CPU model: AMD EPYC 7513 32-Core Processor, instruction set [SSE2|AVX|AVX2]
Thread count: 24 physical cores, 24 logical processors, using up to 8 threads

Optimize a model with 14158 rows, 2601 columns and 68500 nonzeros
Model fingerprint: 0xe718ee9f
Variable types: 921 continuous, 1680 integer (1680 binary)
Coefficient statistics:
  Matrix range     [4e-06, 5e+02]
  Objective range  [1e+00, 1e+00]
  Bounds range     [1e+00, 1e+00]
  RHS range        [1e+00, 8e+02]
Presolve removed 4278 rows and 912 columns
Presolve time: 0.28s
Presolved: 9880 rows, 1689 columns, 59878 nonzeros
Variable types: 80 continuous, 1609 integer (1569 binary)
Root relaxation presolved: 9880 rows, 1689 columns, 59878 nonzeros


Use crossover to convert LP symmetric solution to basic solution...

Root relaxation: objective 5.407737e+01, 1547 iterations, 0.25 seconds (0.27 work units)

    Nodes    |    Current Node    |     Objective Bounds      |     Work
 Expl Unexpl |  Obj  Depth IntInf | Incumbent    BestBd   Gap | It/Node Time

     0     0   54.07737    0  219          -   54.07737      -     -    0s
H    0     0                     616.7792000   54.07737  91.2%     -    1s
H    0     0                     199.2455000   54.07737  72.9%     -    1s
H    0     0                     185.0312200   54.07737  70.8%     -    1s
H    0     0                     132.8697400   54.16305  59.2%     -    2s
H    0     0                     111.2797400   54.16305  51.3%     -    2s
     0     0   54.16305    0  510  111.27974   54.16305  51.3%     -    2s
     0     0   54.17307    0  498  111.27974   54.17307  51.3%     -    2s
     0     0   54.17338    0  438  111.27974   54.17338  51.3%     -    2s
     0     0   54.46391    0  423  111.27974   54.46391  51.1%     -    3s
     0     0   54.46391    0  213  111.27974   54.46391  51.1%     -    5s
     0     0   54.61483    0  377  111.27974   54.61483  50.9%     -    6s
     0     0   54.72224    0  347  111.27974   54.72224  50.8%     -    6s
H    0     0                     110.5015000   54.72224  50.5%     -    7s
H    0     0                     109.6623000   54.72224  50.1%     -    7s
     0     0   54.80889    0  522  109.66230   54.80889  50.0%     -    7s
H    0     0                     103.4994200   54.80889  47.0%     -    7s
     0     0   54.89424    0  559  103.49942   54.89424  47.0%     -    8s
     0     0   54.91856    0  325  103.49942   54.91856  46.9%     -    9s
     0     0   55.03745    0  580  103.49942   55.03745  46.8%     -    9s
     0     0   55.04921    0  587  103.49942   55.04921  46.8%     -    9s
     0     0   55.05789    0  589  103.49942   55.05789  46.8%     -    9s
H    0     0                      86.8102800   55.34555  36.2%     -   11s
H    0     0                      86.6497400   55.34555  36.1%     -   11s
H    0     0                      82.1568000   55.34555  32.6%     -   11s
H    0     0                      72.0209800   55.34555  23.2%     -   11s
H    0     0                      69.4323800   55.34555  20.3%     -   11s
H    0     0                      68.1459200   55.34555  18.8%     -   11s
     0     0   55.34555    0  319   68.14592   55.34555  18.8%     -   11s
H    0     0                      67.5459200   55.34555  18.1%     -   11s
     0     0   55.47657    0  344   67.54592   55.47657  17.9%     -   11s
     0     0   55.49986    0  559   67.54592   55.49986  17.8%     -   11s
     0     0   55.49986    0  551   67.54592   55.49986  17.8%     -   12s
     0     0   55.59612    0  320   67.54592   55.59612  17.7%     -   13s
     0     0   55.62094    0  319   67.54592   55.62094  17.7%     -   13s
     0     0   55.62094    0  287   67.54592   55.62094  17.7%     -   13s
     0     0   55.62094    0  274   67.54592   55.62094  17.7%     -   13s
     0     0   55.63434    0  307   67.54592   55.63434  17.6%     -   14s
     0     0   55.63617    0  248   67.54592   55.63617  17.6%     -   14s
     0     0   55.63617    0  182   67.54592   55.63617  17.6%     -   17s
     0     0   55.63617    0  261   67.54592   55.63617  17.6%     -   18s
     0     0   55.63617    0  489   67.54592   55.63617  17.6%     -   19s
     0     0   55.63617    0  292   67.54592   55.63617  17.6%     -   21s
     0     0   55.63617    0  318   67.54592   55.63617  17.6%     -   21s
     0     0   55.63617    0  281   67.54592   55.63617  17.6%     -   21s
     0     0   55.63617    0  291   67.54592   55.63617  17.6%     -   21s
     0     0   55.63617    0  297   67.54592   55.63617  17.6%     -   21s
     0     0   55.63617    0  285   67.54592   55.63617  17.6%     -   22s
     0     0   55.63617    0  224   67.54592   55.63617  17.6%     -   22s
     0     2   55.63617    0  202   67.54592   55.63617  17.6%     -   24s
     7    16   55.63617    3  242   67.54592   55.63617  17.6%  1083   25s
H   71    73                      65.6459200   55.63617  15.2%   916   27s
H  109   112                      65.5394800   55.63617  15.1%   794   31s
H  110   112                      65.1340400   55.63617  14.6%   794   31s
H  165   138                      65.0827000   55.63617  14.5%   663   33s
   392   310   61.18043   40   63   65.08270   55.63617  14.5%   403   35s
  1028   806   58.04733   12  208   65.08270   55.85278  14.2%   326   40s
  1474  1037   62.50866   51  423   65.08270   56.12282  13.8%   291   49s
  1476  1038   59.86906   21  152   65.08270   56.12282  13.8%   290   55s
  1485  1044   61.38890   44  216   65.08270   56.12282  13.8%   289   60s
H 1485   991                      64.3859800   56.12282  12.8%   289   61s
H 1519   969                      63.8933800   56.12282  12.2%   321   63s
H 1520   922                      63.4370200   56.12282  11.5%   321   63s
H 1592   911                      62.5753600   56.12282  10.3%   324   64s
  1598   919     cutoff   22        62.57536   56.12282  10.3%   324   65s
H 1690   903                      62.4933800   56.12282  10.2%   317   66s
H 2036   928                      62.2828800   56.12282  9.89%   290   69s
H 2051   884                      62.2498600   56.12282  9.84%   290   69s
  2113   901   57.02864   18  297   62.24986   56.12282  9.84%   287   70s
H 2635   990                      62.1874600   56.62178  8.95%   263   73s
H 2993  1063                      62.0198400   56.62178  8.70%   250   75s
  4129  1540   59.54849   35  134   62.01984   57.16566  7.83%   221   80s
  5355  2109 infeasible   40        62.01984   57.37585  7.49%   199   85s
  6506  2644   58.46148   39   77   62.01984   57.56527  7.18%   192   90s
  7637  3023   58.38146   27   83   62.01984   57.71202  6.95%   189   96s
  8520  3435   58.48338   34  138   62.01984   57.72051  6.93%   188  100s
H 9257  3752                      62.0198400   57.77639  6.84%   188  103s
  9514  3888   59.91237   31  129   62.01984   57.78309  6.83%   188  105s
 10677  4442   58.26418   23  311   62.01984   57.86272  6.70%   184  110s
 11853  5046   59.57609   34   93   62.01984   57.88811  6.66%   183  116s
 13027  5473   60.19939   36   85   62.01984   57.93919  6.58%   180  121s
 14165  5974   59.98163   35   88   62.01984   57.98446  6.51%   178  126s
 15455  6495   58.63968   23  125   62.01984   58.03602  6.42%   176  132s
 16056  6805   59.09660   31  136   62.01984   58.03996  6.42%   174  135s
 17346  7155   59.85303   37   96   62.01984   58.07998  6.35%   173  141s
 18331  7647   59.87772   41   73   62.01984   58.12098  6.29%   173  148s
 19087  7888   61.80974   28   90   62.01984   58.14843  6.24%   172  152s
 19828  8165   61.26754   62   42   62.01984   58.19190  6.17%   172  156s
 20588  8497   60.90974   31   91   62.01984   58.21668  6.13%   172  161s
 21452  8824 infeasible   36        62.01984   58.25334  6.07%   172  165s
 22186  9214   59.51882   28   92   62.01984   58.27560  6.04%   173  170s
H23007  9207                      61.9306400   58.27560  5.90%   173  177s
 23082  9568   58.28726   28  137   61.93064   58.27560  5.90%   173  181s
 23829  9899   59.76164   33  219   61.93064   58.27560  5.90%   174  186s
 24495 10138   59.20246   37  114   61.93064   58.27560  5.90%   175  191s
 25028 10460 infeasible   33        61.93064   58.30446  5.86%   176  195s
 25829 10804   58.66562   28  124   61.93064   58.33584  5.80%   177  200s
 26705 11132   60.73734   39   50   61.93064   58.36726  5.75%   177  206s
 27722 11595     cutoff   33        61.93064   58.39425  5.71%   176  211s
 28768 12033   59.99630   37   99   61.93064   58.41173  5.68%   176  216s
 29880 12379   60.31392   41   68   61.93064   58.44107  5.63%   175  222s
 30868 12822   58.90486   31  124   61.93064   58.46148  5.60%   174  228s
 31819 13118   59.81881   20  122   61.93064   58.47206  5.58%   173  232s
 32508 13438   60.03261   36  112   61.93064   58.49690  5.54%   173  236s
 33405 13786   60.33741   46   51   61.93064   58.52659  5.50%   173  241s
 34325 14206     cutoff   40        61.93064   58.54630  5.46%   172  246s
 35249 14563   60.05253   33   95   61.93064   58.56734  5.43%   172  251s
 36065 14998   60.84386   29   98   61.93064   58.57882  5.41%   172  257s
 37117 15301   61.24924   33   74   61.93064   58.59317  5.39%   171  262s
 38046 15718   59.41235   34  112   61.93064   58.61981  5.35%   171  268s
 39138 16094   61.24822   29  149   61.93064   58.62026  5.35%   170  272s
 40146 16418   60.14508   40  140   61.93064   58.64220  5.31%   169  277s
 41040 16722   59.57536   28  163   61.93064   58.65208  5.29%   169  282s
 41792 17049 infeasible   40        61.93064   58.66823  5.27%   169  287s
 42613 17471   61.89356   41   67   61.93064   58.67319  5.26%   169  293s
 43670 17746   60.56767   39  165   61.93064   58.68028  5.25%   168  298s
 44431 18080   61.47230   39   72   61.93064   58.68672  5.24%   168  304s
 45287 18497   60.52988   38   92   61.93064   58.70220  5.21%   168  310s
 46294 18788   60.73954   45   29   61.93064   58.71488  5.19%   167  315s
 48041 19416   59.93221   37  115   61.93064   58.72781  5.17%   166  324s
 48845 19690 infeasible   40        61.93064   58.73844  5.15%   166  329s
 49485 20009   61.36758   38   81   61.93064   58.74766  5.14%   166  334s
 50283 20311   60.83351   38  100   61.93064   58.76221  5.12%   166  340s
 51141 20608   59.78641   31  111   61.93064   58.77781  5.09%   166  345s
 51932 20986   60.01920   33   64   61.93064   58.78094  5.09%   166  350s
 52815 21257   59.89315   31  120   61.93064   58.79181  5.07%   166  355s
 53548 21568   61.39334   38   97   61.93064   58.80243  5.05%   166  360s
 54301 21935   59.58142   27  165   61.93064   58.80942  5.04%   166  366s
 55132 22088 infeasible   35        61.93064   58.81704  5.03%   166  372s
 55609 22333 infeasible   34        61.93064   58.81970  5.02%   166  377s
 56483 22763   60.08769   31  114   61.93064   58.83197  5.00%   166  384s
 57422 23021   59.86341   33   95   61.93064   58.84301  4.99%   165  390s
 58287 23297   61.42155   34   48   61.93064   58.85026  4.97%   165  396s
 59073 23613   59.47144   29  109   61.93064   58.86185  4.96%   165  402s
 59978 23902   59.59878   38   74   61.93064   58.87173  4.94%   165  408s
 60844 24215   59.43545   22  145   61.93064   58.88021  4.93%   165  413s
 61654 24572   59.57800   30  177   61.93064   58.89271  4.91%   165  418s
 62545 24904   60.32045   32  146   61.93064   58.90196  4.89%   165  424s
 63360 25234   60.62929   42  155   61.93064   58.91073  4.88%   165  429s
 64165 25524   61.20867   32  107   61.93064   58.92080  4.86%   165  434s
 64909 25926   59.21703   29  133   61.93064   58.92845  4.85%   165  440s
 65852 26233   59.95605   34  114   61.93064   58.93765  4.83%   165  446s
 66791 26526 infeasible   40        61.93064   58.93782  4.83%   164  452s
 67659 26886   60.85460   39   74   61.93064   58.94789  4.82%   164  458s
 68545 27210   59.90575   30  136   61.93064   58.95497  4.80%   164  464s
 69421 27475   61.00648   34   92   61.93064   58.96310  4.79%   164  470s
 70185 27756   59.59878   34   93   61.93064   58.96753  4.78%   164  475s
 70890 28085   61.13109   44   49   61.93064   58.97749  4.77%   164  481s
 71775 28424   59.98836   23  146   61.93064   58.98516  4.76%   164  488s
 72610 28849   60.25731   30   94   61.93064   58.99075  4.75%   164  495s
 73591 29232   61.16895   42   86   61.93064   58.99293  4.74%   164  502s
 74582 29406     cutoff   34        61.93064   58.99957  4.73%   164  506s
 75001 29750   60.09978   25  121   61.93064   59.00139  4.73%   164  513s
 76068 30078   61.73993   42   75   61.93064   59.01293  4.71%   163  520s
 77030 30363     cutoff   41        61.93064   59.01975  4.70%   163  525s
 77751 30687   60.22268   35  102   61.93064   59.02952  4.68%   163  532s
 78672 31047     cutoff   43        61.93064   59.03853  4.67%   163  539s
 79546 31417   59.56528   36  144   61.93064   59.04368  4.66%   163  545s
 80404 31756   61.05002   46   29   61.93064   59.04368  4.66%   163  551s
 81304 32192   59.05438   32  299   61.93064   59.04368  4.66%   163  558s
 82241 32618   60.62722   56   35   61.93064   59.04368  4.66%   163  565s
 83394 32906   60.50253   24  127   61.93064   59.04368  4.66%   163  571s
 84268 33177 infeasible   31        61.93064   59.05435  4.64%   163  577s
 85091 33553   60.49797   33  103   61.93064   59.06142  4.63%   163  584s
 86018 33883 infeasible   30        61.93064   59.06779  4.62%   163  590s
 86761 34288   60.95559   39  101   61.93064   59.06996  4.62%   163  597s
 87777 34637   59.91056   43   87   61.93064   59.07886  4.60%   163  603s
 88678 34930   61.09656   65   58   61.93064   59.08310  4.60%   163  610s
 89468 35302   60.49853   33   75   61.93064   59.09034  4.59%   163  616s
 90336 35832   59.94991   38  181   61.93064   59.09609  4.58%   163  624s
 91441 36364   59.78465   35   68   61.93064   59.09660  4.58%   163  632s
 92557 36833   59.80468   35   85   61.93064   59.09660  4.58%   162  639s
 93524 37205 infeasible   40        61.93064   59.09660  4.58%   162  646s
 94375 37621   59.60584   33  123   61.93064   59.10085  4.57%   162  652s
 95364 37923   61.40882   62   33   61.93064   59.10449  4.56%   162  659s
 96398 38184   61.65830   46   43   61.93064   59.11153  4.55%   162  665s
 97236 38489     cutoff   42        61.93064   59.11964  4.54%   162  672s
 98093 38765   59.38815   36  318   61.93064   59.12480  4.53%   162  679s
 98945 39070   59.92322   27  126   61.93064   59.12859  4.52%   162  686s
 99897 39446   61.79673   43   93   61.93064   59.13594  4.51%   162  693s
 100925 39794   60.44860   35  132   61.93064   59.14196  4.50%   161  699s
 101744 40083   60.26920   32  117   61.93064   59.14635  4.50%   161  706s
 102529 40454   60.42082   37   79   61.93064   59.14953  4.49%   162  712s
 103322 40764   60.15514   53   80   61.93064   59.14974  4.49%   162  719s
 104255 41041 infeasible   31        61.93064   59.15603  4.48%   161  725s
 105061 41295 infeasible   42        61.93064   59.16014  4.47%   161  731s
 105792 41550   61.30995   31   90   61.93064   59.16695  4.46%   161  738s
 106524 41886   60.54927   39  138   61.93064   59.17131  4.46%   161  747s
 107699 42214   60.44718   35  105   61.93064   59.17536  4.45%   161  754s
 108644 42585   61.34048   37   46   61.93064   59.17536  4.45%   161  760s
 109475 42881   59.59878   36  171   61.93064   59.17786  4.44%   161  767s
 110283 43181   59.58894   28  101   61.93064   59.18340  4.44%   161  775s
 111231 43455     cutoff   40        61.93064   59.18911  4.43%   161  782s
 112136 43750   60.78101   37   80   61.93064   59.19504  4.42%   161  789s
 112900 44112   60.15225   38   86   61.93064   59.19953  4.41%   161  797s
 114041 44430   60.87350   32  113   61.93064   59.20246  4.41%   161  805s
 115038 44799     cutoff   33        61.93064   59.20246  4.41%   161  812s
 116014 45116   60.24970   26   98   61.93064   59.20452  4.40%   160  820s
 116931 45376   59.51021   35  121   61.93064   59.21333  4.39%   160  826s
 117665 45614   59.60633   32  167   61.93064   59.21707  4.38%   161  833s
 118404 45919   61.34048   40   57   61.93064   59.21965  4.38%   160  840s
 119301 46215   61.34048   44   55   61.93064   59.22528  4.37%   160  846s
 120062 46596     cutoff   29        61.93064   59.22930  4.36%   160  852s
 120995 46897   60.33689   35   96   61.93064   59.23512  4.35%   160  859s
 121950 47199   60.43691   33   96   61.93064   59.23910  4.35%   160  865s
 122785 47533   60.73246   38   68   61.93064   59.24417  4.34%   160  871s
 123680 47904   61.36124   47   65   61.93064   59.24934  4.33%   160  879s
 124690 48182   60.01731   27   93   61.93064   59.25475  4.32%   160  886s
 125538 48483   61.12878   46   45   61.93064   59.25968  4.31%   160  893s
 126575 48868   59.41676   34  117   61.93064   59.26456  4.30%   160  899s
 127416 49155   59.51747   33  155   61.93064   59.26929  4.30%   159  905s
 128204 49455   61.49801   39   69   61.93064   59.27588  4.29%   159  912s
 128996 49715   60.18716   44  121   61.93064   59.28185  4.28%   159  918s
 129688 50060   59.31932   33  141   61.93064   59.28617  4.27%   159  925s
 130647 50318   61.48170   37   96   61.93064   59.29106  4.26%   159  931s
 131519 50565   59.62164   25  198   61.93064   59.29625  4.25%   159  938s
 132449 50890   59.76041   36  150   61.93064   59.30098  4.25%   159  944s
 133223 51257   60.20707   31   90   61.93064   59.30785  4.24%   159  951s
 134175 51725 infeasible   43        61.93064   59.30831  4.23%   159  959s
 135151 52145     cutoff   47        61.93064   59.30831  4.23%   159  968s
 136144 52463   60.02660   36  140   61.93064   59.30831  4.23%   159  978s
 137218 52696 infeasible   44        61.93064   59.30831  4.23%   159  985s
 138138 52897   59.99636   36  100   61.93064   59.30831  4.23%   159  992s
 138936 53192   59.38154   31  113   61.93064   59.31280  4.23%   159  999s
H139013 52245                      61.8190600   59.31280  4.05%   159  999s
 139382 52245   61.56157   37   79   61.81906   59.31502  4.05%   159 1000s
 139723 52477   61.73387   43   33   61.81906   59.31732  4.05%   159 1008s
H139975 52034                      61.7594400   59.31848  3.95%   159 1008s
 140509 52327   60.06490   34  109   61.75944   59.32228  3.95%   159 1015s
 141167 52691   59.53632   33  100   61.75944   59.32292  3.95%   159 1023s
 141991 52963   59.34902   39  108   61.75944   59.32491  3.94%   159 1031s
 142885 53258   61.02292   52   31   61.75944   59.32558  3.94%   159 1038s
 143788 53571   60.52563   43   56   61.75944   59.33160  3.93%   160 1046s
 144808 53921   61.65804   56   41   61.75944   59.33694  3.92%   159 1055s
 145803 54151   59.86026   34  128   61.75944   59.34210  3.91%   159 1062s
 146587 54318   60.51138   36   56   61.75944   59.34535  3.91%   159 1067s
 147121 54531   60.96325   34   98   61.75944   59.34698  3.91%   160 1075s
 147988 54715   60.52563   39   80   61.75944   59.35310  3.90%   160 1082s
 148690 55108   59.59634   30  150   61.75944   59.35631  3.89%   160 1094s
 150094 55459   60.24112   43   71   61.75944   59.36109  3.88%   160 1103s
 151389 55711     cutoff   41        61.75944   59.36124  3.88%   159 1111s
 152253 55961   59.86026   37  122   61.75944   59.36369  3.88%   159 1118s
 153126 56221   59.80945   26  177   61.75944   59.36817  3.87%   159 1126s
 153926 56503   60.35700   31   96   61.75944   59.37249  3.86%   159 1133s
 154761 56787   61.66058   41   46   61.75944   59.37710  3.86%   160 1140s
 155567 57061   60.31277   36   25   61.75944   59.37831  3.86%   160 1148s
 156585 57321   61.63082   39   74   61.75944   59.38142  3.85%   160 1156s
 157425 57547   60.26604   40  114   61.75944   59.38537  3.84%   160 1164s
 158456 57707   60.73407   40  126   61.75944   59.38707  3.84%   160 1170s
 159067 57881   60.40671   41   96   61.75944   59.38707  3.84%   160 1176s
 159799 58240   60.48163   41  101   61.75944   59.38835  3.84%   160 1184s
 160928 58512     cutoff   39        61.75944   59.39355  3.83%   160 1192s
 161867 58823   60.41978   52   51   61.75944   59.39887  3.82%   160 1199s
 162871 59077     cutoff   46        61.75944   59.40358  3.81%   160 1207s
 163816 59377   60.92220   48   70   61.75944   59.40949  3.81%   160 1215s
 164775 59657   61.19589   43   86   61.75944   59.41095  3.80%   160 1221s
 165618 59934     cutoff   40        61.75944   59.41417  3.80%   160 1227s
 166469 60172   61.40489   31   99   61.75944   59.41657  3.79%   160 1235s
 167217 60403   59.60175   38  118   61.75944   59.42026  3.79%   160 1241s
 168139 60671     cutoff   41        61.75944   59.42465  3.78%   160 1249s
 169029 60938   60.73725   46   89   61.75944   59.42962  3.77%   160 1257s
 169961 61264   61.31365   45   67   61.75944   59.43236  3.77%   160 1265s
 170958 61457   61.45923   40  103   61.75944   59.43722  3.76%   160 1271s
 171782 61695   61.03726   33   94   61.75944   59.44114  3.75%   160 1278s
 172682 61835   60.37441   29  126   61.75944   59.44717  3.74%   160 1286s
 173106 62151   59.93821   41  124   61.75944   59.44836  3.74%   160 1293s
 174020 62443     cutoff   37        61.75944   59.45393  3.73%   160 1300s
 174847 62643   59.71179   32  128   61.75944   59.45782  3.73%   160 1306s
 175476 62960 infeasible   45        61.75944   59.45885  3.73%   160 1313s
 176351 63184   60.41004   29   88   61.75944   59.46221  3.72%   160 1321s
 177346 63448   61.31480   38   84   61.75944   59.46709  3.71%   160 1329s
 178279 63794   61.09593   35   96   61.75944   59.46709  3.71%   160 1337s
 179233 64058   60.16216   32  118   61.75944   59.47053  3.71%   160 1344s
 180117 64316   60.94053   43  118   61.75944   59.47361  3.70%   160 1351s
 180991 64653   59.60304   37  129   61.75944   59.47875  3.69%   160 1358s
 181910 64946   59.91361   35   65   61.75944   59.48220  3.69%   160 1366s
 182831 65225   61.05002   32   60   61.75944   59.48424  3.68%   160 1374s
 183858 65499   59.88155   45  153   61.75944   59.48527  3.68%   160 1380s
 184661 65797   60.80086   58   62   61.75944   59.49053  3.67%   160 1388s
 185674 66051   59.98880   39   91   61.75944   59.49334  3.67%   160 1396s
 186709 66331   59.65233   32  113   61.75944   59.49703  3.66%   160 1402s
 187586 66546   60.36640   34  123   61.75944   59.50292  3.65%   160 1410s
 188404 66767   59.52002   36  154   61.75944   59.50665  3.65%   160 1418s
 189324 66957   60.68442   33   74   61.75944   59.51061  3.64%   160 1426s
 190186 67219   59.54201   25  168   61.75944   59.51514  3.63%   160 1435s
 191300 67379   60.76720   39   92   61.75944   59.51916  3.63%   160 1443s
 192212 67614   59.91262   40   56   61.75944   59.52002  3.63%   160 1451s
 193074 67950   61.55599   55   42   61.75944   59.52002  3.63%   160 1460s
 194250 68190   61.75305   54   50   61.75944   59.52002  3.63%   160 1468s
 195177 68358     cutoff   46        61.75944   59.52536  3.62%   160 1475s
 196071 68686   59.96696   45   91   61.75944   59.53037  3.61%   160 1484s
 197288 68940   61.24688   45   98   61.75944   59.53461  3.60%   160 1492s
 198171 69249   60.98077   34  138   61.75944   59.53717  3.60%   160 1500s
 199165 69508     cutoff   54        61.75944   59.53945  3.59%   160 1507s
 200158 69766   60.50055   35   72   61.75944   59.54352  3.59%   160 1516s
 201203 69952   60.52563   35   91   61.75944   59.54785  3.58%   160 1523s
 202086 70163   60.80103   38  119   61.75944   59.55179  3.57%   160 1530s
 202902 70431   61.56611   49   34   61.75944   59.55515  3.57%   160 1538s
 203866 70782   60.55865   26   62   61.75944   59.55948  3.56%   160 1547s
 204997 71134     cutoff   53        61.75944   59.56173  3.56%   160 1556s
 206088 71335   60.46985   38   79   61.75944   59.56378  3.56%   160 1564s
 207005 71619   59.80363   37  105   61.75944   59.56800  3.55%   160 1573s
 207983 72139   59.99636   40   86   61.75944   59.57295  3.54%   160 1584s
 209455 72553   60.87737   62   60   61.75944   59.57295  3.54%   160 1593s
 210538 72886   60.93232   36  170   61.75944   59.57295  3.54%   160 1602s
 211496 73202   59.89051   35   73   61.75944   59.57295  3.54%   160 1610s
 212463 73449   59.68277   35   70   61.75944   59.57295  3.54%   160 1617s
 213319 73693   60.23213   43   84   61.75944   59.57394  3.54%   160 1625s
 214206 73964   61.21551   45  177   61.75944   59.57659  3.53%   160 1632s
 215064 74235     cutoff   45        61.75944   59.57986  3.53%   160 1640s
 216045 74463   61.21389   48   67   61.75944   59.58002  3.53%   160 1647s
 216939 74696   61.28989   38   81   61.75944   59.58411  3.52%   160 1655s
 217826 74946   59.74055   45  100   61.75944   59.58685  3.52%   160 1662s
 218750 75221   60.52563   38   95   61.75944   59.59110  3.51%   160 1671s
 219693 75508   60.43527   36  131   61.75944   59.59449  3.51%   160 1680s
 220867 75723   60.48744   41   89   61.75944   59.59700  3.50%   160 1688s
 221856 75862   60.02252   30  106   61.75944   59.59878  3.50%   160 1695s
 222675 76097   60.91813   35  113   61.75944   59.59878  3.50%   160 1703s
 223621 76336   61.34048   41   41   61.75944   59.59878  3.50%   160 1711s
 224564 76704   61.20724   51   92   61.75944   59.60251  3.49%   160 1722s
 225756 76984   60.26099   51  119   61.75944   59.60518  3.49%   160 1731s
 226910 77335     cutoff   31        61.75944   59.60901  3.48%   160 1741s
 228205 77550   60.06028   40  104   61.75944   59.61289  3.48%   160 1749s
 229112 77923     cutoff   34        61.75944   59.61552  3.47%   160 1760s
 230342 78125   60.96958   37   79   61.75944   59.61936  3.47%   160 1766s
 230987 78481   59.76197   37  110   61.75944   59.62014  3.46%   160 1775s
 232223 78776   61.60512   49   74   61.75944   59.62487  3.46%   160 1786s
 233449 79097   61.09243   31   84   61.75944   59.62587  3.45%   160 1795s
 234450 79462   60.79499   39  124   61.75944   59.62587  3.45%   160 1805s
 235610 79828     cutoff   34        61.75944   59.62587  3.45%   160 1815s
 236702 80173   59.75507   41  106   61.75944   59.62587  3.45%   160 1823s
 237596 80516   60.80514   33   85   61.75944   59.62587  3.45%   160 1832s
 238714 80801   60.34441   30   84   61.75944   59.62674  3.45%   160 1841s
 239725 81045   60.45169   33  119   61.75944   59.62947  3.45%   160 1850s
 240720 81385   61.63709   40   70   61.75944   59.63269  3.44%   160 1860s
 241938 81697   60.02523   32   75   61.75944   59.63559  3.44%   160 1869s
 242985 81982   61.29418   50   57   61.75944   59.63820  3.43%   160 1879s
 243967 82266   61.19204   49   67   61.75944   59.64011  3.43%   160 1888s
 244972 82460   60.12251   55   83   61.75944   59.64310  3.43%   160 1897s
 245875 82834   59.76392   53   99   61.75944   59.64628  3.42%   160 1906s
 246929 83112   60.13493   36  104   61.75944   59.64872  3.42%   160 1915s
 247888 83329   60.47307   31  136   61.75944   59.65140  3.41%   160 1924s
 248862 83564   60.22764   38  101   61.75944   59.65520  3.41%   160 1932s
 249765 83775   61.39059   40  104   61.75944   59.65681  3.40%   160 1940s
 250661 84074 infeasible   35        61.75944   59.66010  3.40%   160 1949s
 251753 84294   60.29101   38  141   61.75944   59.66323  3.39%   160 1958s
 252756 84496   60.26430   39  132   61.75944   59.66564  3.39%   160 1966s
 253485 84786     cutoff   48        61.75944   59.66741  3.39%   160 1975s
 254467 85082   60.31392   47   78   61.75944   59.67124  3.38%   160 1984s
 255423 85496     cutoff   43        61.75944   59.67341  3.38%   160 1996s
 256697 85758   60.90353   58   76   61.75944   59.67657  3.37%   160 2006s
 257966 86248   61.43710   39   96   61.75944   59.67880  3.37%   160 2017s
 259310 86649   60.15514   38   87   61.75944   59.67880  3.37%   160 2027s
 260467 86842   60.42968   47  100   61.75944   59.67880  3.37%   160 2035s
 261019 87125 infeasible   53        61.75944   59.67880  3.37%   160 2044s
 261940 87413   61.09787   31   61   61.75944   59.67880  3.37%   160 2053s
 262861 87729     cutoff   54        61.75944   59.68050  3.37%   160 2064s
 264009 87980   61.45921   37   66   61.75944   59.68277  3.36%   160 2074s
 265089 88300   59.77031   39  147   61.75944   59.68514  3.36%   160 2083s
 266064 88599   60.30479   31   99   61.75944   59.68636  3.36%   160 2093s
 267042 88878     cutoff   61        61.75944   59.68939  3.35%   160 2102s
 267975 89127     cutoff   53        61.75944   59.69194  3.35%   160 2111s
 268878 89325   60.62593   41  103   61.75944   59.69455  3.34%   160 2121s
 269763 89452   60.06740   38  125   61.75944   59.69721  3.34%   160 2129s
 270433 89796   61.14830   35  186   61.75944   59.70019  3.33%   160 2140s
 271550 89996     cutoff   34        61.75944   59.70319  3.33%   160 2147s
 272370 90338   60.70493   37  115   61.75944   59.70463  3.33%   160 2158s
 273616 90731   60.10221   34   92   61.75944   59.70767  3.32%   160 2169s
 274765 90979     cutoff   52        61.75944   59.71042  3.32%   160 2179s
 275777 91356   61.08013   31   80   61.75944   59.71372  3.31%   160 2190s
 276895 91625   61.32930   33   78   61.75944   59.71560  3.31%   160 2201s
 278015 91942   60.22768   29  110   61.75944   59.71925  3.30%   160 2212s
 279190 92233     cutoff   44        61.75944   59.72227  3.30%   160 2223s
 280273 92335     cutoff   47        61.75944   59.72426  3.30%   160 2233s
 281215 92728   60.20165   30   99   61.75944   59.72717  3.29%   160 2245s
 282494 92908   61.29091   43   67   61.75944   59.73059  3.29%   160 2257s
 283647 93123   59.97593   37   76   61.75944   59.73173  3.28%   160 2269s
 285022 93279   59.76833   37   90   61.75944   59.73173  3.28%   160 2279s
H285622 93279                      61.7594400   59.73173  3.28%   160 2279s
 285890 93518   60.44869   40  125   61.75944   59.73173  3.28%   160 2292s
 287151 93784     cutoff   52        61.75944   59.73173  3.28%   160 2305s
 288458 94015     cutoff   49        61.75944   59.73173  3.28%   160 2317s
 289576 94415     cutoff   53        61.75944   59.73173  3.28%   160 2329s
 290743 94712   60.71045   36  104   61.75944   59.73173  3.28%   161 2343s
 291911 94988   60.20807   41   95   61.75944   59.73173  3.28%   161 2356s
 293023 95283   60.20807   36   89   61.75944   59.73173  3.28%   161 2368s
 294038 95514   61.37630   39  251   61.75944   59.73173  3.28%   161 2380s
 295162 95657   60.39597   35   97   61.75944   59.73362  3.28%   161 2391s
 295930 95934   60.77684   42  130   61.75944   59.73524  3.28%   161 2402s
 297219 96101   59.93411   40   95   61.75944   59.73749  3.27%   161 2411s
 297935 96407   60.62855   33   83   61.75944   59.74019  3.27%   161 2423s
 299196 96679   59.85272   37  120   61.75944   59.74343  3.26%   161 2434s
 300230 96973     cutoff   36        61.75944   59.74638  3.26%   161 2444s
 301094 96973 infeasible   37        61.75944   59.74655  3.26%   161 2445s
 301337 97293   61.44126   45   86   61.75944   59.74872  3.26%   161 2455s
 302455 97510   61.15750   50   87   61.75944   59.75083  3.25%   161 2465s
 303406 97795   60.41531   43  133   61.75944   59.75386  3.25%   161 2475s
 304468 98108   59.98514   36   73   61.75944   59.75599  3.24%   161 2486s
 305667 98365     cutoff   46        61.75944   59.75819  3.24%   161 2498s
 306783 98579   60.34772   34   93   61.75944   59.76081  3.24%   161 2508s
 307744 98761   61.38855   32   79   61.75944   59.76317  3.23%   161 2518s
 308698 99057   59.81154   38  139   61.75944   59.76585  3.23%   161 2530s
 309825 99303   61.44720   33  112   61.75944   59.76934  3.22%   161 2540s
 310951 99614   60.51441   32   97   61.75944   59.77243  3.22%   161 2553s
 312268 99827   60.44684   36   83   61.75944   59.77470  3.21%   161 2562s
 313043 100100   59.78607   49   97   61.75944   59.77653  3.21%   161 2574s
 314084 100290   60.02219   32  117   61.75944   59.77867  3.21%   161 2584s
 314948 100586   61.56418   36  107   61.75944   59.78151  3.20%   161 2600s
 316487 100885   61.01867   44   72   61.75944   59.78465  3.20%   161 2616s
 318218 101146   60.78633   37   74   61.75944   59.78465  3.20%   161 2630s
 319448 101483   60.60968   39  122   61.75944   59.78465  3.20%   161 2642s
 320647 101907   60.68441   31   65   61.75944   59.78465  3.20%   161 2655s
 321869 102199   60.50899   34   86   61.75944   59.78465  3.20%   161 2667s
 323010 102468     cutoff   53        61.75944   59.78700  3.19%   162 2679s
 324011 102805   60.42289   39   81   61.75944   59.78930  3.19%   162 2692s
 325222 103022     cutoff   46        61.75944   59.79122  3.19%   161 2703s
 326010 103150     cutoff   37        61.75944   59.79221  3.19%   161 2711s
 326691 103291   60.12312   33  107   61.75944   59.79312  3.18%   162 2720s
 327382 103602   61.73698   59   57   61.75944   59.79563  3.18%   162 2733s
 328701 103812   59.83519   36  120   61.75944   59.79889  3.17%   162 2745s
 329809 104016     cutoff   36        61.75944   59.80137  3.17%   162 2755s
 330816 104260   60.81521   36  144   61.75944   59.80428  3.17%   162 2767s
 331781 104514   60.94417   38   50   61.75944   59.80632  3.16%   162 2778s
 332793 104774   61.05256   40   84   61.75944   59.80817  3.16%   162 2788s
 333751 105024     cutoff   30        61.75944   59.81081  3.16%   162 2799s
 334832 105180   61.30416   39   86   61.75944   59.81401  3.15%   162 2810s
 335617 105253   59.94343   39   93   61.75944   59.81539  3.15%   162 2820s
 336142 105382     cutoff   42        61.75944   59.81610  3.15%   162 2830s
 337008 105635   60.46980   48  116   61.75944   59.81885  3.14%   162 2842s
 338108 105879     cutoff   42        61.75944   59.82163  3.14%   162 2855s
 339315 106094     cutoff   35        61.75944   59.82507  3.13%   162 2867s
 340404 106333 infeasible   62        61.75944   59.82740  3.13%   162 2878s
 341453 106575   61.06475   32  110   61.75944   59.83002  3.12%   162 2887s
 342215 106876   61.20499   48   55   61.75944   59.83258  3.12%   162 2902s
 343565 106931   60.40818   35  104   61.75944   59.83609  3.11%   162 2913s
 344683 106972     cutoff   53        61.75944   59.83758  3.11%   162 2925s
 345624 107212   60.28434   37  164   61.75944   59.83758  3.11%   163 2940s
 347013 107438   60.90311   40  226   61.75944   59.83758  3.11%   163 2954s
 348197 107541   60.78062   38  103   61.75944   59.83758  3.11%   163 2966s
 349010 107705     cutoff   37        61.75944   59.83758  3.11%   163 2980s
 350093 107951   60.30009   34   87   61.75944   59.83758  3.11%   163 2996s
 351363 108193   60.43275   52  138   61.75944   59.83758  3.11%   163 3011s
 352685 108309   61.34583   40  129   61.75944   59.83946  3.11%   164 3022s
 353600 108503   61.44382   46   94   61.75944   59.84270  3.10%   164 3036s
 354750 108755   60.28065   37   80   61.75944   59.84597  3.10%   164 3049s
 355959 109015   60.33138   34  107   61.75944   59.84883  3.09%   164 3058s
 356812 109290   61.11676   46   97   61.75944   59.85072  3.09%   164 3070s
 357887 109580   60.49788   45   79   61.75944   59.85347  3.09%   164 3082s
 358973 109789 infeasible   52        61.75944   59.85528  3.08%   164 3093s
 359952 110000   60.24040   52  177   61.75944   59.85726  3.08%   164 3103s
 360846 110227     cutoff   50        61.75944   59.85974  3.08%   164 3116s
 361898 110386   60.22571   30  104   61.75944   59.86102  3.07%   164 3125s
 362796 110529   61.60512   41   50   61.75944   59.86356  3.07%   164 3135s
 363628 110786     cutoff   33        61.75944   59.86604  3.07%   164 3147s
 364599 110945   60.95605   39  100   61.75944   59.86914  3.06%   164 3157s
 365653 111075 infeasible   31        61.75944   59.87142  3.06%   164 3167s
 366413 111284   60.71118   36  205   61.75944   59.87461  3.05%   164 3177s
 367387 111487     cutoff   43        61.75944   59.87607  3.05%   164 3188s
 368304 111753   60.83482   31  112   61.75944   59.87906  3.04%   165 3201s
 369481 112106   61.04960   38  110   61.75944   59.88178  3.04%   165 3215s
 370918 112219     cutoff   47        61.75944   59.88309  3.04%   165 3226s
 371786 112439   61.27083   34   90   61.75944   59.88487  3.04%   165 3240s
 372956 112680   59.96083   33  126   61.75944   59.88727  3.03%   165 3252s
 374112 112893   61.04756   44   56   61.75944   59.89051  3.03%   165 3264s
 375305 113089   61.21417   35  144   61.75944   59.89051  3.03%   165 3276s
 376391 113360   61.46543   33  121   61.75944   59.89051  3.03%   165 3290s
 377606 113579     cutoff   40        61.75944   59.89051  3.03%   165 3303s
 378721 113911   59.89051   27  122   61.75944   59.89051  3.03%   165 3317s
 379936 114237   61.02728   36  127   61.75944   59.89051  3.03%   165 3331s
 381344 114516   60.37553   38  107   61.75944   59.89051  3.03%   166 3345s
 382561 114972   60.31392   36  105   61.75944   59.89051  3.03%   166 3361s
 383909 115324   59.91319   37  132   61.75944   59.89051  3.03%   166 3375s
 385246 115681   61.41543   50   65   61.75944   59.89051  3.03%   166 3391s
 386505 115934   60.84199   44  120   61.75944   59.89051  3.03%   166 3402s
 387371 116215   59.99636   35  108   61.75944   59.89051  3.03%   166 3415s
 388504 116402   60.41617   32   97   61.75944   59.89261  3.02%   166 3427s
 389582 116513     cutoff   39        61.75944   59.89539  3.02%   166 3438s
 390313 116737     cutoff   35        61.75944   59.89740  3.01%   166 3450s
 391398 116972 infeasible   34        61.75944   59.90060  3.01%   166 3463s
 392579 117181   60.64815   35  112   61.75944   59.90343  3.01%   166 3475s
 393612 117366   60.79026   46   57   61.75944   59.90575  3.00%   166 3489s
 394897 117485   61.37012   41   63   61.75944   59.90831  3.00%   166 3502s
 395627 117685   61.69579   41  133   61.75944   59.90910  3.00%   166 3515s
 396803 117843   61.04493   40   55   61.75944   59.91218  2.99%   166 3528s
 397844 118016   60.90432   39  117   61.75944   59.91564  2.99%   166 3539s
 398836 118016   60.72540   26  137   61.75944   59.91711  2.98%   166 3540s
 398943 118212   60.77196   35  118   61.75944   59.91844  2.98%   166 3552s
 400075 118424     cutoff   36        61.75944   59.92085  2.98%   166 3567s
 401080 118696   61.29391   43   61   61.75944   59.92266  2.97%   166 3577s
 402006 118941 infeasible   34        61.75944   59.92502  2.97%   166 3589s
 402974 119142     cutoff   39        61.75944   59.92624  2.97%   167 3599s
 403896 119166   60.42220   37  213   61.75944   59.92924  2.96%   167 3600s

Cutting planes:
  Learned: 300
  Gomory: 16
  Lift-and-project: 3
  Cover: 8634
  Implied bound: 2524
  Projected implied bound: 15
  Clique: 389
  MIR: 194
  StrongCG: 95
  Flow cover: 1557
  GUB cover: 42
  Inf proof: 292
  Zero half: 86
  RLT: 290
  Relax-and-lift: 236
  BQP: 7

Explored 403962 nodes (67337749 simplex iterations) in 3600.21 seconds (3026.31 work units)
Thread count was 8 (of 24 available processors)

Solution count 10: 61.7594 61.7594 61.7594 ... 62.2829

Time limit reached
Warning: max constraint violation (1.3925e-03) exceeds tolerance
Warning: max bound violation (1.3925e-03) exceeds tolerance
         (model may be infeasible or unbounded - try turning presolve off)
Best objective 6.175943999372e+01, best bound 5.992924287992e+01, gap 2.9634%
