
Gurobi 10.0.0 (win64) logging started Sat Jan 20 15:56:22 2024

Set parameter LogFile to value "C:/Users\Administrator\Documents\BNC_Repo\BNC_Tests\10_MIP_Results\n20m2\Instance_Class3_Parts20_Machines2_Instance4_logfileChe2021.txt"
Gurobi Optimizer version 10.0.0 build v10.0.0rc2 (win64)

CPU model: AMD EPYC 7513 32-Core Processor, instruction set [SSE2|AVX|AVX2]
Thread count: 24 physical cores, 24 logical processors, using up to 8 threads

Optimize a model with 14158 rows, 2601 columns and 67136 nonzeros
Model fingerprint: 0xbc64744d
Variable types: 921 continuous, 1680 integer (1680 binary)
Coefficient statistics:
  Matrix range     [4e-06, 4e+02]
  Objective range  [1e+00, 1e+00]
  Bounds range     [1e+00, 1e+00]
  RHS range        [1e+00, 7e+02]
Presolve removed 6885 rows and 983 columns
Presolve time: 0.17s
Presolved: 7273 rows, 1618 columns, 41494 nonzeros
Variable types: 80 continuous, 1538 integer (1498 binary)
Found heuristic solution: objective 569.0588800
Found heuristic solution: objective 425.0814000
Root relaxation presolved: 7273 rows, 1618 columns, 41494 nonzeros


Use crossover to convert LP symmetric solution to basic solution...

Root relaxation: objective 1.396022e+02, 1275 iterations, 0.13 seconds (0.13 work units)

    Nodes    |    Current Node    |     Objective Bounds      |     Work
 Expl Unexpl |  Obj  Depth IntInf | Incumbent    BestBd   Gap | It/Node Time

     0     0  139.60216    0  157  425.08140  139.60216  67.2%     -    0s
H    0     0                     260.1537800  139.76717  46.3%     -    1s
H    0     0                     243.0561800  139.76717  42.5%     -    1s
H    0     0                     222.5248400  140.40533  36.9%     -    1s
     0     0  140.40533    0  358  222.52484  140.40533  36.9%     -    1s
     0     0  140.46584    0  384  222.52484  140.46584  36.9%     -    1s
     0     0  140.46584    0  354  222.52484  140.46584  36.9%     -    2s
H    0     0                     218.2264400  140.47388  35.6%     -    2s
     0     0  140.47388    0  383  218.22644  140.47388  35.6%     -    2s
     0     0  140.57398    0  456  218.22644  140.57398  35.6%     -    3s
     0     0  140.76032    0  434  218.22644  140.76032  35.5%     -    3s
     0     0  140.79082    0  411  218.22644  140.79082  35.5%     -    4s
     0     0  140.79082    0  393  218.22644  140.79082  35.5%     -    4s
H    0     0                     189.7716600  140.79082  25.8%     -    6s
H    0     0                     189.7303800  140.79082  25.8%     -    6s
H    0     0                     185.4827000  140.79082  24.1%     -    6s
H    0     0                     180.6618000  140.79082  22.1%     -    6s
     0     0  140.79082    0  471  180.66180  140.79082  22.1%     -    6s
     0     0  140.79082    0  339  180.66180  140.79082  22.1%     -    6s
H    0     0                     170.7543000  140.79082  17.5%     -    7s
     0     2  140.79082    0  308  170.75430  140.79082  17.5%     -    7s
H   38    38                     168.7432200  140.79082  16.6%  1207    9s
    39    46  143.81944    6  165  168.74322  140.79082  16.6%  1204   10s
H   64    72                     166.2543000  140.79082  15.3%   919   10s
H  103   109                     165.2205400  140.79082  14.8%   743   11s
H  109   109                     163.9797200  140.79082  14.1%   715   11s
H  149   151                     162.2907200  140.79082  13.2%   596   13s
   319   288  146.78992   19  174  162.29072  140.79082  13.2%   438   15s
   728   591  152.89260   40  123  162.29072  140.79082  13.2%   340   20s
  1211   962  144.42694   16  127  162.29072  140.79082  13.2%   296   25s
  1381   973  142.53434   10  192  162.29072  140.79082  13.2%   278   30s
H 1384   960                     161.6107200  140.79082  12.9%   280   30s
H 1422   972                     160.7069000  140.79082  12.4%   282   32s
H 1483   946                     160.0266200  140.79082  12.0%   279   34s
  1484   941  141.86428   14  337  160.02662  140.79082  12.0%   279   36s
  1492   946  145.35508   22  359  160.02662  141.68521  11.5%   277   40s
  1497   950  156.60354   32  356  160.02662  141.71703  11.4%   276   45s
  1503   954  159.08454   34  387  160.02662  141.72163  11.4%   275   50s
  1521   975  142.61882   16  398  160.02662  142.02694  11.2%   316   55s
  1786  1122  151.14471   32   76  160.02662  142.11674  11.2%   315   60s
  2341  1287  149.61066   47   52  160.02662  142.35277  11.0%   288   65s
  3233  1515  145.78211   22  181  160.02662  144.13777  9.93%   249   70s
  4011  1723  147.48120   40  100  160.02662  144.16338  9.91%   250   75s
H 4218  1677                     159.6433200  144.16338  9.70%   250   76s
  4651  1943     cutoff   34       159.64332  144.16418  9.70%   249   80s
H 4921  2136                     159.6433200  144.30749  9.61%   250   83s
  5251  2326  144.53153   21  194  159.64332  144.32364  9.60%   251   85s
H 6192  2733                     158.7092600  144.35154  9.05%   241   89s
  6252  2921     cutoff   38       158.70926  144.35154  9.05%   241   91s
H 6257  2864                     158.0592200  144.35154  8.67%   241   91s
  7302  3521  148.09454   32  153  158.05922  144.42694  8.62%   230   96s
  8267  4234  154.34402   42   66  158.05922  144.42694  8.62%   222  100s
  9360  4838  146.80347   30  147  158.05922  144.42694  8.62%   213  105s
H 9397  4721                     157.3792200  144.42694  8.23%   214  105s
 10378  5408  145.23514   29  108  157.37922  144.42694  8.23%   210  110s
 11688  6139  144.53153   23  116  157.37922  144.42694  8.23%   205  116s
 12981  7095  153.69582   43   50  157.37922  144.42694  8.23%   203  122s
 13742  7473  149.25856   41  221  157.37922  144.42694  8.23%   201  125s
 15175  8331  152.90728   51  114  157.37922  144.42694  8.23%   198  131s
 16468  9010  149.76954   29  177  157.37922  144.42694  8.23%   196  137s
 17034  9296  148.65506   23  275  157.37922  144.42694  8.23%   197  142s
 17570  9838  150.37433   24  204  157.37922  144.44960  8.22%   198  146s
 18421 10186     cutoff   31       157.37922  144.48259  8.19%   197  150s
 19100 10720  149.03068   26   78  157.37922  144.53153  8.16%   198  155s
 20084 11234  145.75767   24  218  157.37922  144.53153  8.16%   199  160s
 21723 11556  145.26506   25  175  157.37922  144.53153  8.16%   200  165s
 22640 12096  144.64917   22  224  157.37922  144.54758  8.15%   201  176s
H22857 11820                     156.8979200  144.54758  7.87%   202  176s
H22865 10956                     155.5214000  144.54758  7.06%   202  181s
 23620 11193  145.29169   20  135  155.52140  144.60039  7.02%   204  186s
 24315 11471  147.21061   25  264  155.52140  144.68912  6.97%   207  191s
 24986 11714  146.84377   22  177  155.52140  144.73387  6.94%   210  196s
 25667 12182  146.82242   20  170  155.52140  144.80979  6.89%   212  201s
 26633 12640  150.83535   52  199  155.52140  144.91881  6.82%   211  206s
 27497 12943 infeasible   23       155.52140  145.01148  6.76%   212  211s
 28186 13356  154.63678   32  122  155.52140  145.12422  6.69%   214  216s
 29108 13739  146.58676   29  221  155.52140  145.20574  6.63%   215  220s
H29284 13416                     155.1301600  145.20894  6.40%   215  220s
 29884 14012  146.57207   24  197  155.13016  145.25727  6.36%   215  226s
 30994 14416  145.57270   31  117  155.13016  145.29618  6.34%   214  232s
 31790 14953  151.74789   31  223  155.13016  145.34266  6.31%   213  237s
 32741 15495  154.89163   62   30  155.13016  145.38616  6.28%   212  242s
 33832 16029 infeasible   36       155.13016  145.44978  6.24%   211  248s
 34882 16617  145.68373   32   93  155.13016  145.52654  6.19%   210  253s
 35872 17235  150.29896   43   78  155.13016  145.54194  6.18%   209  259s
 36950 17793 infeasible   70       155.13016  145.55856  6.17%   208  263s
 37922 18275  149.29337   37   88  155.13016  145.59423  6.15%   207  268s
 38938 18551  146.41688   33  116  155.13016  145.62886  6.12%   206  272s
 39542 18904  150.08093   40   71  155.13016  145.63788  6.12%   206  276s
 40262 19398  149.28093   45  234  155.13016  145.65744  6.11%   207  281s
 41252 19799  151.48232   35   73  155.13016  145.69589  6.08%   206  285s
 42183 20237  150.65510   30   76  155.13016  145.74431  6.05%   206  290s
 43006 20681  149.30655   46   96  155.13016  145.76588  6.04%   206  295s
 43890 21220  153.06375   62  187  155.13016  145.76588  6.04%   205  301s
 44830 21650  153.85874   65  206  155.13016  145.81186  6.01%   205  309s
 44921 21650  146.70295   26  236  155.13016  145.81186  6.01%   205  310s
 45632 22235  148.19901   29  173  155.13016  145.85224  5.98%   205  316s
 46876 22777  148.18981   35   77  155.13016  145.88983  5.96%   204  322s
 47987 23218  151.63035   35   74  155.13016  145.94742  5.92%   203  327s
 48860 23649  154.40995   50   95  155.13016  145.98413  5.90%   203  331s
 49858 24270  149.67374   21  138  155.13016  146.02419  5.87%   202  337s
 51009 24730  148.06306   35   88  155.13016  146.05238  5.85%   201  342s
 51936 25224 infeasible   29       155.13016  146.07870  5.83%   201  348s
 52906 25798  155.05074   53   62  155.13016  146.08907  5.83%   200  353s
 53961 26176 infeasible   34       155.13016  146.12748  5.80%   199  357s
 54781 26577  150.83847   27  116  155.13016  146.16696  5.78%   199  362s
 55623 27058  151.06721   43   64  155.13016  146.18504  5.77%   198  368s
 56698 27514     cutoff   51       155.13016  146.22717  5.74%   198  373s
 57682 27922  148.16765   30  121  155.13016  146.26447  5.72%   197  379s
 58518 28275  150.12270   29  140  155.13016  146.29807  5.69%   197  384s
 59379 28750  147.67851   23   97  155.13016  146.31256  5.68%   197  390s
 60289 29143  147.82730   26  128  155.13016  146.34800  5.66%   196  395s
 61196 29659  150.54797   36   77  155.13016  146.38323  5.64%   196  402s
 62251 30375  150.70522   37   96  155.13016  146.40574  5.62%   196  410s
 63520 31015  152.24689   47   46  155.13016  146.41226  5.62%   195  417s
 64720 31516  146.82984   35  177  155.13016  146.41226  5.62%   195  425s
H65524 31422                     155.0737400  146.41226  5.59%   194  425s
 65684 31879  150.11453   38  118  155.07374  146.41226  5.59%   194  433s
 66488 32407 infeasible   32       155.07374  146.41226  5.59%   194  440s
 67522 33015  150.45915   39   56  155.07374  146.41226  5.59%   194  448s
 68551 33543  149.81765   38   75  155.07374  146.41226  5.59%   193  455s
 69566 34010  146.41226   29   91  155.07374  146.41226  5.59%   193  461s
 70541 34541  153.10716   37   99  155.07374  146.41226  5.59%   193  468s
 71515 35043  148.63823   35   76  155.07374  146.41226  5.59%   193  475s
 72475 35483     cutoff   51       155.07374  146.41226  5.59%   192  481s
 73299 35862  154.16089   47   69  155.07374  146.45671  5.56%   192  487s
H73599 35862                     155.0737384  146.45884  5.56%   192  487s
 74076 36526 infeasible   43       155.07374  146.46608  5.55%   192  496s
 75373 36861  147.54683   33  188  155.07374  146.48372  5.54%   191  502s
 76074 37085  149.29337   34   68  155.07374  146.49722  5.53%   191  508s
 76518 37683  150.24070   32  105  155.07374  146.49835  5.53%   191  517s
 77789 38213  154.68059   50   76  155.07374  146.50947  5.52%   191  525s
 78892 38728  150.25705   41   41  155.07374  146.51855  5.52%   190  532s
 79877 39160  148.97177   47  121  155.07374  146.52928  5.51%   190  540s
 80783 39598  147.18456   30  121  155.07374  146.53925  5.50%   190  547s
 81759 39979  154.11407   48  167  155.07374  146.56691  5.49%   189  554s
 82491 39979  146.84202   35  131  155.07374  146.57340  5.48%   189  555s
 82614 40495  148.17435   35   59  155.07374  146.57375  5.48%   189  562s
 83704 40953  149.48880   43  124  155.07374  146.58519  5.47%   189  569s
 84633 41416  147.12733   30  159  155.07374  146.59934  5.46%   189  577s
 85591 41842  150.87366   27   80  155.07374  146.60823  5.46%   188  585s
 86604 42256  147.55849   40  181  155.07374  146.61863  5.45%   188  591s
 87419 42721  150.40548   31  100  155.07374  146.63410  5.44%   188  599s
 88472 43242  151.02406   34  105  155.07374  146.64666  5.43%   188  608s
 89514 43582  151.73292   23  184  155.07374  146.65552  5.43%   187  614s
 90273 43963  148.42285   35  127  155.07374  146.67327  5.42%   187  620s
 91038 44410  149.30163   29  231  155.07374  146.67857  5.41%   187  627s
 92081 44832 infeasible   27       155.07374  146.70113  5.40%   187  634s
 92975 45249  152.98237   48  177  155.07374  146.71198  5.39%   187  641s
 93941 45617  148.32187   28  142  155.07374  146.72663  5.38%   187  648s
 94806 46002  147.98057   35   86  155.07374  146.74330  5.37%   186  654s
 95686 46372  148.59998   24  170  155.07374  146.75447  5.36%   186  661s
 96567 46692  150.31877   40  115  155.07374  146.76932  5.36%   186  667s
 97465 47119  148.57886   33  129  155.07374  146.79044  5.34%   186  674s
 98377 47508  153.10612   42   68  155.07374  146.80547  5.33%   186  680s
 99300 47889  150.10637   33   94  155.07374  146.82179  5.32%   186  686s
 100031 48309  151.17955   36   61  155.07374  146.82693  5.32%   186  692s
 100877 48774  150.23822   39   44  155.07374  146.84513  5.31%   186  699s
 101758 49092 infeasible   28       155.07374  146.85552  5.30%   186  705s
 102533 49520  150.47439   44   61  155.07374  146.85652  5.30%   186  712s
 103343 49850  154.92248   46   54  155.07374  146.86998  5.29%   186  719s
 104151 50312  149.06326   25   91  155.07374  146.88133  5.28%   186  727s
 105111 50805  150.84667   30  113  155.07374  146.89238  5.28%   186  735s
 106116 51257  150.88675   38   87  155.07374  146.91588  5.26%   186  742s
 107089 51640  148.34486   29   77  155.07374  146.93509  5.25%   186  749s
 108008 51965  154.10200   41  192  155.07374  146.95172  5.24%   186  756s
 108781 52269  147.14619   26  174  155.07374  146.96484  5.23%   186  762s
 109584 52619     cutoff   60       155.07374  146.98206  5.22%   186  770s
 110510 52923  149.66066   34   81  155.07374  147.00324  5.20%   186  777s
 111310 53351  149.51948   38   74  155.07374  147.01717  5.20%   186  785s
 112192 53816  148.23274   25  171  155.07374  147.03172  5.19%   186  793s
 113189 54142  148.77941   38   73  155.07374  147.04137  5.18%   186  800s
 113935 54446  149.54780   35   89  155.07374  147.05812  5.17%   186  806s
 114736 54877  148.64671   37   97  155.07374  147.07193  5.16%   186  814s
 115677 55270  148.79015   26  225  155.07374  147.08937  5.15%   186  822s
 116612 55858 infeasible   32       155.07374  147.10387  5.14%   186  832s
 117819 56279  150.41213   43  164  155.07374  147.10481  5.14%   186  839s
 118451 56279  148.18981   34   97  155.07374  147.10613  5.14%   186  840s
 119048 56786 infeasible   41       155.07374  147.11610  5.13%   186  852s
 120023 57182     cutoff   43       155.07374  147.14082  5.12%   186  860s
 121019 57605  149.65800   28  109  155.07374  147.15568  5.11%   186  868s
 121945 58018  152.59395   25  146  155.07374  147.16841  5.10%   186  877s
 122823 58532  154.13367   58  184  155.07374  147.18950  5.08%   186  885s
 123885 58907  149.38744   30  137  155.07374  147.20467  5.07%   186  894s
 124795 59277  148.79545   36   87  155.07374  147.22039  5.06%   186  901s
 125547 59675  151.34330   42   90  155.07374  147.22848  5.06%   187  910s
 126440 60148  147.72222   28  142  155.07374  147.24270  5.05%   186  919s
 127321 60148  147.55850   38  147  155.07374  147.24892  5.05%   186  920s
 127466 60660  149.14560   24  122  155.07374  147.25736  5.04%   186  929s
 128552 61053  154.74415   58   84  155.07374  147.27318  5.03%   186  937s
 129341 61421  150.43129   26  291  155.07374  147.28983  5.02%   186  946s
 130215 61807  147.80892   22  154  155.07374  147.30856  5.01%   186  955s
 131092 62214 infeasible   33       155.07374  147.32273  5.00%   186  964s
 132055 62602  148.60845   39  113  155.07374  147.33567  4.99%   186  973s
 132970 63010  149.74276   35   72  155.07374  147.34755  4.98%   186  980s
 133794 63411  151.74053   51   76  155.07374  147.36083  4.97%   186  990s
 134751 63752 infeasible   50       155.07374  147.37915  4.96%   186  997s
 135557 64112  148.66242   37   84  155.07374  147.38183  4.96%   187 1006s
 136458 64544  152.25983   54   88  155.07374  147.38456  4.96%   187 1014s
 137399 64993  149.48959   39   99  155.07374  147.39671  4.95%   187 1023s
 138295 65334 infeasible   29       155.07374  147.40724  4.94%   187 1032s
 139172 65718  147.69527   26  246  155.07374  147.42023  4.94%   187 1041s
 140100 66093 infeasible   33       155.07374  147.43749  4.92%   187 1050s
 141048 66462  149.83663   30  103  155.07374  147.44757  4.92%   187 1058s
 141897 66843  150.17780   28  107  155.07374  147.45928  4.91%   187 1066s
 142779 67159  152.48639   42   60  155.07374  147.47149  4.90%   187 1074s
 143617 67689  151.82593   40   46  155.07374  147.48653  4.89%   187 1083s
 144618 68066 infeasible   29       155.07374  147.50064  4.88%   187 1091s
 145483 68442     cutoff   50       155.07374  147.50986  4.88%   187 1099s
 146335 68814  149.21905   32  135  155.07374  147.52874  4.87%   187 1107s
 147205 69139  149.67314   32  152  155.07374  147.53820  4.86%   187 1115s
 148204 69385  152.41004   50   64  155.07374  147.54343  4.86%   187 1123s
 148924 69866 infeasible   54       155.07374  147.54704  4.85%   187 1133s
 150170 70335     cutoff   31       155.07374  147.56322  4.84%   187 1142s
 151087 70768  151.43936   37   68  155.07374  147.57752  4.83%   187 1150s
 151979 71140  150.87377   53   24  155.07374  147.58755  4.83%   187 1159s
 152808 71522  151.53875   36  126  155.07374  147.59975  4.82%   187 1167s
 153693 71968  152.76791   39  130  155.07374  147.61735  4.81%   187 1177s
 154717 72266  149.83109   37  104  155.07374  147.63881  4.79%   187 1185s
 155489 72600 infeasible   36       155.07374  147.64664  4.79%   188 1193s
 156133 73069     cutoff   42       155.07374  147.64802  4.79%   187 1202s
 157157 73480  152.52953   31  101  155.07374  147.66489  4.78%   187 1212s
 158161 73849  149.58904   24  142  155.07374  147.68050  4.77%   187 1220s
 158997 74275  148.13370   37   93  155.07374  147.69115  4.76%   188 1229s
 159994 74780  149.00181   26  102  155.07374  147.70099  4.75%   187 1238s
 161052 75159  150.27777   47   82  155.07374  147.71674  4.74%   187 1246s
 161899 75507  151.94104   34   70  155.07374  147.72661  4.74%   187 1254s
 162765 75890  148.45566   31  200  155.07374  147.74390  4.73%   188 1262s
 163570 76331  147.84856   33  132  155.07374  147.75034  4.72%   188 1272s
 164716 76665  148.04971   24  261  155.07374  147.76396  4.71%   187 1279s
 165498 76905  153.58138   37   69  155.07374  147.77426  4.71%   187 1287s
 166142 77189  148.07153   19  189  155.07374  147.78282  4.70%   188 1293s
 166686 77608  148.66974   22  187  155.07374  147.78534  4.70%   188 1302s
 167674 78004  153.57784   63   68  155.07374  147.79200  4.70%   188 1311s
 168602 78345  154.81566   51   22  155.07374  147.81491  4.68%   188 1320s
 169528 78711  149.94014   38   66  155.07374  147.82163  4.68%   188 1329s
 170453 79088  153.21212   39   65  155.07374  147.84426  4.66%   188 1339s
 171431 79425     cutoff   46       155.07374  147.85982  4.65%   188 1347s
 172329 79597  152.11510   40   58  155.07374  147.87337  4.64%   188 1355s
 172808 80039  149.42528   34  135  155.07374  147.87882  4.64%   188 1364s
 173710 80417  152.00283   41  253  155.07374  147.89432  4.63%   188 1372s
 174676 80826  148.88066   40   66  155.07374  147.90652  4.62%   188 1382s
 175662 81278  149.99808   37  175  155.07374  147.91842  4.61%   188 1393s
 176754 81731  151.69460   39   32  155.07374  147.93260  4.60%   188 1403s
 177807 82006  149.02275   36   97  155.07374  147.94584  4.60%   188 1409s
 178505 82502  151.25954   38   75  155.07374  147.95785  4.59%   188 1419s
 179668 82770  149.56971   32  154  155.07374  147.97146  4.58%   188 1427s
 180464 83150  151.61383   30  192  155.07374  147.98323  4.57%   188 1435s
 181294 83575  152.80773   37   92  155.07374  147.99561  4.56%   188 1444s
 182184 83922  151.06167   26  169  155.07374  148.00643  4.56%   188 1452s
 183009 84237  152.61089   33  101  155.07374  148.01319  4.55%   188 1459s
 183642 84237  149.25151   24  153  155.07374  148.01828  4.55%   189 1460s
 183838 84591  150.35647   43   94  155.07374  148.02854  4.54%   189 1468s
 184810 85037  151.09094   46   71  155.07374  148.04310  4.53%   189 1477s
 185852 85428  152.04069   43  103  155.07374  148.05753  4.52%   189 1486s
 186758 85689  154.14640   43   83  155.07374  148.06306  4.52%   189 1492s
 187405 86012  149.43449   28  141  155.07374  148.06306  4.52%   189 1500s
 188118 86374  149.43449   33  115  155.07374  148.06306  4.52%   189 1507s
 188762 86846  150.78768   22  120  155.07374  148.06306  4.52%   190 1515s
 189603 87170  154.66427   30  130  155.07374  148.06306  4.52%   190 1524s
 190394 87429 infeasible   40       155.07374  148.06306  4.52%   191 1532s
 190919 87843  148.66580   22  158  155.07374  148.06306  4.52%   191 1542s
 191916 88211  154.72906   48   62  155.07374  148.07046  4.52%   191 1553s
 192972 88487  149.28410   33  111  155.07374  148.07439  4.51%   191 1562s
 193774 88835  149.38699   28  151  155.07374  148.07653  4.51%   192 1570s
 194612 89303  149.09720   25  201  155.07374  148.08429  4.51%   192 1580s
 195793 89719  149.53325   29  106  155.07374  148.09052  4.50%   192 1589s
 196778 90151  151.08398   39  138  155.07374  148.10824  4.49%   192 1597s
 197755 90528  150.49804   33  137  155.07374  148.11695  4.49%   192 1606s
 198751 91016  151.54994   43   81  155.07374  148.12469  4.48%   192 1615s
 199811 91428  150.59772   39   59  155.07374  148.13739  4.47%   192 1624s
 200877 91861  149.77389   28   74  155.07374  148.14494  4.47%   192 1632s
 201871 92304  152.19398   36  109  155.07374  148.15646  4.46%   192 1642s
 202962 92571  151.82593   29   85  155.07374  148.16423  4.46%   192 1648s
 203653 92960  149.12868   38  124  155.07374  148.16765  4.45%   192 1655s
 204369 93116  150.54102   32  131  155.07374  148.16765  4.45%   192 1661s
 204807 93324  149.29024   27  131  155.07374  148.16765  4.45%   193 1668s
 205315 93564  148.89307   28  145  155.07374  148.16765  4.45%   193 1676s
 205894 93876  148.16765   26  154  155.07374  148.16765  4.45%   193 1684s
 206600 94412  150.22554   41   63  155.07374  148.16765  4.45%   194 1693s
 207731 94766  150.64325   41   85  155.07374  148.17028  4.45%   194 1701s
 208532 95294  152.61840   39   97  155.07374  148.17956  4.45%   194 1711s
 209711 95826  150.75825   38   64  155.07374  148.18981  4.44%   194 1721s
 210973 96356     cutoff   30       155.07374  148.18981  4.44%   194 1733s
 212216 96883  150.25705   32   89  155.07374  148.18981  4.44%   194 1744s
 213417 97328 infeasible   31       155.07374  148.18981  4.44%   194 1753s
 214455 97838  153.40096   39   78  155.07374  148.18981  4.44%   194 1762s
 215520 98291 infeasible   60       155.07374  148.18981  4.44%   194 1772s
 216551 98707  150.97119   34   94  155.07374  148.18981  4.44%   194 1780s
 217584 99151  151.02093   35   69  155.07374  148.19697  4.43%   194 1790s
 218687 99516  149.52875   37  118  155.07374  148.20455  4.43%   194 1799s
 219501 99979  151.05119   55  223  155.07374  148.21051  4.43%   194 1808s
 220554 100289  150.50842   29  209  155.07374  148.22286  4.42%   194 1816s
 221310 100608 infeasible   46       155.07374  148.22834  4.41%   194 1825s
 222188 100915  148.59686   43  137  155.07374  148.23659  4.41%   194 1833s
 222893 101375  153.85619   41  208  155.07374  148.24379  4.40%   194 1843s
 224153 101703     cutoff   49       155.07374  148.25280  4.40%   194 1852s
 225062 101994  149.10192   34   99  155.07374  148.25993  4.39%   194 1860s
 225878 102478  149.18246   36   80  155.07374  148.27031  4.39%   194 1868s
H226158 99293                     154.7288000  148.27031  4.17%   194 1868s
 226943 99609  151.73063   34  105  154.72880  148.27591  4.17%   194 1877s
 227842 99912  149.47004   35  127  154.72880  148.28250  4.17%   194 1886s
 228814 100211  151.93852   48   43  154.72880  148.29288  4.16%   194 1895s
 229748 100548  149.49149   34  118  154.72880  148.29697  4.16%   194 1903s
 230651 100872  151.82593   26  109  154.72880  148.30426  4.15%   194 1911s
 231562 101256  150.25705   43   60  154.72880  148.31379  4.15%   194 1921s
 232466 101566     cutoff   38       154.72880  148.32183  4.14%   194 1929s
 233400 101849  148.86003   27  122  154.72880  148.33122  4.13%   194 1937s
 234201 102298  151.28209   43   59  154.72880  148.33834  4.13%   194 1948s
 235274 102602  149.78406   37  117  154.72880  148.34640  4.12%   194 1957s
 235985 103017  150.99684   42   98  154.72880  148.34640  4.12%   194 1966s
 236970 103412  152.24798   48   73  154.72880  148.35827  4.12%   194 1976s
 237971 103764  148.66773   36  107  154.72880  148.36749  4.11%   194 1985s
 238824 104198     cutoff   40       154.72880  148.37309  4.11%   194 1994s
 239834 104251  152.74708   31   80  154.72880  148.38196  4.10%   194 2000s
 240031 104644 infeasible   34       154.72880  148.38418  4.10%   194 2009s
 241011 104971     cutoff   50       154.72880  148.39222  4.10%   194 2017s
 241938 105301  154.17324   52  170  154.72880  148.39758  4.09%   194 2026s
 242990 105685  149.89080   35   96  154.72880  148.40088  4.09%   194 2035s
 243878 106119  154.01521   35  242  154.72880  148.40742  4.09%   194 2044s
 244909 106541  150.68788   42   68  154.72880  148.41727  4.08%   194 2054s
 245966 106873     cutoff   32       154.72880  148.42905  4.07%   194 2063s
 246994 107202  149.19771   27  125  154.72880  148.43773  4.07%   194 2072s
 247884 107537  149.44876   35  238  154.72880  148.44431  4.06%   194 2081s
 248810 107872  154.17026   45  117  154.72880  148.45323  4.06%   194 2090s
 249710 108409  150.10255   33   86  154.72880  148.46340  4.05%   194 2101s
 250841 108907  150.28395   43   69  154.72880  148.46953  4.05%   194 2111s
 252026 109370  151.26664   31  142  154.72880  148.47842  4.04%   194 2121s
 253092 109645  151.83905   33  229  154.72880  148.48304  4.04%   194 2129s
 253941 109956  153.28097   30  114  154.72880  148.48863  4.03%   194 2137s
*254318 107460              72     154.4758600  148.48990  3.88%   194 2137s
 254772 107762     cutoff   49       154.47586  148.49640  3.87%   194 2147s
H255441 101561                     154.0558600  148.49724  3.61%   194 2147s
 255828 101842  150.88949   35   98  154.05586  148.50204  3.61%   194 2155s
 256779 102049  148.80620   28  288  154.05586  148.50878  3.60%   194 2164s
 257352 102341  153.87867   58   37  154.05586  148.51119  3.60%   194 2173s
 258274 102732  149.92186   30  129  154.05586  148.51828  3.59%   194 2182s
 259223 103038  153.53330   39  145  154.05586  148.52832  3.59%   194 2190s
 260187 103310  153.90270   42   56  154.05586  148.53475  3.58%   194 2199s
 261058 103642  151.83457   50   71  154.05586  148.54039  3.58%   194 2206s
 261842 103968  150.81914   30  114  154.05586  148.54457  3.58%   194 2216s
 262937 104195  153.62251   37   84  154.05586  148.55333  3.57%   194 2224s
 263769 104455  149.24727   36  282  154.05586  148.56149  3.57%   194 2232s
 264518 104822  153.62966   56  190  154.05586  148.56916  3.56%   194 2242s
 265501 105228  150.25705   35   69  154.05586  148.57895  3.56%   194 2251s
 266584 105477  153.61965   53  189  154.05586  148.58920  3.55%   194 2259s
 267391 105881  152.35560   42   58  154.05586  148.59411  3.55%   194 2268s
 268372 106213     cutoff   28       154.05586  148.60180  3.54%   194 2278s
 269331 106589  150.99309   45   58  154.05586  148.61157  3.53%   194 2287s
 270370 107025  151.70968   42   87  154.05586  148.61846  3.53%   194 2298s
 271507 107340  149.83100   26   96  154.05586  148.62595  3.52%   194 2308s
 272522 107593  152.84100   41   70  154.05586  148.63360  3.52%   194 2318s
 273518 107895  151.51816   46   79  154.05586  148.64106  3.51%   194 2326s
 274354 108275  151.91466   28   97  154.05586  148.65029  3.51%   194 2337s
 275474 108632  149.29906   35  155  154.05586  148.66020  3.50%   194 2346s
 276538 108969  149.58505   35  125  154.05586  148.67049  3.50%   194 2356s
 277571 109286  151.29940   42   62  154.05586  148.67767  3.49%   194 2365s
 278556 109550  153.67730   59   48  154.05586  148.68658  3.49%   194 2375s
 279331 109846  150.31215   41   77  154.05586  148.69259  3.48%   194 2384s
 280254 110271  150.88949   39   76  154.05586  148.70144  3.48%   194 2393s
 281345 110545  150.74677   39  104  154.05586  148.70647  3.47%   194 2401s
 282106 110846  153.16425   44  182  154.05586  148.71861  3.46%   194 2411s
 282984 111177  151.71649   48  161  154.05586  148.72598  3.46%   194 2421s
 284023 111490  149.77487   42  120  154.05586  148.73662  3.45%   195 2431s
 285058 111813 infeasible   39       154.05586  148.74522  3.45%   195 2442s
 286109 112032     cutoff   56       154.05586  148.75258  3.44%   194 2449s
 286703 112418  150.30272   36   84  154.05586  148.75665  3.44%   195 2459s
 287762 112730  149.42171   21  151  154.05586  148.76352  3.44%   195 2469s
 288739 113091 infeasible   49       154.05586  148.77108  3.43%   195 2480s
 289753 113402  150.27252   38   75  154.05586  148.77471  3.43%   195 2489s
 290435 113402  153.74035   40   43  154.05586  148.77746  3.43%   195 2490s
 290709 113746     cutoff   48       154.05586  148.78580  3.42%   195 2499s
 291466 113746  152.34172   44   97  154.05586  148.79081  3.42%   195 2500s
 291621 114082     cutoff   36       154.05586  148.79157  3.42%   195 2510s
 292654 114521  150.71912   45  220  154.05586  148.80090  3.41%   195 2521s
 293904 114878  150.66241   33  117  154.05586  148.80622  3.41%   195 2531s
 294995 115131  150.31215   42   90  154.05586  148.81329  3.40%   195 2541s
 295784 115288  150.34416   30  102  154.05586  148.81935  3.40%   195 2551s
 296178 116086  149.60079   26  145  154.05586  148.81935  3.40%   195 2573s
 298506 116498  152.26180   43   60  154.05586  148.83886  3.39%   195 2585s
 299660 116826  151.35725   38  106  154.05586  148.84712  3.38%   195 2595s
 300695 117167  153.05754   43   73  154.05586  148.85364  3.38%   195 2606s
 301523 117336  149.40400   29  136  154.05586  148.86020  3.37%   195 2613s
 301946 117683  149.44590   34  272  154.05586  148.86020  3.37%   196 2624s
 302506 117683  153.81469   44   58  154.05586  148.86035  3.37%   196 2625s
 303149 117854  150.30454   34   90  154.05586  148.86554  3.37%   196 2635s
 303780 118387  152.27366   31   83  154.05586  148.86632  3.37%   196 2648s
 305225 118810  153.21877   48  179  154.05586  148.87799  3.36%   195 2660s
 306530 119198  151.75081   36   78  154.05586  148.88236  3.36%   195 2672s
 307631 119599  149.19995   35  124  154.05586  148.88655  3.36%   196 2683s
 308679 120013  152.65649   29   94  154.05586  148.89514  3.35%   196 2694s
 308983 120013  152.65285   48  204  154.05586  148.89590  3.35%   196 2695s
 309858 120371  151.77570   28  103  154.05586  148.90115  3.35%   196 2705s
 310954 120705     cutoff   46       154.05586  148.90609  3.34%   196 2716s
 311831 121125  151.12487   47   41  154.05586  148.91234  3.34%   196 2727s
 312873 121443  149.91625   33  110  154.05586  148.91995  3.33%   196 2736s
 313775 121782  150.07812   37   82  154.05586  148.92765  3.33%   196 2746s
 314671 122101  153.24537   57  136  154.05586  148.93237  3.33%   196 2756s
 315679 122446  153.85644   24  294  154.05586  148.94098  3.32%   196 2767s
 316722 122836 infeasible   42       154.05586  148.94901  3.31%   196 2778s
 317806 123305  151.38346   37   63  154.05586  148.95390  3.31%   196 2790s
 319019 123616  152.17769   32   81  154.05586  148.96036  3.31%   196 2800s
 319910 123994  153.30780   45   44  154.05586  148.96567  3.30%   196 2811s
 320997 124365  149.45172   32  118  154.05586  148.97519  3.30%   196 2822s
 322031 124685     cutoff   51       154.05586  148.98157  3.29%   196 2832s
 322946 124957  153.50701   45   93  154.05586  148.98904  3.29%   196 2842s
 323837 125405  152.69844   48   51  154.05586  148.99486  3.29%   196 2853s
 324982 125763  150.17760   33  146  154.05586  149.00146  3.28%   196 2864s
 326107 126134  149.67792   28  104  154.05586  149.00562  3.28%   196 2875s
 327097 126473  152.86039   38  117  154.05586  149.01198  3.27%   196 2885s
 328111 126815  152.54124   39   52  154.05586  149.01580  3.27%   196 2895s
 329020 127168  152.24716   43   66  154.05586  149.02375  3.27%   196 2907s
 330044 127586  152.02807   42  143  154.05586  149.03007  3.26%   196 2918s
 331080 127903  152.24845   44   57  154.05586  149.03494  3.26%   196 2928s
 331991 128292  150.76227   37   91  154.05586  149.03950  3.26%   196 2940s
 333028 128611     cutoff   28       154.05586  149.04396  3.25%   196 2949s
 333960 128914  149.63933   39  102  154.05586  149.05033  3.25%   196 2960s
 335050 129316  149.18339   36  146  154.05586  149.05547  3.25%   196 2971s
 336125 129721     cutoff   44       154.05586  149.06195  3.24%   196 2983s
 337288 130136  149.50596   32  123  154.05586  149.06648  3.24%   196 2995s
 338435 130538  152.75541   43   67  154.05586  149.06947  3.24%   195 3008s
 339548 130918  151.99396   32   61  154.05586  149.07426  3.23%   195 3021s
 340672 131202  152.80333   45  117  154.05586  149.08031  3.23%   195 3030s
 341456 131639  149.65483   35   92  154.05586  149.08444  3.23%   195 3045s
 342802 132016 infeasible   35       154.05586  149.09077  3.22%   195 3058s
 343946 132416     cutoff   55       154.05586  149.09527  3.22%   195 3072s
 345111 132732     cutoff   37       154.05586  149.10243  3.22%   195 3084s
 346052 133113  149.22118   33  155  154.05586  149.10601  3.21%   195 3097s
 347120 133479  150.72314   43  106  154.05586  149.11153  3.21%   195 3109s
 348192 133898     cutoff   53       154.05586  149.11640  3.21%   195 3121s
 349334 134139     cutoff   47       154.05586  149.12008  3.20%   195 3132s
 350015 134480  152.47600   44   91  154.05586  149.12230  3.20%   195 3146s
 351115 134877  150.72771   35   77  154.05586  149.13006  3.20%   195 3158s
 352127 135252  149.36878   36   91  154.05586  149.13619  3.19%   195 3170s
 353242 135677  149.67702   28  113  154.05586  149.14106  3.19%   195 3183s
 354501 136098     cutoff   29       154.05586  149.14682  3.19%   195 3196s
 355605 136441  152.41703   42   76  154.05586  149.15216  3.18%   195 3208s
 356556 136886  153.64011   35   83  154.05586  149.15827  3.18%   195 3221s
 357659 137143  151.75386   35   53  154.05586  149.16513  3.17%   195 3233s
 358488 137479  150.00209   41  100  154.05586  149.16898  3.17%   195 3244s
 359343 137889  150.56858   47   64  154.05586  149.17505  3.17%   195 3257s
 360472 138294     cutoff   29       154.05586  149.17869  3.17%   195 3271s
 361777 138699  150.65926   48   82  154.05586  149.18317  3.16%   195 3286s
 362854 139065  152.51586   22  112  154.05586  149.18718  3.16%   195 3300s
 364015 139440  150.25041   34  124  154.05586  149.19346  3.16%   195 3312s
 365065 139737  150.48039   29  139  154.05586  149.19900  3.15%   195 3326s
 366148 140088  149.63417   46  122  154.05586  149.20545  3.15%   195 3338s
 367192 140464  151.03675   35  115  154.05586  149.20821  3.15%   195 3352s
 368332 140939  149.71444   43   70  154.05586  149.21452  3.14%   195 3366s
 369479 141047  150.12198   47  154  154.05586  149.21814  3.14%   195 3381s
 369833 141341  150.67686   48  149  154.05586  149.21940  3.14%   195 3392s
 370776 141704 infeasible   38       154.05586  149.22650  3.13%   195 3405s
 371809 142005  151.81565   27   99  154.05586  149.23169  3.13%   195 3418s
 372769 142393  149.51892   27  168  154.05586  149.23740  3.13%   195 3433s
 373998 142679  150.26467   41  103  154.05586  149.24368  3.12%   195 3445s
 374980 142978  152.98184   49   51  154.05586  149.24911  3.12%   195 3456s
 375919 143375  150.19747   35   87  154.05586  149.25258  3.12%   195 3468s
 377059 143708  150.05741   38   92  154.05586  149.25768  3.11%   195 3483s
 377910 144147  151.12765   38   75  154.05586  149.26135  3.11%   195 3497s
 379110 144509  149.64458   43   99  154.05586  149.26696  3.11%   195 3509s
 380142 144860  149.27491   41   93  154.05586  149.26909  3.11%   195 3523s
 381357 145188     cutoff   48       154.05586  149.27611  3.10%   194 3534s
 382303 145546  149.30605   34  103  154.05586  149.28036  3.10%   194 3547s
 383492 145911 infeasible   29       154.05586  149.28737  3.10%   194 3561s
 384528 146195  153.17088   53   52  154.05586  149.29059  3.09%   194 3570s
 385222 146554  152.15419   49   83  154.05586  149.29355  3.09%   195 3582s
 386209 146951 infeasible   37       154.05586  149.29569  3.09%   195 3596s
 387194 147048  150.02766   39   86  154.05586  149.29949  3.09%   195 3600s

Cutting planes:
  Learned: 374
  Gomory: 62
  Lift-and-project: 16
  Cover: 6111
  Implied bound: 1582
  Projected implied bound: 96
  Clique: 1274
  MIR: 472
  StrongCG: 254
  Flow cover: 2941
  GUB cover: 1
  Inf proof: 487
  Zero half: 141
  Network: 8
  RLT: 576
  Relax-and-lift: 363
  BQP: 26
  PSD: 5

Explored 387511 nodes (75398363 simplex iterations) in 3600.25 seconds (3656.15 work units)
Thread count was 8 (of 24 available processors)

Solution count 10: 154.056 154.056 154.476 ... 157.379

Time limit reached
Best objective 1.540558600000e+02, best bound 1.493020973387e+02, gap 3.0857%
