
Gurobi 10.0.0 (win64) logging started Sat Jan 20 02:52:18 2024

Set parameter LogFile to value "C:/Users\Administrator\Documents\BNC_Repo\BNC_Tests\10_MIP_Results\n20m2\Instance_Class2_Parts20_Machines2_Instance3_logfileChe1021.txt"
Gurobi Optimizer version 10.0.0 build v10.0.0rc2 (win64)

CPU model: AMD EPYC 7513 32-Core Processor, instruction set [SSE2|AVX|AVX2]
Thread count: 24 physical cores, 24 logical processors, using up to 8 threads

Optimize a model with 14158 rows, 2601 columns and 68854 nonzeros
Model fingerprint: 0xa24723de
Variable types: 921 continuous, 1680 integer (1680 binary)
Coefficient statistics:
  Matrix range     [4e-06, 5e+02]
  Objective range  [1e+00, 1e+00]
  Bounds range     [1e+00, 1e+00]
  RHS range        [1e+00, 8e+02]
Presolve removed 4097 rows and 861 columns
Presolve time: 0.20s
Presolved: 10061 rows, 1740 columns, 70160 nonzeros
Variable types: 80 continuous, 1660 integer (1620 binary)
Found heuristic solution: objective 345.1264000
Root relaxation presolved: 10061 rows, 1740 columns, 70160 nonzeros

Extra simplex iterations after uncrush: 1

Use crossover to convert LP symmetric solution to basic solution...

Root relaxation: objective 4.540639e+01, 7318 iterations, 0.86 seconds (1.27 work units)

    Nodes    |    Current Node    |     Objective Bounds      |     Work
 Expl Unexpl |  Obj  Depth IntInf | Incumbent    BestBd   Gap | It/Node Time

     0     0   45.40639    0  107  345.12640   45.40639  86.8%     -    1s
H    0     0                     344.4238800   45.40639  86.8%     -    1s
H    0     0                     336.4485000   45.40639  86.5%     -    1s
H    0     0                     206.8001600   45.40955  78.0%     -    1s
H    0     0                     190.1401600   45.40955  76.1%     -    1s
     0     0   45.42428    0  168  190.14016   45.42428  76.1%     -    1s
     0     0   45.44692    0  324  190.14016   45.44692  76.1%     -    2s
     0     0   45.44693    0  322  190.14016   45.44693  76.1%     -    2s
     0     0   45.62429    0  322  190.14016   45.62429  76.0%     -    3s
H    0     0                     165.0803200   45.62429  72.4%     -    3s
     0     0   45.65492    0  331  165.08032   45.65492  72.3%     -    3s
H    0     0                     130.3808000   45.72748  64.9%     -    4s
     0     0   45.72748    0  375  130.38080   45.72748  64.9%     -    4s
H    0     0                     128.9323200   45.76167  64.5%     -    4s
H    0     0                     116.9909000   45.76167  60.9%     -    4s
H    0     0                     111.1264800   45.76167  58.8%     -    4s
H    0     0                      83.7227600   45.76167  45.3%     -    4s
H    0     0                      68.5510600   45.76167  33.2%     -    4s
     0     0   45.76167    0  435   68.55106   45.76167  33.2%     -    4s
     0     0   45.80061    0  373   68.55106   45.80061  33.2%     -    4s
     0     0   45.80061    0  364   68.55106   45.80061  33.2%     -    5s
     0     0   45.80528    0  449   68.55106   45.80528  33.2%     -    5s
     0     0   45.80528    0  408   68.55106   45.80528  33.2%     -    6s
H    0     0                      51.2761200   45.80528  10.7%     -    7s
     0     2   45.80528    0  320   51.27612   45.80528  10.7%     -    7s
    47    49   47.33130    7  226   51.27612   46.88476  8.56%   581   10s
H   70    64                      51.1604600   46.88476  8.36%   511   10s
H   97    88                      50.6604600   46.88476  7.45%   454   11s
H  101   101                      50.5867000   46.88476  7.32%   447   11s
H  108   101                      50.4261200   46.88476  7.02%   430   11s
H  197   166                      50.3566800   46.88476  6.89%   274   12s
H  443   362                      50.3222200   46.88476  6.83%   178   14s
H  464   362                      50.2222200   46.88476  6.65%   170   14s
H  478   362                      49.7663800   46.88476  5.79%   168   14s
   490   405   48.59528   19   78   49.76638   46.88476  5.79%   168   15s
H  746   479                      49.5241400   47.15942  4.77%   149   17s
H  763   476                      49.4322600   47.15942  4.60%   151   17s
H 1061   630                      49.3800200   47.19481  4.43%   145   19s
H 1066   624                      49.3127000   47.19481  4.29%   146   19s
  1194   645     cutoff    9        49.31270   47.19481  4.29%   141   21s
H 1212   452                      49.1698800   47.19481  4.02%   140   21s
  1565   664   48.69235   10  408   49.16988   47.19481  4.02%   133   28s
  1567   665   47.83500   16  106   49.16988   47.19481  4.02%   133   30s
  1574   670   47.43488   14  336   49.16988   47.19481  4.02%   133   35s
  1579   673   47.61316   27  213   49.16988   47.19481  4.02%   132   41s
H 1761   696                      49.0748200   47.19481  3.83%   148   44s
H 1800   668                      48.9937600   47.19481  3.67%   148   45s
H 1806   636                      48.9320000   47.19481  3.55%   149   45s
H 1965   608                      48.9242800   47.19481  3.53%   148   47s
  2336   662   47.59493   38   61   48.92428   47.19481  3.53%   145   50s
  3283   554   47.52690   39   44   48.92428   47.35486  3.21%   131   55s
  4575  1098     cutoff   87        48.92428   47.35486  3.21%   132   60s
  5720  1337 infeasible   51        48.92428   47.35486  3.21%   132   65s
  6673  1704   47.86211   31   38   48.92428   47.35486  3.21%   137   70s
  8402  2029   47.51063   42   72   48.92428   47.35486  3.21%   138   75s
  9750  2259 infeasible   40        48.92428   47.35486  3.21%   140   80s
 10931  2433   47.57196   33   73   48.92428   47.35486  3.21%   144   85s
 12473  2664   48.54923   36   82   48.92428   47.38778  3.14%   141   90s
 14409  3564   48.63518   50   96   48.92428   47.43488  3.04%   137   97s
 15925  3649   47.43488   32   42   48.92428   47.43488  3.04%   133  101s
 16149  5887   48.48605   42   74   48.92428   47.43488  3.04%   132  115s
 23524  6541   48.79894   54   59   48.92428   47.43488  3.04%   118  122s
 24640  6853   47.65201   82  249   48.92428   47.43488  3.04%   117  125s
 26909  7528   47.63802   53   56   48.92428   47.43488  3.04%   117  132s
 28165  7787   48.26252   54   51   48.92428   47.43488  3.04%   116  135s
 30433  8443   47.43488   42   42   48.92428   47.43488  3.04%   115  142s
 31877  8508     cutoff   58        48.92428   47.43488  3.04%   116  145s
 34166  9077     cutoff   50        48.92428   47.43488  3.04%   118  152s
 35256  9295   48.58622   58   72   48.92428   47.43488  3.04%   119  156s
 36520  9449   47.82134   62   85   48.92428   47.43488  3.04%   120  160s
 38900  9918   48.00683   42   48   48.92428   47.43488  3.04%   121  167s
 40039 10092   48.12785   46   86   48.92428   47.43488  3.04%   122  171s
 41233 10333   48.86390   65   40   48.92428   47.43488  3.04%   124  175s
 44016 10778   48.58181   51   87   48.92428   47.43488  3.04%   124  182s
 45025 10899     cutoff   52        48.92428   47.43488  3.04%   126  186s
 46125 11125     cutoff   40        48.92428   47.43488  3.04%   127  190s
 48776 11500   47.43488   39   76   48.92428   47.43488  3.04%   128  198s
 49822 11749   47.43488   44  113   48.92428   47.43488  3.04%   129  201s
 50967 11961     cutoff   49        48.92428   47.43488  3.04%   129  206s
 52214 12251     cutoff   53        48.92428   47.43488  3.04%   130  210s
 54560 12440   47.43488   38  128   48.92428   47.43488  3.04%   131  219s
 55724 12592   48.59943   48   59   48.92428   47.43488  3.04%   132  223s
 56850 12766     cutoff   44        48.92428   47.43488  3.04%   133  227s
 57946 13019   48.13632   46   35   48.92428   47.43488  3.04%   134  232s
 59392 13341   47.43488   48   58   48.92428   47.43488  3.04%   134  237s
 60872 13597   48.87588   43   56   48.92428   47.43488  3.04%   135  241s
 62356 13812   47.43488   36   83   48.92428   47.43488  3.04%   135  245s
 64864 14294   48.72295   52   70   48.92428   47.43488  3.04%   135  252s
 66130 14437   48.86282   69   54   48.92428   47.43488  3.04%   135  255s
 68273 14836     cutoff   34        48.92428   47.43488  3.04%   135  262s
 69466 14947   47.46676   37  116   48.92428   47.43488  3.04%   136  266s
 70506 15188     cutoff   60        48.92428   47.43488  3.04%   136  270s
 72601 15586   48.42481   34   61   48.92428   47.43488  3.04%   137  278s
 73771 15864   47.94635   65   65   48.92428   47.43488  3.04%   137  282s
 75170 16146   48.76028   52   59   48.92428   47.43488  3.04%   137  286s
 76494 16509 infeasible   51        48.92428   47.43488  3.04%   137  291s
 77742 16875     cutoff   50        48.92428   47.43488  3.04%   137  295s
 80159 17431   48.82690   67   34   48.92428   47.43488  3.04%   137  303s
 81611 17589 infeasible   43        48.92428   47.43488  3.04%   137  307s
 82642 17859   48.12387   56   87   48.92428   47.43488  3.04%   137  312s
 83910 18015   48.30498   50   45   48.92428   47.43488  3.04%   137  316s
 84851 18223     cutoff   55        48.92428   47.43488  3.04%   137  320s
 87190 18384   48.12781   53  108   48.92428   47.43488  3.04%   138  325s
 88341 18667   47.43488   43   68   48.92428   47.43488  3.04%   139  333s
 89473 18824 infeasible   52        48.92428   47.43488  3.04%   139  337s
 90662 19044   48.84924   58   57   48.92428   47.43488  3.04%   139  342s
 92201 19218   48.58864   51   53   48.92428   47.43488  3.04%   140  346s
 93444 19360   47.43488   48   61   48.92428   47.43488  3.04%   140  350s
 95911 19656   48.60431   47   72   48.92428   47.43488  3.04%   140  358s
 96867 19959   48.41533   44   71   48.92428   47.43488  3.04%   140  362s
 98207 20209   48.82401   45   52   48.92428   47.43488  3.04%   140  367s
 99509 20375   48.37567   55   76   48.92428   47.43488  3.04%   141  371s
 100537 20560     cutoff   66        48.92428   47.43488  3.04%   141  376s
 101812 20747   48.58815   51   73   48.92428   47.43488  3.04%   141  381s
 103162 20900   48.29304   41   79   48.92428   47.43488  3.04%   141  386s
 104255 20902   48.24708   52   45   48.92428   47.43488  3.04%   142  390s
 104743 21167   48.12293   50   63   48.92428   47.43488  3.04%   142  395s
 107195 21392   48.88352   52   34   48.92428   47.43488  3.04%   143  400s
 107933 21537   48.54634   54   53   48.92428   47.43488  3.04%   143  405s
 108313 21702     cutoff   62        48.92428   47.43488  3.04%   143  410s
 109628 21919   48.30112   45   49   48.92428   47.43488  3.04%   143  416s
 111167 22113   48.20367   51   57   48.92428   47.43488  3.04%   144  421s
 112463 22371   47.43488   37   65   48.92428   47.43488  3.04%   144  426s
 113768 22536   48.04718   44   57   48.92428   47.43488  3.04%   144  432s
 114952 22702   47.43488   40   94   48.92428   47.43488  3.04%   145  437s
 116401 22898   47.43488   39   87   48.92428   47.43488  3.04%   145  442s
 117848 23132   47.53108   54   71   48.92428   47.43488  3.04%   145  448s
 119141 23519     cutoff   47        48.92428   47.43488  3.04%   146  454s
 120645 23547   48.91486   56   36   48.92428   47.43488  3.04%   145  459s
 120984 23763   48.13983   51  106   48.92428   47.43488  3.04%   146  465s
 122270 23950     cutoff   44        48.92428   47.43488  3.04%   146  470s
 123519 24136   48.12293   43   45   48.92428   47.43488  3.04%   146  476s
 124646 24388   48.74566   65   72   48.92428   47.43488  3.04%   146  481s
 126213 24548   48.28818   49   85   48.92428   47.43488  3.04%   146  486s
 127393 24740 infeasible   38        48.92428   47.43488  3.04%   146  491s
 128524 24941   48.31381   42   72   48.92428   47.43488  3.04%   146  496s
 129770 25137     cutoff   51        48.92428   47.43488  3.04%   146  501s
 131029 25276   47.48362   49   77   48.92428   47.43488  3.04%   146  506s
 132084 25421   48.76128   71   20   48.92428   47.43488  3.04%   147  511s
 133177 25722   48.46287   53   86   48.92428   47.43488  3.04%   147  517s
 134388 25990   47.59263   50   98   48.92428   47.43488  3.04%   147  522s
 135457 26211   47.45031   50   88   48.92428   47.43488  3.04%   147  528s
 136609 26457   47.44952   48   62   48.92428   47.43488  3.04%   147  534s
 138042 26611     cutoff   49        48.92428   47.43488  3.04%   147  539s
 139177 26785   48.31312   51   71   48.92428   47.43488  3.04%   148  544s
 140423 27129   48.46287   51  103   48.92428   47.43488  3.04%   148  551s
 141853 27378   47.43488   45   67   48.92428   47.43488  3.04%   148  558s
 143072 27589   47.43488   48   53   48.92428   47.43488  3.04%   148  564s
 144376 27696     cutoff   52        48.92428   47.43488  3.04%   148  569s
 145430 27821   48.79412   47   48   48.92428   47.43488  3.04%   148  575s
 146153 27945   48.16435   48   80   48.92428   47.43488  3.04%   148  582s
 147434 28189     cutoff   47        48.92428   47.43488  3.04%   148  589s
 147765 28189   48.82401   48   58   48.92428   47.43488  3.04%   148  590s
 148771 28354   48.12293   48   57   48.92428   47.43488  3.04%   148  596s
 150202 28584   48.47080   47   89   48.92428   47.43488  3.04%   149  603s
 151701 28818     cutoff   36        48.92428   47.43488  3.04%   149  609s
 153138 28972   48.48349   39   52   48.92428   47.43488  3.04%   149  614s
 154093 29195   48.12293   49   57   48.92428   47.43488  3.04%   149  621s
 155450 29299   48.15425   48   57   48.92428   47.43488  3.04%   149  628s
 156696 29535   48.19029   47   95   48.92428   47.43488  3.04%   149  635s
 157941 29752   47.65388   57   53   48.92428   47.43488  3.04%   150  643s
 159226 30065   48.35902   44   38   48.92428   47.43488  3.04%   150  650s
 160612 30440     cutoff   56        48.92428   47.43488  3.04%   150  658s
 162354 30647     cutoff   58        48.92428   47.43488  3.04%   150  664s
 163700 30861   48.31921   45   67   48.92428   47.43488  3.04%   150  671s
 165124 31090   47.68873   57   68   48.92428   47.43488  3.04%   150  678s
 166560 31263     cutoff   40        48.92428   47.43488  3.04%   150  684s
 167917 31368   48.30942   46   63   48.92428   47.43488  3.04%   150  690s
 168964 31706     cutoff   45        48.92428   47.43488  3.04%   151  696s
 170191 31968   48.27796   49   39   48.92428   47.43488  3.04%   151  703s
 171792 32269     cutoff   49        48.92428   47.43488  3.04%   151  710s
 173048 32586   47.43488   41   38   48.92428   47.43488  3.04%   151  717s
 174245 32859   48.69644   55   29   48.92428   47.43488  3.04%   151  724s
 175575 32942   48.60222   57   83   48.92428   47.43488  3.04%   151  729s
 176058 33081   48.31075   49   56   48.92428   47.43488  3.04%   151  737s
 177311 33274   47.74642   37   68   48.92428   47.43488  3.04%   151  743s
 178448 33448   47.46971   43  110   48.92428   47.43488  3.04%   151  750s
 179523 33642   48.12945   46   83   48.92428   47.43488  3.04%   151  758s
 180724 33749     cutoff   42        48.92428   47.43488  3.04%   151  764s
 181753 33926   48.26912   47  119   48.92428   47.43488  3.04%   151  772s
 183143 34077   48.28171   51   63   48.92428   47.43488  3.04%   152  779s
 184133 34362   48.34551   43   64   48.92428   47.43488  3.04%   152  787s
 185627 34612 infeasible   51        48.92428   47.43488  3.04%   152  794s
 187052 34820   48.12781   55  103   48.92428   47.43488  3.04%   152  801s
 188451 34972   48.12293   46   78   48.92428   47.43488  3.04%   152  807s
 189701 35207 infeasible   35        48.92428   47.43488  3.04%   153  814s
 190856 35302   48.64954   54   41   48.92428   47.43488  3.04%   153  821s
 192032 35435   48.12293   52   63   48.92428   47.43488  3.04%   153  828s
 193099 35629   47.85803   45   71   48.92428   47.43488  3.04%   153  835s
 194201 35834   48.13621   36   56   48.92428   47.43488  3.04%   153  843s
 195383 36036     cutoff   43        48.92428   47.43488  3.04%   153  851s
 196578 36210 infeasible   53        48.92428   47.43488  3.04%   153  858s
 197772 36320   48.48728   59  106   48.92428   47.43488  3.04%   153  866s
 198739 36503     cutoff   46        48.92428   47.43488  3.04%   153  874s
 200129 36690     cutoff   48        48.92428   47.43488  3.04%   154  882s
 201458 36832     cutoff   45        48.92428   47.43488  3.04%   154  889s
 202689 37095   48.12293   53   49   48.92428   47.43488  3.04%   154  898s
 204075 37271   48.87834   58  142   48.92428   47.43488  3.04%   154  906s
 205270 37364     cutoff   56        48.92428   47.43488  3.04%   154  915s
 205935 37541   47.43488   48   56   48.92428   47.43488  3.04%   154  924s
 207246 37632   48.12928   52  121   48.92428   47.43488  3.04%   154  934s
 208385 37860   48.12293   48   68   48.92428   47.43488  3.04%   154  944s
 209789 37993   48.82401   56   36   48.92428   47.43488  3.04%   154  954s
 211209 38209 infeasible   44        48.92428   47.43488  3.04%   155  965s
 212607 38258   48.12388   54  101   48.92428   47.43488  3.04%   155  972s
 213459 38467   47.59954   48   84   48.92428   47.43488  3.04%   155  983s
 214903 38666 infeasible   46        48.92428   47.43488  3.04%   155  994s
 216317 38842     cutoff   49        48.92428   47.43488  3.04%   155 1003s
 217614 39014     cutoff   56        48.92428   47.43488  3.04%   155 1012s
 218907 39083 infeasible   51        48.92428   47.43488  3.04%   156 1021s
 219859 39298 infeasible   54        48.92428   47.43488  3.04%   156 1031s
 221297 39508   48.85909   44  103   48.92428   47.43488  3.04%   156 1041s
 222679 39664   48.12293   43   65   48.92428   47.43488  3.04%   156 1051s
 224025 39778   48.12293   48   62   48.92428   47.43488  3.04%   156 1060s
 224892 39888   48.74268   59  106   48.92428   47.43488  3.04%   156 1069s
 225997 40119   48.12293   52   48   48.92428   47.43488  3.04%   156 1080s
 227350 40178   48.12928   56  117   48.92428   47.43488  3.04%   156 1089s
 227734 40763   48.62914   44   86   48.92428   47.43488  3.04%   156 1113s
 231176 40904   47.43488   47   66   48.92428   47.43488  3.04%   157 1123s
 232373 41073     cutoff   55        48.92428   47.43488  3.04%   157 1133s
 233704 41179     cutoff   38        48.92428   47.43488  3.04%   157 1142s
 234781 41485   48.12293   36   82   48.92428   47.43488  3.04%   157 1154s
 236371 41767 infeasible   47        48.92428   47.43488  3.04%   157 1165s
 237966 42016   47.43533   45  145   48.92428   47.43488  3.04%   157 1175s
 239367 42273   48.24067   32   69   48.92428   47.43488  3.04%   157 1186s
 240750 42373     cutoff   49        48.92428   47.43488  3.04%   157 1195s
 241871 42426     cutoff   46        48.92428   47.43488  3.04%   157 1201s
 242563 42703     cutoff   53        48.92428   47.43488  3.04%   158 1213s
 244341 43045   48.62443   39   67   48.92428   47.43488  3.04%   158 1224s
 245877 43212     cutoff   42        48.92428   47.43488  3.04%   158 1233s
 247197 43432   47.43488   44   55   48.92428   47.43488  3.04%   158 1243s
 248672 43618   48.12293   47   49   48.92428   47.43488  3.04%   158 1252s
 249879 43841   48.65238   54   67   48.92428   47.43488  3.04%   158 1260s
 251142 44086   48.91872   47   69   48.92428   47.43488  3.04%   158 1271s
 252550 44355     cutoff   52        48.92428   47.43488  3.04%   159 1281s
 254121 44434     cutoff   51        48.92428   47.43488  3.04%   159 1290s
 255526 44569   48.76563   54  111   48.92428   47.43488  3.04%   159 1299s
 256853 44669   47.43488   38  122   48.92428   47.43488  3.04%   159 1306s
 257787 44775   48.57661   47   54   48.92428   47.43488  3.04%   159 1315s
 258925 44992   48.12293   52   66   48.92428   47.43488  3.04%   159 1325s
 260563 45110   48.56823   48   56   48.92428   47.43525  3.04%   159 1334s
 261693 45265     cutoff   52        48.92428   47.43597  3.04%   159 1342s
 262853 45443   48.81450   51   37   48.92428   47.43869  3.04%   159 1350s
 263823 45462   48.59208   34   74   48.92428   47.43869  3.04%   159 1357s
 264809 45438 infeasible   51        48.92428   47.44116  3.03%   159 1367s
 266270 45392   48.74502   47   39   48.92428   47.44502  3.02%   159 1374s
 267156 45392     cutoff   56        48.92428   47.44502  3.02%   159 1375s
 267255 45239   48.88359   57   41   48.92428   47.44502  3.02%   159 1383s
 268472 45163     cutoff   45        48.92428   47.44888  3.02%   159 1392s
 269815 45127 infeasible   65        48.92428   47.44888  3.02%   159 1399s
 270704 45021   48.42098   46   58   48.92428   47.45829  3.00%   159 1406s
 271582 44875   48.80844   45   60   48.92428   47.46094  2.99%   159 1413s
 272533 44743   48.77204   40   51   48.92428   47.46818  2.98%   159 1421s
 273685 44649 infeasible   56        48.92428   47.47098  2.97%   159 1428s
H274300 41047                      48.7863400   47.47204  2.69%   159 1428s
 274653 40823     cutoff   56        48.78634   47.47925  2.68%   159 1436s
 275670 40704   48.77976   51   58   48.78634   47.47976  2.68%   160 1443s
 276211 40549     cutoff   47        48.78634   47.48076  2.68%   160 1450s
 277161 40341   48.77976   47   79   48.78634   47.48730  2.66%   160 1458s
 277875 40049     cutoff   59        48.78634   47.49520  2.65%   160 1466s
 278757 39862 infeasible   61        48.78634   47.49731  2.64%   160 1473s
 279324 39602     cutoff   62        48.78634   47.50292  2.63%   161 1482s
 280129 39524     cutoff   55        48.78634   47.50584  2.62%   161 1489s
 280747 39424   48.30770   40   90   48.78634   47.51190  2.61%   161 1497s
 281520 39614   48.45637   42   60   48.78634   47.51458  2.61%   162 1506s
 282621 39872     cutoff   50        48.78634   47.51490  2.61%   161 1514s
 283687 39905   48.48072   48   93   48.78634   47.51490  2.61%   161 1520s
 284429 39754     cutoff   58        48.78634   47.52222  2.59%   161 1527s
 285149 39573   47.72058   56  138   48.78634   47.52994  2.58%   161 1533s
 285799 39363     cutoff   62        48.78634   47.53997  2.55%   161 1539s
 286436 39128     cutoff   49        48.78634   47.54152  2.55%   162 1545s
 287034 38883     cutoff   74        48.78634   47.54538  2.54%   162 1553s
 287874 38652     cutoff   50        48.78634   47.55310  2.53%   163 1560s
 288531 38341 infeasible   53        48.78634   47.56468  2.50%   163 1568s
 289539 38101     cutoff   53        48.78634   47.57348  2.49%   163 1574s
 290385 38233   48.69195   33  131   48.78634   47.58960  2.45%   163 1582s
 291171 38571   47.68536   44   50   48.78634   47.59493  2.44%   163 1594s
 292764 38856     cutoff   45        48.78634   47.59493  2.44%   163 1605s
 294087 38971   48.65596   42   74   48.78634   47.59493  2.44%   163 1617s
 295253 39060   48.30855   39  118   48.78634   47.59493  2.44%   163 1628s
 296335 39230   48.10943   40  275   48.78634   47.59493  2.44%   163 1639s
 297492 39279   48.30296   38  116   48.78634   47.59493  2.44%   163 1648s
 298332 39499   48.42204   47   88   48.78634   47.59493  2.44%   163 1662s
 299878 39736   47.59855   51   47   48.78634   47.59493  2.44%   163 1676s
 301316 39964   47.62125   56  116   48.78634   47.59493  2.44%   163 1691s
 303081 40151   48.05876   37   33   48.78634   47.59493  2.44%   163 1703s
 304440 40228   48.42053   49  102   48.78634   47.59493  2.44%   163 1714s
 305081 40509   48.77647   52   48   48.78634   47.59493  2.44%   163 1727s
 306559 40855   47.68970   50   44   48.78634   47.59493  2.44%   163 1740s
 307972 41089   48.43481   53   83   48.78634   47.59493  2.44%   163 1752s
 309338 41168   48.32118   61  107   48.78634   47.59493  2.44%   163 1763s
 310516 41354     cutoff   55        48.78634   47.59493  2.44%   163 1774s
 311708 41492   48.62713   41   77   48.78634   47.59493  2.44%   163 1786s
 312942 41620   48.30296   47  128   48.78634   47.59493  2.44%   163 1794s
 313745 41721 infeasible   50        48.78634   47.59493  2.44%   163 1805s
 314585 41917   47.72092   49  101   48.78634   47.59493  2.44%   163 1821s
 316231 42199   47.65472   45   79   48.78634   47.59493  2.44%   163 1836s
 317863 42393   48.31031   54  104   48.78634   47.59493  2.44%   164 1850s
 319321 42527     cutoff   40        48.78634   47.59493  2.44%   164 1862s
 320486 42779   48.53639   51   39   48.78634   47.59493  2.44%   164 1877s
 322001 42930   47.96526   47   68   48.78634   47.59493  2.44%   164 1892s
 323695 43095   48.13291   47  258   48.78634   47.59493  2.44%   164 1904s
 324942 43344   48.69516   51   52   48.78634   47.59493  2.44%   164 1919s
 326504 43558   48.09350   41   48   48.78634   47.59493  2.44%   164 1933s
 327960 43701   48.30581   35  108   48.78634   47.59493  2.44%   164 1943s
 328853 43866     cutoff   42        48.78634   47.59493  2.44%   164 1954s
 329943 43987   48.30366   41  103   48.78634   47.59493  2.44%   164 1967s
 331226 44242   47.79160   57  139   48.78634   47.59493  2.44%   164 1981s
 332790 44473   48.34393   41  105   48.78634   47.59493  2.44%   164 1995s
 334106 44687     cutoff   40        48.78634   47.59493  2.44%   164 2008s
 335622 44816   47.85032   40   48   48.78634   47.59493  2.44%   164 2019s
 336793 45013     cutoff   44        48.78634   47.59493  2.44%   164 2031s
 338027 45224   47.85772   39   64   48.78634   47.59493  2.44%   164 2044s
 339363 45454   48.63703   40  107   48.78634   47.59493  2.44%   164 2056s
 340766 45625   47.73094   43  295   48.78634   47.59493  2.44%   164 2067s
*341218 35787              72      48.5533600   47.59493  1.97%   164 2067s
 342004 35865   48.30520   36   92   48.55336   47.59493  1.97%   164 2078s
 343147 35905     cutoff   54        48.55336   47.59493  1.97%   165 2087s
 343852 35877     cutoff   49        48.55336   47.59493  1.97%   165 2099s
 344955 35898   47.83064   47  168   48.55336   47.59493  1.97%   165 2113s
 346116 36013   47.96196   47   80   48.55336   47.59493  1.97%   166 2130s
 347643 36214   48.29664   44   69   48.55336   47.59493  1.97%   166 2152s
 349854 36269   48.30711   55  113   48.55336   47.59493  1.97%   166 2168s
 351267 36494   47.65903   40   67   48.55336   47.59493  1.97%   166 2184s
 352844 36709 infeasible   45        48.55336   47.59493  1.97%   166 2200s
 354411 36714     cutoff   49        48.55336   47.59493  1.97%   166 2211s
 355380 36769   47.67003   42  114   48.55336   47.59493  1.97%   167 2223s
H355382 34528                      48.5351400   47.59493  1.94%   167 2223s
 355796 34640   47.86210   43   79   48.53514   47.59493  1.94%   167 2239s
 357065 34840   48.33072   50   97   48.53514   47.59493  1.94%   167 2254s
 358255 34939 infeasible   43        48.53514   47.59493  1.94%   167 2263s
 359087 35147   47.59493   39   57   48.53514   47.59493  1.94%   167 2278s
 360547 35249   48.08843   44  108   48.53514   47.59493  1.94%   167 2291s
 361859 35493   48.05876   41   32   48.53514   47.59493  1.94%   167 2305s
 363418 35670   48.47200   45   93   48.53514   47.59493  1.94%   167 2317s
 364590 35797   47.86210   41   74   48.53514   47.59493  1.94%   167 2329s
 365609 35986   48.28298   46   60   48.53514   47.59493  1.94%   167 2343s
 367105 36124   47.62514   45  137   48.53514   47.59493  1.94%   167 2356s
 368358 36238   48.52298   57   24   48.53514   47.59493  1.94%   167 2368s
 369484 36570   48.28298   45   70   48.53514   47.59493  1.94%   167 2382s
 371040 36834   48.29915   43   83   48.53514   47.59493  1.94%   167 2395s
 372456 36965     cutoff   43        48.53514   47.59493  1.94%   167 2406s
 373542 37193     cutoff   39        48.53514   47.59493  1.94%   167 2416s
 374552 37414   48.28298   49   33   48.53514   47.59493  1.94%   167 2428s
 375624 37724   48.38883   49   57   48.53514   47.59493  1.94%   167 2443s
 377140 37868   47.59493   42   40   48.53514   47.59493  1.94%   167 2456s
 378258 38114 infeasible   50        48.53514   47.59493  1.94%   167 2470s
 379699 38332 infeasible   48        48.53514   47.59493  1.94%   167 2485s
 381200 38511   48.42483   47   81   48.53514   47.59493  1.94%   167 2499s
 381916 38511   47.80998   53   97   48.53514   47.59493  1.94%   167 2500s
 382529 38618 infeasible   43        48.53514   47.59493  1.94%   167 2512s
 383615 38842     cutoff   45        48.53514   47.59493  1.94%   167 2524s
 384156 38842   48.28298   45   61   48.53514   47.59493  1.94%   167 2525s
 384623 38996   48.28298   43   49   48.53514   47.59493  1.94%   167 2538s
 385812 39204     cutoff   48        48.53514   47.59493  1.94%   167 2550s
 386974 39506   48.28298   45   62   48.53514   47.59493  1.94%   167 2565s
 388366 39658   48.49694   55   45   48.53514   47.59493  1.94%   167 2576s
 389271 39903   47.60537   52   96   48.53514   47.59493  1.94%   167 2589s
 390595 40150   48.32078   44   97   48.53514   47.59493  1.94%   167 2604s
 391678 40150     cutoff   46        48.53514   47.59493  1.94%   167 2605s
 391877 40295   48.28298   48   67   48.53514   47.59493  1.94%   167 2617s
 392999 40435   47.59493   40   83   48.53514   47.59493  1.94%   167 2633s
 394390 40621   47.84597   52   77   48.53514   47.59493  1.94%   167 2647s
 395661 40776   48.29326   64   63   48.53514   47.59493  1.94%   168 2662s
 397035 40879   48.28298   45   88   48.53514   47.59493  1.94%   168 2677s
 398329 41099   47.59493   45   62   48.53514   47.59493  1.94%   168 2692s
 399856 41376   48.28298   45   92   48.53514   47.59493  1.94%   168 2708s
 401343 41618   47.86210   35   60   48.53514   47.59493  1.94%   168 2724s
 402732 41880   48.05876   49   45   48.53514   47.59493  1.94%   168 2739s
 404003 41962     cutoff   59        48.53514   47.59493  1.94%   168 2748s
 404657 42154   47.59493   38   88   48.53514   47.59493  1.94%   168 2766s
 406229 42399 infeasible   48        48.53514   47.59493  1.94%   168 2781s
 407534 42352   48.44055   52   87   48.53514   47.59493  1.94%   168 2798s
 408833 42518 infeasible   45        48.53514   47.59621  1.93%   168 2813s
 409997 42993 infeasible   35        48.53514   47.59747  1.93%   168 2838s
 412105 43094   48.28551   33   70   48.53514   47.59747  1.93%   168 2852s
 412941 43387     cutoff   40        48.53514   47.59747  1.93%   168 2867s
 414203 43693   48.29422   44   58   48.53514   47.59747  1.93%   168 2885s
 415672 44057     cutoff   45        48.53514   47.59747  1.93%   168 2904s
 417189 44211   47.65480   34  128   48.53514   47.59747  1.93%   168 2921s
 418406 44419   48.52305   41   73   48.53514   47.59747  1.93%   168 2942s
 419937 44465   48.16988   46   75   48.53514   47.59747  1.93%   168 2954s
 420660 44501     cutoff   54        48.53514   47.59795  1.93%   168 2974s
 422116 44514 infeasible   48        48.53514   47.59795  1.93%   168 2990s
 423341 44550   48.31848   43  101   48.53514   47.59795  1.93%   168 3011s
 424879 44724 infeasible   46        48.53514   47.59795  1.93%   168 3032s
 426492 44759     cutoff   45        48.53514   47.59832  1.93%   168 3048s
 427740 44753     cutoff   47        48.53514   47.59832  1.93%   168 3064s
 428801 44572   48.52862   41   87   48.53514   47.60002  1.93%   168 3079s
 429890 44376 infeasible   55        48.53514   47.60319  1.92%   169 3092s
 430823 44165   48.43826   48   68   48.53514   47.60590  1.91%   169 3104s
 431631 43939     cutoff   56        48.53514   47.61053  1.91%   169 3116s
 432596 43693     cutoff   57        48.53514   47.61486  1.90%   169 3128s
 433538 43463 infeasible   44        48.53514   47.61872  1.89%   169 3141s
 434510 43133   47.86182   47  107   48.53514   47.62258  1.88%   170 3159s
 435894 42966     cutoff   58        48.53514   47.62644  1.87%   170 3174s
 436827 42809   48.52305   39   74   48.53514   47.63061  1.86%   170 3183s
 437675 42448   48.02552   46   84   48.53514   47.63524  1.85%   170 3193s
 438441 42278   47.84978   34  134   48.53514   47.64046  1.84%   170 3205s
 439143 42011     cutoff   62        48.53514   47.64775  1.83%   170 3222s
 440500 41733   48.29633   43   54   48.53514   47.65346  1.82%   170 3236s
 441518 41534 infeasible   35        48.53514   47.65774  1.81%   171 3248s
 442424 41252     cutoff   52        48.53514   47.66592  1.79%   171 3259s
 443260 41139 infeasible   52        48.53514   47.67495  1.77%   171 3271s
 444069 41016   47.95296   46   62   48.53514   47.68114  1.76%   171 3283s
H444604 41016                      48.5351400   47.68207  1.76%   171 3283s
 444984 40705   48.28298   41   79   48.53514   47.69161  1.74%   171 3296s
 445997 40804 infeasible   40        48.53514   47.69978  1.72%   171 3310s
 446865 40819   47.81799   35   64   48.53514   47.70332  1.71%   171 3318s
 446969 42015   48.39137   38   65   48.53514   47.70332  1.71%   171 3397s
 453107 42300 infeasible   32        48.53514   47.70332  1.71%   171 3417s
 454061 42508   47.91715   36   85   48.53514   47.70332  1.71%   171 3432s
 455220 42678     cutoff   41        48.53514   47.70332  1.71%   171 3447s
 456152 42666   48.39137   50   54   48.53514   47.70332  1.71%   172 3459s
 456890 42604   48.39137   34   56   48.53514   47.70332  1.71%   172 3472s
 457908 42684 infeasible   54        48.53514   47.71410  1.69%   172 3486s
 459098 42629     cutoff   51        48.53514   47.72464  1.67%   172 3499s
 460064 42524     cutoff   39        48.53514   47.73254  1.65%   172 3508s
 460806 42395   48.36836   37  127   48.53514   47.73838  1.64%   172 3521s
 461875 42196   48.52305   36   71   48.53514   47.74186  1.63%   172 3531s
 462864 42105   48.19982   43   86   48.53514   47.75228  1.61%   172 3542s
 463709 42172     cutoff   61        48.53514   47.76058  1.60%   172 3556s
 464766 42068     cutoff   43        48.53514   47.76963  1.58%   172 3565s
 465390 41913   48.52305   32   54   48.53514   47.77315  1.57%   172 3577s
 466270 41683   48.52305   36   83   48.53514   47.78476  1.55%   172 3586s
 466862 41365     cutoff   63        48.53514   47.80790  1.50%   173 3594s
 467590 41349     cutoff   46        48.53514   47.81944  1.47%   173 3601s

Cutting planes:
  Learned: 454
  Gomory: 53
  Lift-and-project: 7
  Cover: 9266
  Implied bound: 1050
  Projected implied bound: 8
  Clique: 35
  MIR: 215
  StrongCG: 23
  Flow cover: 1762
  GUB cover: 12
  Inf proof: 139
  Zero half: 38
  Network: 6
  RLT: 120
  Relax-and-lift: 104

Explored 467617 nodes (80848087 simplex iterations) in 3601.33 seconds (3749.31 work units)
Thread count was 8 (of 24 available processors)

Solution count 10: 48.5351 48.5351 48.5351 ... 49.1699

Time limit reached
Warning: max constraint violation (3.6751e-04) exceeds tolerance
Warning: max bound violation (3.6751e-04) exceeds tolerance
Best objective 4.853513999505e+01, best bound 4.781944000000e+01, gap 1.4746%
