
Gurobi 10.0.0 (win64) logging started Sat Jan 20 14:56:20 2024

Set parameter LogFile to value "C:/Users\Administrator\Documents\BNC_Repo\BNC_Tests\10_MIP_Results\n20m2\Instance_Class3_Parts20_Machines2_Instance4_logfileChe1021.txt"
Gurobi Optimizer version 10.0.0 build v10.0.0rc2 (win64)

CPU model: AMD EPYC 7513 32-Core Processor, instruction set [SSE2|AVX|AVX2]
Thread count: 24 physical cores, 24 logical processors, using up to 8 threads

Optimize a model with 14158 rows, 2601 columns and 67136 nonzeros
Model fingerprint: 0xbc64744d
Variable types: 921 continuous, 1680 integer (1680 binary)
Coefficient statistics:
  Matrix range     [4e-06, 4e+02]
  Objective range  [1e+00, 1e+00]
  Bounds range     [1e+00, 1e+00]
  RHS range        [1e+00, 7e+02]
Presolve removed 6885 rows and 983 columns
Presolve time: 0.20s
Presolved: 7273 rows, 1618 columns, 41494 nonzeros
Variable types: 80 continuous, 1538 integer (1498 binary)
Found heuristic solution: objective 569.0588800
Found heuristic solution: objective 425.0814000
Root relaxation presolved: 7273 rows, 1618 columns, 41494 nonzeros


Use crossover to convert LP symmetric solution to basic solution...

Root relaxation: objective 1.396022e+02, 1275 iterations, 0.13 seconds (0.13 work units)

    Nodes    |    Current Node    |     Objective Bounds      |     Work
 Expl Unexpl |  Obj  Depth IntInf | Incumbent    BestBd   Gap | It/Node Time

     0     0  139.60216    0  139  425.08140  139.60216  67.2%     -    0s
H    0     0                     268.0945200  139.60216  47.9%     -    0s
H    0     0                     252.0842600  139.60216  44.6%     -    0s
     0     0  140.37390    0  272  252.08426  140.37390  44.3%     -    1s
H    0     0                     248.1742600  140.37390  43.4%     -    1s
     0     0  140.37390    0  288  248.17426  140.37390  43.4%     -    2s
     0     0  140.46812    0  431  248.17426  140.46812  43.4%     -    2s
     0     0  140.54583    0  422  248.17426  140.54583  43.4%     -    3s
     0     0  140.55838    0  414  248.17426  140.55838  43.4%     -    3s
     0     0  140.59909    0  517  248.17426  140.59909  43.3%     -    4s
     0     0  140.60336    0  372  248.17426  140.60336  43.3%     -    4s
H    0     0                     244.8715200  140.60336  42.6%     -    4s
     0     2  140.60336    0  370  244.87152  140.60336  42.6%     -    4s
     3     8  140.74116    2  244  244.87152  140.60336  42.6%  1740    5s
H   36    40                     224.7520200  140.79082  37.4%  1265    6s
H   38    40                     212.4825400  140.79082  33.7%  1273    6s
H   69    81                     182.7968800  140.79082  23.0%   918    7s
H  113   126                     161.8546400  140.79082  13.0%   666    8s
   166   172  146.00501   15  274  161.85464  140.79082  13.0%   548   10s
H  168   172                     161.7994600  140.79082  13.0%   541   10s
H  286   249                     157.4184200  140.79082  10.6%   419   14s
   305   262  147.15878   28  131  157.41842  140.79082  10.6%   419   15s
   893   615  143.67370    9  192  157.41842  140.79082  10.6%   327   21s
  1330   897  152.42301   15  152  157.41842  140.79082  10.6%   292   26s
  1514   940  147.37090   29  372  157.41842  140.79082  10.6%   290   30s
  1522   945  150.58455   29  476  157.41842  141.77528  9.94%   288   35s
  1526   948  157.16033   29  369  157.41842  142.02132  9.78%   287   40s
  1530   951  144.12636   15  237  157.41842  142.02132  9.78%   287   45s
  1679  1042  145.98814   23  149  157.41842  142.45240  9.51%   334   52s
  1816  1079  149.13644   27  123  157.41842  142.45240  9.51%   328   55s
  2240  1219  150.73959   37  147  157.41842  142.53468  9.45%   324   60s
  2439  1281  142.77138   18  227  157.41842  142.62500  9.40%   317   65s
  2884  1456  148.01753   26  134  157.41842  142.63859  9.39%   313   70s
  3612  1590 infeasible   32       157.41842  144.21659  8.39%   300   75s
  4404  1859  146.83328   21  218  157.41842  144.23410  8.38%   292   80s
  5221  2328  145.24637   19  170  157.41842  144.24133  8.37%   283   86s
H 5465  2437                     156.9390400  144.24139  8.09%   281   87s
H 5702  2548                     156.7796800  144.24349  8.00%   280   89s
  5845  2771  144.34156   23  194  156.77968  144.24349  8.00%   280   91s
H 5966  2716                     156.1473000  144.24349  7.62%   279   91s
  6714  3173  146.18912   23  143  156.14730  144.25311  7.62%   276   97s
H 6950  3069                     155.5399800  144.25311  7.26%   274   97s
  7279  3360  144.42694   25  142  155.53998  144.25816  7.25%   270  101s
  7846  3733  145.32679   19   97  155.53998  144.26275  7.25%   275  105s
  8303  3982  149.75491   25   94  155.53998  144.26585  7.25%   280  111s
H 8444  3888                     155.1084600  144.26585  6.99%   281  111s
  8982  4296  145.44739   22  298  155.10846  144.27422  6.98%   282  115s
  9699  4735  153.23867   45  167  155.10846  144.29546  6.97%   281  123s
 10023  4967  146.40595   27  137  155.10846  144.31113  6.96%   281  125s
 10786  5359  149.41505   27  104  155.10846  144.33835  6.94%   282  131s
 11564  5789  146.43989   24  122  155.10846  144.39469  6.91%   284  138s
 12095  6105     cutoff   39       155.10846  144.42044  6.89%   283  141s
 12774  6461  145.01858   26  301  155.10846  144.42694  6.89%   282  148s
 13534  6915  149.66536   29  103  155.10846  144.42694  6.89%   282  153s
 14365  7291  149.18528   24  177  155.10846  144.42694  6.89%   281  158s
 15145  7604  147.33245   27  168  155.10846  144.42694  6.89%   283  162s
 15696  8133  150.52972   37  107  155.10846  144.42694  6.89%   282  168s
 16798  8478 infeasible   25       155.10846  144.42694  6.89%   280  174s
 17479  8755  144.42694   30  169  155.10846  144.42694  6.89%   282  180s
 18102  9175  144.42694   22  200  155.10846  144.42694  6.89%   285  186s
 18936  9586  146.70491   26  241  155.10846  144.42694  6.89%   287  192s
 19679 10132  147.04495   26  172  155.10846  144.47007  6.86%   287  199s
 20675 10493  149.54639   34   94  155.10846  144.49097  6.85%   287  206s
 21444 10917 infeasible   29       155.10846  144.53153  6.82%   288  214s
 22488 11127  148.47218   27  156  155.10846  144.54983  6.81%   289  227s
H22490 11001                     154.8235000  144.54983  6.64%   289  227s
H22533 10943                     154.7288000  144.54983  6.58%   289  227s
 22829 11469  149.38987   36   66  154.72880  144.57005  6.57%   289  237s
 23934 11885  151.14276   37   60  154.72880  144.60905  6.54%   287  248s
H24251 11803                     154.6177600  144.62051  6.47%   287  248s
 24832 12290  149.56012   35  100  154.61776  144.66136  6.44%   286  256s
 25977 12738  148.58165   32  154  154.61776  144.71459  6.40%   285  266s
 27055 13106  146.39420   25  203  154.61776  144.80328  6.35%   284  274s
 28118 13581  154.61061   37   81  154.61776  144.85331  6.32%   283  283s
 29259 13991  150.28005   23  115  154.61776  145.03090  6.20%   282  292s
 30211 14420  149.65014   36  221  154.61776  145.13468  6.13%   281  300s
 31207 14860  153.61124   42   73  154.61776  145.19820  6.09%   280  308s
 32184 15213  151.55002   31   72  154.61776  145.32679  6.01%   279  317s
 33023 15498  150.40977   21  130  154.61776  145.38567  5.97%   278  324s
 33723 15835  152.62572   35  250  154.61776  145.45372  5.93%   278  331s
 34330 16146  150.84552   43   60  154.61776  145.48528  5.91%   278  338s
 34958 16648  145.87161   24  251  154.61776  145.52963  5.88%   278  348s
 36103 17114  149.10395   25  164  154.61776  145.59551  5.84%   277  356s
 37130 17599  150.17698   27  131  154.61776  145.65744  5.80%   277  365s
 38164 17942  149.58124   28  174  154.61776  145.67345  5.78%   276  372s
 38998 18305  152.51788   31  164  154.61776  145.70974  5.76%   277  382s
 39942 18771  147.70503   24  130  154.61776  145.75068  5.73%   277  391s
 40890 19272 infeasible   34       154.61776  145.76203  5.73%   277  400s
 41859 19620  152.48077   38  122  154.61776  145.80457  5.70%   276  408s
 42737 20101 infeasible   27       154.61776  145.86687  5.66%   276  416s
 43692 20560 infeasible   37       154.61776  145.92124  5.62%   276  424s
 44848 20884  147.88289   27  201  154.61776  145.95275  5.60%   275  432s
 45717 21325 infeasible   27       154.61776  145.97957  5.59%   274  440s
 46847 21733  147.87425   30  126  154.61776  146.01949  5.56%   273  447s
 47837 22089  149.47679   29  150  154.61776  146.05099  5.54%   273  454s
 48659 22456  153.09643   36   72  154.61776  146.07684  5.52%   272  461s
 49546 22815 infeasible   30       154.61776  146.10435  5.51%   272  467s
 50368 23283  146.49417   32  132  154.61776  146.13248  5.49%   272  475s
 51429 23717  147.98193   29  281  154.61776  146.16246  5.47%   271  482s
 52523 24086  147.45152   34  147  154.61776  146.20285  5.44%   270  488s
 53358 24478  150.15297   37   64  154.61776  146.22787  5.43%   270  495s
 54309 24777  152.32455   26  191  154.61776  146.26465  5.40%   270  501s
 55067 25146  152.04972   30  123  154.61776  146.29597  5.38%   270  508s
 55928 25419  148.72008   30  115  154.61776  146.32458  5.36%   269  515s
 56633 25791  148.72118   28  148  154.61776  146.35771  5.34%   270  521s
 57429 26180  147.77903   37  132  154.61776  146.37836  5.33%   270  528s
 58389 26430  151.78611   32  116  154.61776  146.41226  5.31%   269  541s
 59190 26788  151.18829   34   80  154.61776  146.42651  5.30%   270  548s
 60152 27208  149.56058   30   96  154.61776  146.45843  5.28%   269  556s
 61226 27604  151.61393   35   92  154.61776  146.48463  5.26%   269  564s
 62067 28022  154.17744   33  117  154.61776  146.49417  5.25%   269  571s
 62901 28403 infeasible   34       154.61776  146.49417  5.25%   269  578s
 63824 28807  151.97555   36  109  154.61776  146.49417  5.25%   268  585s
 64728 29153  147.83474   33  119  154.61776  146.54092  5.22%   268  593s
 65599 29548  154.18898   32  117  154.61776  146.55688  5.21%   268  601s
 66595 29959  147.86500   32  110  154.61776  146.57584  5.20%   267  609s
 67479 30392 infeasible   31       154.61776  146.59877  5.19%   267  616s
 68506 30890  149.02554   29  100  154.61776  146.62107  5.17%   266  625s
 69619 31242  147.67551   24   82  154.61776  146.64421  5.16%   265  632s
 70571 31572  150.11868   30  138  154.61776  146.67056  5.14%   264  639s
 71330 31987  147.54343   32  110  154.61776  146.68491  5.13%   264  646s
 72181 32392     cutoff   35       154.61776  146.70925  5.11%   264  654s
 73001 32682  153.15500   34  112  154.61776  146.72902  5.10%   264  661s
 73676 33069  154.35173   43   83  154.61776  146.74677  5.09%   264  670s
 74598 33484  152.74808   34  178  154.61776  146.76861  5.08%   264  679s
 75586 33830  151.91607   35   60  154.61776  146.79909  5.06%   263  686s
 76359 34147  150.29186   31   82  154.61776  146.81122  5.05%   263  693s
 77064 34553  148.64555   17  135  154.61776  146.83137  5.04%   263  701s
 77856 34865  152.16575   41  223  154.61776  146.84836  5.02%   263  710s
 78748 35368  147.42944   21  195  154.61776  146.86774  5.01%   263  719s
 79798 35663  149.38003   29  151  154.61776  146.89132  5.00%   262  726s
 80442 36089  150.94051   31  154  154.61776  146.91165  4.98%   262  736s
 81349 36504  149.27866   28   93  154.61776  146.93463  4.97%   262  745s
 82364 36929 infeasible   24       154.61776  146.95611  4.96%   262  753s
 83283 37333  149.85050   31  123  154.61776  146.97409  4.94%   262  762s
 84201 37827  146.98931   23  250  154.61776  146.98931  4.93%   262  772s
 85317 38106  149.69814   29   94  154.61776  146.99252  4.93%   261  780s
 86091 38516  150.50255   26  139  154.61776  147.03191  4.91%   261  789s
 87137 38793  153.45442   40  128  154.61776  147.04659  4.90%   261  798s
 88028 39329  148.16765   28  196  154.61776  147.06827  4.88%   261  809s
 89146 39661  153.58277   55   92  154.61776  147.09245  4.87%   260  819s
 90055 39962     cutoff   39       154.61776  147.11538  4.85%   260  827s
 90828 40349  151.68278   26  140  154.61776  147.12601  4.85%   260  836s
 91736 40675  150.04038   30   75  154.61776  147.15124  4.83%   260  846s
 92642 41104  149.11047   29  115  154.61776  147.17630  4.81%   259  857s
 93664 41411  152.55488   36   41  154.61776  147.20371  4.80%   259  866s
 94394 41872  148.88864   34  250  154.61776  147.21974  4.78%   259  876s
 95395 42245  151.82593   30   78  154.61776  147.22916  4.78%   259  886s
 96330 42602  152.65486   47   51  154.61776  147.24781  4.77%   259  895s
 97146 43029  147.44265   29  145  154.61776  147.26801  4.75%   259  905s
 98062 43450  149.69539   37  181  154.61776  147.28472  4.74%   258  914s
 99034 43817  151.37199   31   64  154.61776  147.30349  4.73%   258  923s
 99962 44180  152.02703   46   56  154.61776  147.32257  4.72%   258  931s
 100739 44267     cutoff   46       154.61776  147.33311  4.71%   258  941s
 101000 44620  148.16123   22  205  154.61776  147.33863  4.71%   258  949s
 101393 44620  149.42462   34  107  154.61776  147.34497  4.70%   258  950s
 101789 45035  149.53684   35  116  154.61776  147.35757  4.70%   258  959s
 102754 45469  150.51881   35  249  154.61776  147.37146  4.69%   258  970s
 103969 46022  152.46131   32   72  154.61776  147.38183  4.68%   257  983s
 105268 46412  150.81275   25  170  154.61776  147.38183  4.68%   257  991s
 106029 46762     cutoff   24       154.61776  147.38183  4.68%   256 1001s
 106910 47049  153.77763   38  203  154.61776  147.40040  4.67%   256 1009s
 107647 47410  148.57143   27  127  154.61776  147.42014  4.66%   256 1019s
 108427 47863  151.00169   35  122  154.61776  147.43239  4.65%   256 1029s
 109416 48186  148.70977   30  100  154.61776  147.44160  4.64%   256 1040s
 110312 48645  153.66849   36   97  154.61776  147.45358  4.63%   256 1051s
 111333 49049  153.90162   41  251  154.61776  147.47084  4.62%   255 1060s
 112263 49455  148.18795   28  167  154.61776  147.48598  4.61%   255 1069s
 113178 49757     cutoff   39       154.61776  147.49825  4.60%   255 1078s
 114055 50095  152.79205   36   97  154.61776  147.51673  4.59%   254 1087s
 114906 50439  150.93899   31  125  154.61776  147.53145  4.58%   254 1098s
 116098 50812  147.54343   32   87  154.61776  147.54343  4.58%   254 1109s
 117149 51141  148.90275   33  180  154.61776  147.54343  4.58%   253 1119s
 118112 51531  150.15297   36   57  154.61776  147.54343  4.58%   253 1129s
 119146 51880  148.54021   29  149  154.61776  147.56171  4.56%   253 1138s
 120031 52361  150.80886   26   99  154.61776  147.56974  4.56%   252 1149s
 121218 52639  152.84123   40  196  154.61776  147.58613  4.55%   252 1157s
 122055 53037     cutoff   35       154.61776  147.59612  4.54%   252 1167s
 122981 53329  150.61752   42  117  154.61776  147.60359  4.54%   251 1174s
 123684 53665  153.70092   48  202  154.61776  147.61791  4.53%   251 1183s
 124621 54061  153.83051   48   86  154.61776  147.62941  4.52%   251 1194s
 125526 54417  149.42031   34   81  154.61776  147.64275  4.51%   251 1202s
 126371 54813  151.29130   31  124  154.61776  147.64940  4.51%   250 1212s
 127382 55161  152.71341   41  119  154.61776  147.66162  4.50%   250 1222s
 128392 55545     cutoff   39       154.61776  147.67792  4.49%   250 1232s
 129367 55877  154.51661   40   91  154.61776  147.69532  4.48%   250 1240s
 130127 56263  149.83012   24   90  154.61776  147.69929  4.47%   249 1249s
 131021 56587  149.29827   37   95  154.61776  147.71131  4.47%   249 1257s
 131770 56925  148.18981   29  138  154.61776  147.72467  4.46%   249 1267s
 132826 57205  149.07024   28  111  154.61776  147.73496  4.45%   249 1276s
 133601 57505     cutoff   46       154.61776  147.74735  4.44%   249 1286s
 134426 57909  149.73324   31   93  154.61776  147.75256  4.44%   249 1296s
 135359 58245  150.09907   31  121  154.61776  147.77169  4.43%   249 1306s
 136359 58538  148.17518   28  177  154.61776  147.78734  4.42%   248 1317s
H136360 58538                     154.6177584  147.78734  4.42%   248 1317s
 137088 58857  148.86752   29  118  154.61776  147.79319  4.41%   248 1326s
 137993 59262  148.39608   31  130  154.61776  147.81360  4.40%   248 1339s
 138941 59513  151.82593   31   86  154.61776  147.82697  4.39%   248 1348s
H139030 56566                     153.9757200  147.82697  3.99%   248 1348s
 139725 56998  148.97848   35  162  153.97572  147.83791  3.99%   248 1360s
 140793 57322  150.38048   36   83  153.97572  147.85331  3.98%   248 1371s
 141779 57541  148.06306   25  127  153.97572  147.86662  3.97%   248 1381s
 142404 57789  149.85829   26  124  153.97572  147.87788  3.96%   248 1391s
 143079 58198  149.73211   33  101  153.97572  147.89149  3.95%   248 1403s
 144076 58535  148.97040   24  101  153.97572  147.90342  3.94%   248 1414s
 144850 58535  152.12885   35   99  153.97572  147.90912  3.94%   248 1415s
 144929 58915  151.66532   43   72  153.97572  147.90991  3.94%   248 1426s
 146099 59233  151.64811   23  100  153.97572  147.92761  3.93%   248 1437s
 147092 59510  152.71265   46   65  153.97572  147.94020  3.92%   248 1446s
 147908 59837  148.72091   27  180  153.97572  147.95669  3.91%   248 1456s
 148841 60090     cutoff   29       153.97572  147.97441  3.90%   248 1465s
 149635 60473  150.78885   34   76  153.97572  147.98641  3.89%   248 1477s
 150628 60842  149.78180   30  109  153.97572  148.00248  3.88%   248 1489s
 151668 61174  149.29028   32   84  153.97572  148.01245  3.87%   248 1499s
 152572 61549  149.10385   28  133  153.97572  148.02925  3.86%   248 1510s
 153706 61813  150.22814   32   82  153.97572  148.04675  3.85%   247 1520s
 154512 62111  153.02914   37  265  153.97572  148.05541  3.84%   247 1530s
 155292 62428  149.12432   32   93  153.97572  148.06306  3.84%   248 1540s
 156055 62731  149.59626   31   91  153.97572  148.06306  3.84%   248 1549s
 156781 62982  148.80860   27  159  153.97572  148.06306  3.84%   248 1557s
 157472 63406  149.17245   25   97  153.97572  148.06306  3.84%   249 1570s
 158507 63684  151.12254   27   60  153.97572  148.07096  3.83%   249 1581s
 159354 64031 infeasible   40       153.97572  148.07821  3.83%   249 1593s
 160443 64341  150.56737   28   55  153.97572  148.09487  3.82%   249 1605s
 161449 64641  150.84763   32  123  153.97572  148.10657  3.81%   249 1617s
 162409 65025  151.67767   39   48  153.97572  148.11535  3.81%   249 1630s
 163488 65340  152.31590   43  106  153.97572  148.12889  3.80%   249 1641s
 164372 65741  152.71491   39  120  153.97572  148.14054  3.79%   248 1653s
 165472 66012  151.85758   41  106  153.97572  148.14860  3.78%   248 1664s
 166409 66284  149.63661   31  152  153.97572  148.15627  3.78%   248 1675s
 167304 66569  151.39790   31   97  153.97572  148.16082  3.78%   248 1685s
 168163 66893  148.90162   26  169  153.97572  148.16765  3.77%   248 1696s
 169033 67148  151.81510   58   33  153.97572  148.16765  3.77%   248 1705s
 169763 67433  149.61143   30  118  153.97572  148.16765  3.77%   249 1714s
 170529 67537 infeasible   33       153.97572  148.16765  3.77%   249 1724s
H170533 67537                     153.9757151  148.16765  3.77%   249 1724s
 170950 67801  150.55945   30   92  153.97572  148.16765  3.77%   249 1733s
 171691 68127  150.34425   30   95  153.97572  148.16868  3.77%   249 1746s
 172618 68521  148.30716   36  113  153.97572  148.17852  3.77%   250 1762s
 174040 69051  149.18882   22  143  153.97572  148.18981  3.76%   249 1779s
 175495 69521  148.18981   28  128  153.97572  148.18981  3.76%   249 1794s
 176831 69886  149.27965   32  163  153.97572  148.18981  3.76%   249 1806s
 177926 70242  149.85122   38   70  153.97572  148.19810  3.75%   249 1819s
 178888 70448  152.94045   44  113  153.97572  148.21380  3.74%   249 1828s
 179673 70788  151.84222   39   76  153.97572  148.22572  3.73%   249 1840s
 180635 71020 infeasible   35       153.97572  148.23415  3.73%   249 1850s
 181522 71290     cutoff   45       153.97572  148.24063  3.72%   249 1860s
 182539 71616  150.88204   34  128  153.97572  148.25132  3.72%   249 1871s
 183454 71971 infeasible   30       153.97572  148.25946  3.71%   248 1882s
 184351 72297  149.87691   35   99  153.97572  148.27031  3.71%   248 1892s
 185205 72606  149.69015   28  102  153.97572  148.27807  3.70%   248 1903s
 186145 72938 infeasible   33       153.97572  148.28984  3.69%   248 1914s
 187091 73328  149.29359   28  115  153.97572  148.30038  3.69%   248 1925s
 188016 73623  151.57330   35   59  153.97572  148.30904  3.68%   248 1936s
 188868 73971  151.28790   43   37  153.97572  148.31710  3.68%   248 1947s
 189860 74415  148.97588   35  262  153.97572  148.32603  3.67%   248 1960s
 190915 74842  150.10729   30  130  153.97572  148.33655  3.66%   248 1972s
 192011 75122 infeasible   32       153.97572  148.34501  3.66%   247 1983s
 192941 75459  153.35437   44   64  153.97572  148.35687  3.65%   247 1994s
 193787 75805  149.16783   29  196  153.97572  148.36657  3.64%   247 2005s
 194846 76168  151.01795   45   44  153.97572  148.37179  3.64%   247 2017s
 195911 76467  153.04953   48   66  153.97572  148.38194  3.63%   247 2027s
 196774 76766  150.09125   30  100  153.97572  148.38784  3.63%   247 2040s
 197750 77158  150.57351   33  105  153.97572  148.39342  3.63%   247 2052s
 198774 77580  151.19678   29   70  153.97572  148.40156  3.62%   246 2065s
 199909 77972  151.93052   44   60  153.97572  148.40823  3.62%   246 2076s
 200866 78297  153.78076   50  118  153.97572  148.41468  3.61%   246 2088s
 201796 78622  151.57637   26  180  153.97572  148.42261  3.61%   246 2099s
 202787 78970 infeasible   46       153.97572  148.42869  3.60%   246 2109s
 203422 78970  149.72188   35  228  153.97572  148.42931  3.60%   246 2110s
 203591 79241  149.71622   32  135  153.97572  148.43220  3.60%   246 2120s
 204431 79507  153.67899   31  115  153.97572  148.43862  3.60%   246 2130s
 205268 79796     cutoff   35       153.97572  148.44767  3.59%   246 2140s
 206048 80180  152.51463   32   51  153.97572  148.45602  3.58%   246 2152s
 207108 80494  152.41399   38   77  153.97572  148.46447  3.58%   246 2165s
 208089 80890  151.85779   32  111  153.97572  148.46885  3.58%   246 2178s
 209203 81197  150.27532   30   98  153.97572  148.47694  3.57%   245 2192s
 210122 81567     cutoff   48       153.97572  148.47949  3.57%   245 2207s
 211268 81914  149.62686   37  144  153.97572  148.48421  3.57%   245 2218s
 212171 82126  149.73636   36  125  153.97572  148.48908  3.56%   245 2227s
 212880 82427  151.61845   32   74  153.97572  148.49637  3.56%   245 2240s
 213754 82649  151.44874   29  118  153.97572  148.50464  3.55%   245 2252s
 214349 82964  150.23147   34  238  153.97572  148.50884  3.55%   245 2263s
 215211 83256  153.48612   30  133  153.97572  148.51492  3.55%   245 2275s
 216079 83535     cutoff   42       153.97572  148.52010  3.54%   245 2286s
 216983 83807  150.37498   33  100  153.97572  148.52588  3.54%   245 2298s
 217769 84120  152.36601   34  122  153.97572  148.53565  3.53%   245 2311s
 218875 84472  151.97119   36   75  153.97572  148.54040  3.53%   245 2324s
 219672 84472  149.79128   30  109  153.97572  148.54277  3.53%   245 2325s
 219939 84847  150.48865   37   89  153.97572  148.54806  3.53%   245 2337s
 220882 85143  153.58102   40   60  153.97572  148.55581  3.52%   245 2350s
 221899 85400  150.37727   40  112  153.97572  148.56116  3.52%   244 2362s
 222630 85663  149.39523   25  124  153.97572  148.56621  3.51%   244 2371s
 223403 86059  150.10435   29  121  153.97572  148.57692  3.51%   244 2385s
 224555 86361  151.31852   33  114  153.97572  148.58408  3.50%   244 2397s
 225542 86658  153.21313   38  149  153.97572  148.59263  3.50%   244 2407s
 226462 86948  149.88023   36  154  153.97572  148.60009  3.49%   244 2419s
 227498 87372  149.73716   37   74  153.97572  148.60736  3.49%   244 2432s
 228612 87755  150.08188   30  105  153.97572  148.61233  3.48%   244 2444s
 229598 88066  148.87208   27  186  153.97572  148.61400  3.48%   244 2454s
 230444 88339  150.39094   40  124  153.97572  148.62262  3.48%   244 2465s
 231287 88590  153.32696   42   41  153.97572  148.62980  3.47%   244 2476s
 232125 88890  151.18259   31  133  153.97572  148.63501  3.47%   244 2488s
 233143 89275  148.80562   34   98  153.97572  148.63967  3.47%   244 2501s
 234291 89504     cutoff   38       153.97572  148.64709  3.46%   243 2510s
 235034 89759  152.20315   29  164  153.97572  148.64913  3.46%   243 2521s
 235825 90054  151.93052   51   64  153.97572  148.65587  3.45%   243 2532s
 236825 90377  150.74328   37  268  153.97572  148.66199  3.45%   243 2544s
 237857 90773  149.83174   30  144  153.97572  148.66835  3.45%   243 2557s
 238934 91141  151.48636   33  114  153.97572  148.67823  3.44%   243 2568s
 240005 91398  149.63490   42   77  153.97572  148.68343  3.44%   243 2576s
 240747 91678  150.60154   41  115  153.97572  148.68839  3.43%   243 2586s
 241606 91967  150.25705   35   99  153.97572  148.69789  3.43%   243 2596s
 242506 92302  151.44328   26  186  153.97572  148.70234  3.42%   243 2607s
 243535 92704  149.60159   32  125  153.97572  148.70855  3.42%   243 2618s
 244512 93044 infeasible   57       153.97572  148.71305  3.42%   242 2629s
 245320 93044  149.69233   30  159  153.97572  148.71692  3.42%   242 2630s
 245442 93334  150.31963   33   97  153.97572  148.71692  3.42%   242 2640s
 246197 93597  149.00761   29  132  153.97572  148.72330  3.41%   242 2650s
 246966 93980  151.96775   40  274  153.97572  148.72985  3.41%   242 2662s
 248002 94256  148.86088   29  100  153.97572  148.73617  3.40%   242 2674s
 248940 94606  150.02945   23  308  153.97572  148.74053  3.40%   242 2686s
 249959 94866  150.74093   43   48  153.97572  148.74468  3.40%   242 2697s
 250756 95140  150.35229   38   75  153.97572  148.75194  3.39%   242 2708s
 251621 95422  150.60693   30  105  153.97572  148.75688  3.39%   242 2719s
 252447 95817  150.38290   34   84  153.97572  148.76198  3.39%   242 2731s
 253477 96205  149.44449   27  157  153.97572  148.76771  3.38%   242 2745s
 254731 96610  150.26247   31  286  153.97572  148.77351  3.38%   242 2757s
 255899 96944  149.19480   28   95  153.97572  148.77573  3.38%   242 2768s
 256843 97242  149.24632   33  204  153.97572  148.78184  3.37%   242 2779s
 257713 97550  148.89472   33  242  153.97572  148.78723  3.37%   241 2790s
 258778 97758  152.34127   42   58  153.97572  148.79382  3.37%   241 2800s
 259447 98068  151.23865   27  147  153.97572  148.79910  3.36%   241 2813s
 260428 98412 infeasible   33       153.97572  148.80533  3.36%   241 2825s
 261326 98674  150.68477   31   93  153.97572  148.81117  3.35%   241 2836s
 262368 98967  153.16486   40   44  153.97572  148.81583  3.35%   241 2847s
 263248 99330  151.35488   34  114  153.97572  148.82337  3.35%   241 2861s
 264400 99636  151.92534   30  161  153.97572  148.82496  3.35%   241 2873s
 265395 100107  153.36241   32   82  153.97572  148.83220  3.34%   241 2886s
 266600 100475  149.94627   38  113  153.97572  148.83630  3.34%   241 2898s
 267669 100779 infeasible   31       153.97572  148.84083  3.33%   240 2911s
 268745 101074  149.67351   32  150  153.97572  148.84565  3.33%   240 2923s
 269643 101487  150.84116   38   80  153.97572  148.84984  3.33%   240 2937s
 270734 101858  151.81510   41   78  153.97572  148.85650  3.32%   240 2950s
 271717 102255  150.93953   38  101  153.97572  148.86101  3.32%   240 2963s
 272864 102636  151.43309   36   86  153.97572  148.86785  3.32%   240 2976s
 273989 103020  152.34514   37   70  153.97572  148.87346  3.31%   240 2989s
 275059 103321  151.93052   31   74  153.97572  148.87729  3.31%   240 3000s
 275937 103696  151.33192   38  189  153.97572  148.88107  3.31%   240 3012s
 276916 103947  149.42531   36  244  153.97572  148.88517  3.31%   240 3022s
 277821 104187  151.93052   40  110  153.97572  148.89003  3.30%   240 3032s
 278694 104410  149.42031   31   95  153.97572  148.89722  3.30%   240 3042s
 279451 104769     cutoff   35       153.97572  148.90246  3.29%   240 3054s
 280538 105095  149.38155   34  140  153.97572  148.90746  3.29%   240 3066s
 281483 105379  153.35178   45  116  153.97572  148.91610  3.29%   240 3078s
 282467 105700  151.99401   38  107  153.97572  148.92225  3.28%   240 3091s
 283390 105965  151.09262   33  107  153.97572  148.92636  3.28%   239 3103s
 284323 106335  149.81546   41   98  153.97572  148.93308  3.27%   239 3117s
 285445 106653  151.84917   37  143  153.97572  148.94063  3.27%   239 3131s
 286640 107022 infeasible   35       153.97572  148.94744  3.27%   239 3143s
 287778 107369  150.65721   42  121  153.97572  148.95251  3.26%   239 3155s
 288754 107653  152.11713   45   38  153.97572  148.95696  3.26%   239 3168s
 289719 107885  149.75305   35  121  153.97572  148.96250  3.26%   239 3180s
 290499 108248  150.90453   32  130  153.97572  148.96702  3.25%   239 3193s
 291611 108476  151.06879   43  121  153.97572  148.97409  3.25%   239 3204s
 292480 108817  149.89655   30  142  153.97572  148.97931  3.24%   239 3217s
 293513 109133  150.00640   27   81  153.97572  148.98518  3.24%   239 3231s
 294625 109425  150.85348   29   91  153.97572  148.98985  3.24%   239 3244s
 295667 109755  152.47382   26  147  153.97572  148.99690  3.23%   239 3257s
 296664 110040 infeasible   45       153.97572  149.00494  3.23%   239 3269s
 297531 110400  149.63001   33   89  153.97572  149.00711  3.23%   239 3281s
 298574 110600  153.51070   36  115  153.97572  149.01133  3.22%   238 3290s
 299205 110924     cutoff   46       153.97572  149.01458  3.22%   238 3302s
 300207 111309  151.01795   29   68  153.97572  149.02283  3.22%   238 3316s
 301412 111615 infeasible   43       153.97572  149.02618  3.21%   238 3329s
 302504 112010  150.57490   30   92  153.97572  149.03050  3.21%   238 3343s
 303701 112302 infeasible   44       153.97572  149.03850  3.21%   238 3355s
 304715 112675  151.29431   35  110  153.97572  149.04400  3.20%   238 3368s
 305937 112981  151.26154   36   73  153.97572  149.04886  3.20%   238 3380s
 306935 113263  149.14299   35  134  153.97572  149.05274  3.20%   238 3392s
 307907 113643  150.74093   48   53  153.97572  149.05767  3.19%   238 3405s
 309006 113867  152.97762   56   16  153.97572  149.06159  3.19%   238 3415s
 309751 114246  151.82593   27   85  153.97572  149.06439  3.19%   238 3429s
 310982 114545 infeasible   33       153.97572  149.06775  3.19%   238 3442s
 312004 114818  149.45278   32  290  153.97572  149.07322  3.18%   238 3454s
 312870 115127  152.18130   38  117  153.97572  149.07854  3.18%   238 3467s
 313844 115503 infeasible   30       153.97572  149.08364  3.18%   238 3482s
 315038 115883  151.93052   31   58  153.97572  149.09074  3.17%   238 3497s
 316210 116248  149.89868   31  104  153.97572  149.09558  3.17%   238 3510s
 317325 116614  153.24678   50   34  153.97572  149.10199  3.17%   237 3524s
 318496 116986  149.95716   34  105  153.97572  149.10702  3.16%   237 3536s
 319459 117380     cutoff   46       153.97572  149.10853  3.16%   237 3550s
 320571 117653  151.30480   33  100  153.97572  149.11422  3.16%   237 3562s
 321466 117921  153.56578   38   55  153.97572  149.12061  3.15%   237 3575s
 322542 118302  151.17955   29  115  153.97572  149.12496  3.15%   237 3587s
 323631 118550  153.34681   42   52  153.97572  149.12808  3.15%   237 3598s
 324571 118608  153.40582   39  208  153.97572  149.13413  3.14%   237 3600s

Cutting planes:
  Learned: 405
  Gomory: 75
  Lift-and-project: 22
  Cover: 5468
  Implied bound: 1223
  Projected implied bound: 54
  Clique: 1260
  MIR: 375
  StrongCG: 212
  Flow cover: 2450
  Inf proof: 510
  Zero half: 288
  Network: 4
  RLT: 464
  Relax-and-lift: 276
  PSD: 2

Explored 324735 nodes (77081944 simplex iterations) in 3600.20 seconds (3431.07 work units)
Thread count was 8 (of 24 available processors)

Solution count 10: 153.976 153.976 153.976 ... 156.147

Time limit reached
Warning: max constraint violation (3.8402e-04) exceeds tolerance
Warning: max bound violation (3.8402e-04) exceeds tolerance
Best objective 1.539757151265e+02, best bound 1.491341255261e+02, gap 3.1444%
