
Gurobi 10.0.0 (win64) logging started Sun Jan 21 03:15:55 2024

Set parameter LogFile to value "C:/Users\Administrator\Documents\BNC_Repo\BNC_Tests\10_MIP_Results\n20m2\Instance_Class4_Parts20_Machines2_Instance5_logfileChe1021.txt"
Gurobi Optimizer version 10.0.0 build v10.0.0rc2 (win64)

CPU model: AMD EPYC 7513 32-Core Processor, instruction set [SSE2|AVX|AVX2]
Thread count: 24 physical cores, 24 logical processors, using up to 8 threads

Optimize a model with 14158 rows, 2601 columns and 67136 nonzeros
Model fingerprint: 0xdfd8191e
Variable types: 921 continuous, 1680 integer (1680 binary)
Coefficient statistics:
  Matrix range     [4e-06, 4e+02]
  Objective range  [1e+00, 1e+00]
  Bounds range     [1e+00, 1e+00]
  RHS range        [1e+00, 6e+02]
Presolve removed 5223 rows and 902 columns
Presolve time: 0.30s
Presolved: 8935 rows, 1699 columns, 52555 nonzeros
Variable types: 80 continuous, 1619 integer (1579 binary)
Found heuristic solution: objective 618.1976000
Found heuristic solution: objective 254.1379000
Root relaxation presolved: 8935 rows, 1699 columns, 52555 nonzeros


Use crossover to convert LP symmetric solution to basic solution...

Root relaxation: objective 1.077138e+02, 1352 iterations, 0.17 seconds (0.16 work units)

    Nodes    |    Current Node    |     Objective Bounds      |     Work
 Expl Unexpl |  Obj  Depth IntInf | Incumbent    BestBd   Gap | It/Node Time

     0     0  107.71385    0   55  254.13790  107.71385  57.6%     -    0s
H    0     0                     210.1197000  107.71385  48.7%     -    0s
H    0     0                     199.8815200  107.71385  46.1%     -    1s
H    0     0                     177.0068400  107.71385  39.1%     -    1s
     0     0  107.71385    0  149  177.00684  107.71385  39.1%     -    1s
     0     0  107.71385    0  133  177.00684  107.71385  39.1%     -    1s
     0     0  107.71385    0  110  177.00684  107.71385  39.1%     -    1s
     0     0  107.71385    0   71  177.00684  107.71385  39.1%     -    2s
     0     0  107.71385    0  169  177.00684  107.71385  39.1%     -    2s
     0     0  107.71385    0   56  177.00684  107.71385  39.1%     -    3s
     0     0  107.71385    0  123  177.00684  107.71385  39.1%     -    3s
     0     0  107.71385    0  110  177.00684  107.71385  39.1%     -    4s
     0     0  107.71385    0   70  177.00684  107.71385  39.1%     -    4s
H    0     0                     128.9638600  107.71385  16.5%     -    5s
H    0     0                     124.4407400  107.71385  13.4%     -    5s
H    0     2                     123.5923200  107.71385  12.8%     -    6s
     0     2  107.71385    0   60  123.59232  107.71385  12.8%     -    6s
H   31    34                     122.2989000  107.71385  11.9%  1394   10s
H   37    34                     122.0904800  107.71385  11.8%  1384   10s
H   64    67                     122.0372200  107.71385  11.7%  1151   13s
H   65    67                     122.0155200  107.71385  11.7%  1133   13s
H   66    67                     120.5019400  107.71385  10.6%  1117   13s
H   71    67                     118.7570600  107.71385  9.30%  1146   13s
    86   107  107.71385   10   71  118.75706  107.71385  9.30%  1108   15s
H  131   174                     118.4836400  107.71385  9.09%   924   17s
H  131   174                     115.8484200  107.71385  7.02%   924   17s
H  328   276                     115.4520000  107.71385  6.70%   529   19s
   337   346  108.07198   25   92  115.45200  107.71385  6.70%   522   21s
H  393   346                     114.9051600  107.71385  6.26%   481   21s
   486   337  112.91277   17   70  114.90516  107.71385  6.26%   456   27s
   488   338  107.79885   19   56  114.90516  107.71385  6.26%   454   30s
   492   341  107.71385    7  153  114.90516  107.71385  6.26%   450   35s
   495   343  113.11385   55   78  114.90516  107.71385  6.26%   448   41s
   498   345  108.35385   13  177  114.90516  107.71385  6.26%   445   47s
H  498   327                     114.0154600  107.71385  5.53%   445   48s
   499   328  107.71385    7   80  114.01546  107.71385  5.53%   444   50s
   524   353  107.71385   13  449  114.01546  107.71385  5.53%   577   55s
   603   451  107.71385   17  312  114.01546  107.71385  5.53%   650   60s
H  605   433                     114.0148200  107.71385  5.53%   649   60s
H  605   417                     113.4081600  107.71385  5.02%   649   60s
H  692   467                     113.3651000  107.71385  4.98%   620   62s
   934   546  107.71385   26  107  113.36510  107.71385  4.98%   529   66s
H 1034   498                     112.5405000  107.71385  4.29%   502   66s
  1422   612  108.41752   37  162  112.54050  107.71385  4.29%   435   71s
  1661   764  108.95628   15  104  112.54050  107.71385  4.29%   421   76s
  2036   956  109.02729   34   68  112.54050  107.71385  4.29%   391   80s
  2684  1306  108.39385   24   90  112.54050  107.71385  4.29%   359   88s
H 2733  1306                     112.5404999  107.71385  4.29%   357   88s
  2905  1454  107.71385   24  122  112.54050  107.71385  4.29%   350   91s
  3369  1706  107.71385   18  124  112.54050  107.71385  4.29%   349   96s
  3654  1783  110.07555   31  100  112.54050  107.71385  4.29%   339  101s
  3819  1821  107.71385   15  463  112.54050  107.71385  4.29%   337  109s
  3893  2027  107.75082   16   94  112.54050  107.71385  4.29%   337  112s
  4304  2110  107.71385   17  165  112.54050  107.71385  4.29%   330  116s
  4433  2327  107.71385   18  115  112.54050  107.71385  4.29%   329  120s
  5415  2642  109.12514   28  112  112.54050  107.71385  4.29%   316  128s
  5693  2835  108.77971   29  149  112.54050  107.71385  4.29%   318  132s
  6122  3097  108.39034   26  155  112.54050  107.71385  4.29%   316  137s
  6698  3319 infeasible   26       112.54050  107.71385  4.29%   312  142s
  7204  3455  107.71385   22  129  112.54050  107.71385  4.29%   308  146s
  7539  3591  108.61510   24  153  112.54050  107.71385  4.29%   310  153s
  7977  3729  109.17559   19  152  112.54050  107.71385  4.29%   311  158s
  8267  3907  108.39484   31  130  112.54050  107.71385  4.29%   312  163s
  8651  4157  107.71385   17  159  112.54050  107.71385  4.29%   314  168s
  9134  4389  109.21066   17  160  112.54050  107.71385  4.29%   314  175s
  9628  4733 infeasible   30       112.54050  107.71385  4.29%   311  183s
 10439  4888  109.23510   27  186  112.54050  107.71385  4.29%   307  189s
 10830  5061  111.59782   30   74  112.54050  107.71385  4.29%   306  196s
 11237  5335  107.93962   22  146  112.54050  107.71385  4.29%   308  203s
 11813  5563  108.41327   19  148  112.54050  107.71385  4.29%   309  208s
 12234  5720  107.71385   20   97  112.54050  107.71385  4.29%   311  216s
 12536  5979  109.24147   27  328  112.54050  107.71385  4.29%   312  222s
 12984  6138  108.46528   34  348  112.54050  107.71385  4.29%   317  229s
 13341  6402  107.71385   25  137  112.54050  107.71385  4.29%   320  235s
 13838  6686  111.26733   34  115  112.54050  107.71385  4.29%   326  242s
 14437  6951  108.26635   26  136  112.54050  107.71385  4.29%   329  251s
 14977  7382  107.71385   16  130  112.54050  107.71385  4.29%   332  262s
 15891  7650  108.05573   23  223  112.54050  107.71385  4.29%   336  272s
 16521  7904  108.72584   23  267  112.54050  107.71385  4.29%   339  296s
 17144  8217  109.88277   32   85  112.54050  107.71385  4.29%   341  311s
 17954  8454  108.57985   24  129  112.54050  107.71385  4.29%   342  324s
 18580  9000  109.91824   35  117  112.54050  107.71385  4.29%   343  337s
 19873  9530  111.71474   38   65  112.54050  107.71942  4.28%   342  351s
 21138 10082  108.81885   24  130  112.54050  107.77574  4.23%   341  363s
 22531 10576  108.50052   33  301  112.54050  107.82870  4.19%   340  375s
 23665 10951  108.82654   26  149  112.54050  107.86787  4.15%   339  386s
 24600 11395  108.39385   24  110  112.54050  107.89342  4.13%   339  397s
 25663 11831  108.86510   22  119  112.54050  107.92231  4.10%   340  409s
 26727 12242  108.24360   16  248  112.54050  107.94697  4.08%   340  420s
 27786 12573 infeasible   43       112.54050  107.98478  4.05%   339  430s
 28700 12927  111.59362   32   78  112.54050  108.00576  4.03%   340  442s
 29700 13269  108.81885   31   86  112.54050  108.05124  3.99%   340  453s
 30617 13567     cutoff   27       112.54050  108.08335  3.96%   340  463s
 31441 13912  110.49885   16  120  112.54050  108.10922  3.94%   340  473s
 32329 14302  109.51377   28   96  112.54050  108.12095  3.93%   340  484s
 33273 14646 infeasible   28       112.54050  108.13885  3.91%   339  495s
 34386 14980  108.16717   24  135  112.54050  108.13885  3.91%   338  504s
 35211 15409  110.07385   30   88  112.54050  108.13885  3.91%   338  514s
 36128 15911  109.28831   24  134  112.54050  108.16028  3.89%   338  526s
 37345 16270  109.77635   23   84  112.54050  108.18544  3.87%   335  535s
 38278 16611     cutoff   23       112.54050  108.20644  3.85%   334  545s
 39191 16974  108.82583   28  118  112.54050  108.23451  3.83%   334  554s
 40137 17252  109.72122   27  150  112.54050  108.26141  3.80%   333  561s
 40806 17612  109.13885   30  270  112.54050  108.26635  3.80%   333  571s
 41621 18023  109.58652   35   95  112.54050  108.27764  3.79%   332  581s
 42578 18286 infeasible   27       112.54050  108.29464  3.77%   331  589s
 43301 18608     cutoff   34       112.54050  108.31349  3.76%   332  599s
 44128 18950 infeasible   27       112.54050  108.33732  3.73%   331  609s
 45043 19286  109.82537   28  112  112.54050  108.36571  3.71%   330  618s
 45932 19754  110.33635   28  102  112.54050  108.38824  3.69%   330  630s
 47056 19972  109.92027   31  108  112.54050  108.39385  3.68%   330  640s
 47769 20385  110.75385   36   63  112.54050  108.39385  3.68%   332  652s
 48898 20657  108.53322   30  139  112.54050  108.39385  3.68%   332  663s
 49648 21085  109.06620   28  102  112.54050  108.39385  3.68%   333  674s
 50680 21585  110.28504   27   96  112.54050  108.39385  3.68%   334  686s
 51925 21894  108.81385   22  139  112.54050  108.39385  3.68%   333  695s
 52657 22222  110.83885   21  173  112.54050  108.39385  3.68%   335  704s
 53365 22650  109.13885   31  116  112.54050  108.39385  3.68%   336  715s
 54460 22915  109.88555   31  146  112.54050  108.39385  3.68%   336  725s
 55184 23337  109.81885   26   93  112.54050  108.40446  3.68%   337  735s
 56184 23819  109.05703   23  142  112.54050  108.41494  3.67%   337  747s
 57400 24303  108.85608   20  122  112.54050  108.43067  3.65%   336  758s
 58558 24726  109.68625   23  304  112.54050  108.44399  3.64%   335  770s
 59711 24988  111.07385   33   71  112.54050  108.46006  3.63%   334  778s
 60423 25164     cutoff   30       112.54050  108.47425  3.61%   333  786s
 60999 25466  110.11263   22   92  112.54050  108.47885  3.61%   334  794s
 61690 25800  109.60249   31   83  112.54050  108.48869  3.60%   334  803s
 62536 26180     cutoff   23       112.54050  108.50211  3.59%   334  814s
 63580 26431  109.31637   23  251  112.54050  108.51611  3.58%   333  822s
 64274 26736 infeasible   28       112.54050  108.52874  3.56%   333  831s
 65088 27067  109.34907   29  131  112.54050  108.54097  3.55%   333  841s
 66006 27402  110.32885   32   73  112.54050  108.55611  3.54%   333  850s
 66800 27685     cutoff   47       112.54050  108.56463  3.53%   333  862s
 67649 27963  110.82763   33   99  112.54050  108.57728  3.52%   333  873s
 68539 28293  109.58385   21  125  112.54050  108.58943  3.51%   332  882s
 69439 28712  109.77854   27  141  112.54050  108.60714  3.50%   332  893s
 70474 29048  109.25976   30   94  112.54050  108.62061  3.48%   331  903s
 71466 29434  110.15887   27  102  112.54050  108.63781  3.47%   331  914s
 72399 29737  109.24560   26  174  112.54050  108.64385  3.46%   330  924s
 73247 30036  109.39385   27   97  112.54050  108.66371  3.44%   330  933s
 74087 30425  110.84175   26   95  112.54050  108.67537  3.43%   330  945s
 75166 30824  109.76984   25  129  112.54050  108.68967  3.42%   329  956s
 76157 31114  109.33726   27  101  112.54050  108.69969  3.41%   328  967s
 77008 31478  109.94628   33  255  112.54050  108.71214  3.40%   328  977s
 77963 31773 infeasible   23       112.54050  108.71385  3.40%   328  986s
 78692 32089  109.54136   22  146  112.54050  108.71385  3.40%   328  996s
 79318 32482  109.72479   27  163  112.54050  108.71385  3.40%   328 1006s
 80040 32800  110.29732   32  182  112.54050  108.71385  3.40%   329 1016s
 80677 33088  110.16359   36  150  112.54050  108.71385  3.40%   330 1026s
 81349 33477  111.48393   26  139  112.54050  108.72289  3.39%   330 1039s
 82406 33875  111.11464   29  162  112.54050  108.72885  3.39%   330 1051s
 83434 34180  109.46896   24   92  112.54050  108.73505  3.38%   330 1064s
 84460 34494 infeasible   32       112.54050  108.74595  3.37%   330 1075s
 85386 34839  109.08329   33  175  112.54050  108.75708  3.36%   330 1085s
 86224 35075  109.41587   23   97  112.54050  108.76781  3.35%   330 1097s
 87017 35478     cutoff   26       112.54050  108.77756  3.34%   330 1111s
 88086 35743 infeasible   34       112.54050  108.78469  3.34%   329 1122s
 88918 35992  109.34341   22  152  112.54050  108.80285  3.32%   329 1133s
 89801 36405  110.26034   28   78  112.54050  108.81385  3.31%   329 1149s
 91086 36802  109.21253   33  134  112.54050  108.81885  3.31%   329 1166s
 92431 37263  108.93570   30  148  112.54050  108.81885  3.31%   329 1180s
 93610 37749  108.81885   22  149  112.54050  108.81885  3.31%   329 1197s
 94901 38339  112.17885   36   60  112.54050  108.81885  3.31%   328 1213s
 96392 38912  109.05623   27  339  112.54050  108.81885  3.31%   328 1229s
 97967 39328 infeasible   26       112.54050  108.81885  3.31%   327 1243s
 99073 39684  110.89552   25   97  112.54050  108.81885  3.31%   326 1258s
 100189 40090 infeasible   28       112.54050  108.81885  3.31%   326 1273s
 101277 40629  110.00430   29   84  112.54050  108.81885  3.31%   326 1290s
 102484 41096     cutoff   31       112.54050  108.81885  3.31%   326 1306s
 103682 41515  109.49885   28   74  112.54050  108.81885  3.31%   326 1322s
 104829 42061  110.17885   39   37  112.54050  108.81885  3.31%   326 1339s
 106109 42463  109.19083   26   91  112.54050  108.81885  3.31%   326 1353s
 107086 42889  110.75385   45   31  112.54050  108.81885  3.31%   326 1367s
 108091 43198  109.49885   23  141  112.54050  108.81885  3.31%   327 1382s
 109004 43701  109.90885   30  134  112.54050  108.81885  3.31%   327 1397s
 110181 44092  109.93776   28  115  112.54050  108.81885  3.31%   327 1410s
 111183 44452  109.81885   30  121  112.54050  108.81885  3.31%   328 1423s
 112093 44912     cutoff   34       112.54050  108.81885  3.31%   328 1437s
 113174 45416     cutoff   33       112.54050  108.81885  3.31%   328 1451s
 114412 45716  109.60229   31  116  112.54050  108.82753  3.30%   327 1465s
 115366 46028  111.56746   36  114  112.54050  108.83323  3.29%   327 1478s
 116264 46381  109.91491   28  139  112.54050  108.83708  3.29%   327 1491s
 117241 46657  111.89519   34   85  112.54050  108.84400  3.28%   327 1503s
 118217 46904  110.30799   27   84  112.54050  108.85050  3.28%   327 1517s
 119047 47230  110.07775   21  114  112.54050  108.85552  3.27%   327 1531s
 120182 47507 infeasible   29       112.54050  108.86155  3.27%   327 1545s
 121148 47938  112.18168   19  207  112.54050  108.86752  3.26%   327 1560s
 122239 48212  109.18152   25  168  112.54050  108.87632  3.26%   327 1571s
 123011 48530  110.14483   27  168  112.54050  108.88197  3.25%   327 1584s
 124193 48779  109.92765   24   89  112.54050  108.88639  3.25%   326 1597s
 124983 49238  110.92385   39   55  112.54050  108.89337  3.24%   326 1613s
 126036 49525  110.19663   28   82  112.54050  108.89723  3.24%   326 1625s
 126937 49823  111.16298   39  106  112.54050  108.90432  3.23%   326 1637s
 127780 50171  109.81885   24  111  112.54050  108.91218  3.22%   326 1649s
 128719 50479  110.41385   33   66  112.54050  108.91806  3.22%   326 1661s
 129607 50702  109.90318   38  169  112.54050  108.92284  3.21%   326 1671s
 130238 51079  110.76819   38   60  112.54050  108.92811  3.21%   326 1686s
 131195 51371  110.26385   21   77  112.54050  108.93529  3.20%   326 1698s
 132118 51816  110.02166   31  108  112.54050  108.94171  3.20%   326 1716s
 133348 52167  109.81885   26   91  112.54050  108.94571  3.19%   325 1729s
 134320 52479  111.58385   28   96  112.54050  108.94839  3.19%   325 1743s
 135146 52791  110.30494   28  117  112.54050  108.95385  3.19%   325 1755s
 136022 53104  111.00885   41   26  112.54050  108.95806  3.18%   325 1770s
 137140 53426  109.07739   25  145  112.54050  108.96379  3.18%   325 1784s
 138069 53680  111.94385   34   47  112.54050  108.97124  3.17%   325 1801s
 138873 54020  110.45194   39  117  112.54050  108.97738  3.17%   325 1816s
 139954 54309  110.49885   40   81  112.54050  108.98293  3.16%   324 1835s
 141043 54583  111.40917   29   86  112.54050  108.98860  3.16%   324 1848s
 141944 54836  110.83885   19  101  112.54050  108.99112  3.15%   324 1859s
 142733 55169  110.93144   29   86  112.54050  108.99909  3.15%   324 1874s
 143818 55490  109.58407   24  321  112.54050  109.00678  3.14%   324 1887s
 144610 55834  111.83885   30   69  112.54050  109.01162  3.14%   324 1903s
 145679 56114  111.12616   19  138  112.54050  109.01979  3.13%   324 1918s
 146594 56494  110.74441   30   64  112.54050  109.02367  3.12%   324 1935s
 147732 56893  110.07385   33  101  112.54050  109.03318  3.12%   323 1950s
 148983 57261  109.61277   24  169  112.54050  109.04130  3.11%   323 1964s
 150070 57561  112.17885   43   95  112.54050  109.04829  3.10%   322 1976s
 150972 57830  110.26337   30  118  112.54050  109.05385  3.10%   322 1991s
 151827 58092  109.76207   22  127  112.54050  109.05962  3.09%   322 2004s
 152652 58444  109.91802   34  140  112.54050  109.06623  3.09%   322 2018s
 153666 58751  110.26507   29  113  112.54050  109.07377  3.08%   322 2032s
 154720 58904  109.19487   21  154  112.54050  109.07882  3.08%   321 2045s
 155296 59160  110.98270   26  108  112.54050  109.08309  3.07%   322 2058s
 156136 59317  110.76744   35  136  112.54050  109.08878  3.07%   322 2069s
 156749 59507  110.43063   23  126  112.54050  109.09620  3.06%   322 2086s
 157356 59720  110.70083   35   96  112.54050  109.10129  3.06%   322 2097s
 158141 60091  111.09167   20  105  112.54050  109.10919  3.05%   322 2114s
 159238 60340  110.26385   20  139  112.54050  109.11192  3.05%   322 2126s
 160084 60601  110.10114   33  193  112.54050  109.12059  3.04%   322 2140s
 161027 60891  110.21554   39  149  112.54050  109.12666  3.03%   322 2154s
 161858 61226  110.33927   28   87  112.54050  109.13431  3.03%   322 2171s
 162995 61498  110.23746   27  107  112.54050  109.13885  3.02%   321 2183s
 163644 61763  110.30461   29   97  112.54050  109.13885  3.02%   322 2197s
 164435 62207     cutoff   27       112.54050  109.14044  3.02%   322 2216s
 165472 62487  110.83885   52   32  112.54050  109.14688  3.02%   322 2232s
 166430 62772  110.25395   21   96  112.54050  109.15218  3.01%   322 2249s
 167325 63084  111.15373   31   68  112.54050  109.15634  3.01%   322 2268s
 168440 63390  111.59073   33  140  112.54050  109.15885  3.00%   322 2289s
 169409 63637  110.58679   26  110  112.54050  109.16044  3.00%   322 2311s
 170353 64019  109.95273   31  130  112.54050  109.16626  3.00%   322 2328s
 171411 64337  111.17885   38   57  112.54050  109.17429  2.99%   322 2344s
 171837 64337  110.32434   25   83  112.54050  109.17555  2.99%   322 2345s
 172469 64621  109.36046   32  122  112.54050  109.18266  2.98%   322 2360s
 173500 64873  110.69168   24   81  112.54050  109.18833  2.98%   322 2376s
 174420 65062  112.52268   31  237  112.54050  109.19776  2.97%   322 2389s
 175102 65525  112.03024   32   51  112.54050  109.20135  2.97%   322 2409s
 176405 65797  110.07847   27  157  112.54050  109.20919  2.96%   322 2426s
 177255 66110  110.08930   27   85  112.54050  109.21556  2.95%   322 2444s
 178209 66331  111.48554   33   99  112.54050  109.21932  2.95%   322 2464s
 178914 66783  110.41138   26  132  112.54050  109.22437  2.95%   322 2485s
 180428 67038  111.08247   28   95  112.54050  109.23083  2.94%   321 2499s
 181134 67446  111.02020   18  116  112.54050  109.23718  2.94%   321 2517s
 182403 67635  110.96378   32   70  112.54050  109.24303  2.93%   321 2537s
 183701 67884  110.27338   33   99  112.54050  109.24385  2.93%   321 2556s
 184766 68266  109.24385   24   96  112.54050  109.24385  2.93%   321 2575s
 186037 68528  111.18134   41   59  112.54050  109.24385  2.93%   321 2592s
 186876 68903  110.82247   45   90  112.54050  109.24446  2.93%   321 2610s
 187996 69241  112.14868   36   72  112.54050  109.25030  2.92%   321 2630s
 189116 69489  110.89188   32  127  112.54050  109.25715  2.92%   320 2647s
 190001 69727  111.03879   28   68  112.54050  109.26472  2.91%   320 2664s
 190463 69727  109.35251   26  192  112.54050  109.26623  2.91%   321 2665s
 190820 70057  110.23189   27   91  112.54050  109.26870  2.91%   321 2682s
 191815 70316  110.46417   29  135  112.54050  109.27608  2.90%   320 2699s
 192585 70533  111.94385   42   41  112.54050  109.28316  2.89%   320 2714s
 193313 70913  111.04613   21  118  112.54050  109.28846  2.89%   321 2738s
 194556 71153  109.75922   27  130  112.54050  109.29485  2.88%   320 2751s
 195219 71311  109.55767   23  146  112.54050  109.29969  2.88%   320 2771s
 195753 71538  112.46371   27   78  112.54050  109.30216  2.88%   320 2788s
 196601 71735  112.32015   32   80  112.54050  109.30885  2.87%   320 2802s
 197327 72061  110.09086   32   83  112.54050  109.31805  2.86%   320 2821s
 198272 72440  110.22794   31  106  112.54050  109.32085  2.86%   320 2840s
 199324 72744  110.07385   25   99  112.54050  109.32885  2.85%   320 2855s
 200184 73010  110.63808   27   93  112.54050  109.33301  2.85%   320 2875s
 201004 73242  110.83613   26  136  112.54050  109.33948  2.84%   320 2891s
 201935 73530  110.30387   24  115  112.54050  109.34685  2.84%   320 2910s
 203028 73780  110.02479   27  178  112.54050  109.35671  2.83%   319 2926s
 203896 74126  110.73126   30  103  112.54050  109.36177  2.82%   319 2945s
 204830 74357  110.45093   27  105  112.54050  109.37138  2.82%   319 2963s
 205840 74550  110.69310   26  249  112.54050  109.38027  2.81%   319 2979s
 206500 74870  110.51198   28   92  112.54050  109.38610  2.80%   319 2997s
 207587 75083 infeasible   32       112.54050  109.39307  2.80%   319 3015s
 208397 75288  110.74794   29   92  112.54050  109.39385  2.80%   319 3030s
 209025 75558  109.97763   32  132  112.54050  109.39385  2.80%   320 3053s
 210138 75885  110.01780   26  144  112.54050  109.39385  2.80%   320 3076s
 211242 76221  110.41385   34   57  112.54050  109.39907  2.79%   320 3102s
 212378 76623  109.75935   32   99  112.54050  109.40867  2.78%   320 3126s
 213653 77012  109.81885   25   62  112.54050  109.41385  2.78%   320 3150s
 215071 77246     cutoff   36       112.54050  109.42152  2.77%   320 3168s
 215997 77584  110.30888   23  104  112.54050  109.42918  2.76%   320 3187s
 217133 77870     cutoff   22       112.54050  109.43286  2.76%   320 3204s
 218052 78291  111.86336   54   72  112.54050  109.43829  2.76%   321 3229s
 219139 78291  111.69001   38  276  112.54050  109.44203  2.75%   320 3230s
 219528 78616  110.03185   26  165  112.54050  109.44543  2.75%   320 3249s
 220629 78820  112.13655   32  105  112.54050  109.45138  2.74%   320 3276s
 221517 79058  109.81885   26   96  112.54050  109.45820  2.74%   320 3298s
 222350 79269  111.70824   34  106  112.54050  109.46242  2.74%   320 3316s
 223231 79569  111.40335   24   87  112.54050  109.46906  2.73%   320 3339s
 224133 79860 infeasible   29       112.54050  109.47534  2.72%   320 3362s
 225136 80145  111.23214   27  103  112.54050  109.48087  2.72%   320 3383s
 226161 80444  110.34689   24  147  112.54050  109.48577  2.71%   319 3404s
 226306 80444  111.16142   26  113  112.54050  109.48643  2.71%   319 3405s
 227155 80756  110.35733   23  121  112.54050  109.49212  2.71%   319 3429s
 228381 80911  110.49885   35   85  112.54050  109.49835  2.70%   319 3448s
 229100 81201  110.49885   45   59  112.54050  109.49885  2.70%   320 3470s
 230264 81456  111.65218   31   65  112.54050  109.49885  2.70%   319 3504s
 230750 81456  111.89670   50   42  112.54050  109.49885  2.70%   319 3505s
 231528 81706  111.45300   33  103  112.54050  109.49885  2.70%   319 3528s
 232736 82024  110.40875   26   72  112.54050  109.49885  2.70%   319 3552s
 233923 82281  110.87304   36  117  112.54050  109.49885  2.70%   319 3573s
 234964 82525  111.17885   29   57  112.54050  109.49885  2.70%   319 3600s

Cutting planes:
  Learned: 485
  Gomory: 31
  Lift-and-project: 31
  Cover: 14442
  Implied bound: 4925
  Projected implied bound: 21
  Clique: 106
  MIR: 568
  StrongCG: 679
  Flow cover: 3039
  GUB cover: 5
  Inf proof: 416
  Zero half: 135
  RLT: 425
  Relax-and-lift: 476

Explored 235884 nodes (75323500 simplex iterations) in 3600.77 seconds (5769.85 work units)
Thread count was 8 (of 24 available processors)

Solution count 10: 112.54 112.54 112.54 ... 115.848

Time limit reached
Warning: max constraint violation (2.9814e-02) exceeds tolerance
Warning: max bound violation (2.9814e-02) exceeds tolerance
         (model may be infeasible or unbounded - try turning presolve off)
Best objective 1.125404998699e+02, best bound 1.094988500000e+02, gap 2.7027%
