
Gurobi 10.0.0 (win64) logging started Sat Jan 20 00:02:03 2024

Set parameter LogFile to value "C:/Users\Administrator\Documents\BNC_Repo\BNC_Tests\10_MIP_Results\Che_ht2_MHU\ht2_10_logfileChe21.txt"
Gurobi Optimizer version 10.0.0 build v10.0.0rc2 (win64)

CPU model: AMD EPYC 7513 32-Core Processor, instruction set [SSE2|AVX|AVX2]
Thread count: 24 physical cores, 24 logical processors, using up to 8 threads

Optimize a model with 162898 rows, 15501 columns and 886168 nonzeros
Model fingerprint: 0xed8c6b90
Variable types: 5301 continuous, 10200 integer (10200 binary)
Coefficient statistics:
  Matrix range     [3e-05, 2e+05]
  Objective range  [1e+00, 1e+00]
  Bounds range     [1e+00, 1e+00]
  RHS range        [1e+00, 2e+05]
Presolve removed 45625 rows and 5573 columns
Presolve time: 2.80s
Presolved: 117273 rows, 9928 columns, 677694 nonzeros
Variable types: 200 continuous, 9728 integer (9628 binary)
Found heuristic solution: objective 373.9183840
Root relaxation presolved: 9928 rows, 127201 columns, 687622 nonzeros


Root simplex log...

Iteration    Objective       Primal Inf.    Dual Inf.      Time
       0    1.0000000e+00   0.000000e+00   9.276307e+05      5s
   19477    7.9565557e+01   3.602916e+01   0.000000e+00     10s
   20302    7.9551048e+01   0.000000e+00   0.000000e+00     10s
   20302    7.9551048e+01   0.000000e+00   0.000000e+00     10s

Use crossover to convert LP symmetric solution to basic solution...

Root crossover log...

       3 DPushes remaining with DInf 0.0000000e+00                10s
       0 DPushes remaining with DInf 0.0000000e+00                10s

     919 PPushes remaining with PInf 0.0000000e+00                10s
       0 PPushes remaining with PInf 0.0000000e+00                10s

  Push phase complete: Pinf 0.0000000e+00, Dinf 2.3090557e-13     10s


Root simplex log...

Iteration    Objective       Primal Inf.    Dual Inf.      Time
   21227    7.9551048e+01   0.000000e+00   0.000000e+00     10s
   21227    7.9551048e+01   0.000000e+00   0.000000e+00     10s
   21227    7.9551048e+01   0.000000e+00   0.000000e+00     11s

Root relaxation: objective 7.955105e+01, 21227 iterations, 6.19 seconds (14.50 work units)

    Nodes    |    Current Node    |     Objective Bounds      |     Work
 Expl Unexpl |  Obj  Depth IntInf | Incumbent    BestBd   Gap | It/Node Time

     0     0   79.55105    0  498  373.91838   79.55105  78.7%     -   12s
H    0     0                     194.0727448   79.55105  59.0%     -   12s
     0     0   79.68273    0 1608  194.07274   79.68273  58.9%     -   38s
     0     0   79.99513    0 2280  194.07274   79.99513  58.8%     -   52s
     0     0   80.00444    0 1826  194.07274   80.00444  58.8%     -   54s
     0     0   80.13462    0 1831  194.07274   80.13462  58.7%     -   59s
     0     0   80.16827    0  870  194.07274   80.16827  58.7%     -   76s
H    0     0                     176.3642155   80.16827  54.5%     -   77s
     0     0   80.43410    0  855  176.36422   80.43410  54.4%     -   86s
H    0     0                     174.8024891   80.43410  54.0%     -   87s
     0     0   80.48048    0 1141  174.80249   80.48048  54.0%     -  104s
     0     0   80.54696    0 1142  174.80249   80.54696  53.9%     -  112s
H    0     0                     167.8303051   80.54696  52.0%     -  114s
     0     0   80.54891    0 1055  167.83031   80.54891  52.0%     -  117s
     0     0   80.54907    0 1087  167.83031   80.54907  52.0%     -  126s
H    0     0                     164.5124091   80.54907  51.0%     -  127s
     0     0   80.55095    0 1051  164.51241   80.55095  51.0%     -  130s
     0     0   80.55095    0 1050  164.51241   80.55095  51.0%     -  139s
H    0     0                     161.5756947   80.55095  50.1%     -  141s
     0     0   80.55232    0  998  161.57569   80.55232  50.1%     -  142s
     0     0   80.57043    0  990  161.57569   80.57043  50.1%     -  150s
     0     0   80.58845    0  958  161.57569   80.58845  50.1%     -  154s
     0     0   80.58883    0  979  161.57569   80.58883  50.1%     -  171s
H    0     0                     158.9479251   80.58883  49.3%     -  171s
     0     0   80.59696    0  676  158.94793   80.59696  49.3%     -  176s
     0     0   80.59696    0  660  158.94793   80.59696  49.3%     -  176s
     0     0   80.60054    0  608  158.94793   80.60054  49.3%     -  187s
H    0     0                     149.8593323   80.60054  46.2%     -  188s
H    0     0                     138.4590976   80.60054  41.8%     -  190s
     0     0   80.60253    0  611  138.45910   80.60253  41.8%     -  191s
     0     0   80.60253    0  611  138.45910   80.60253  41.8%     -  192s
     0     0   80.60285    0  636  138.45910   80.60285  41.8%     -  206s
H    0     0                     136.1408944   80.60285  40.8%     -  207s
     0     0   80.60285    0  582  136.14089   80.60285  40.8%     -  210s
     0     0   80.60285    0  553  136.14089   80.60285  40.8%     -  210s
     0     0   80.60298    0  578  136.14089   80.60298  40.8%     -  218s
H    0     0                     133.7088048   80.60298  39.7%     -  218s
     0     0   80.60301    0  603  133.70880   80.60301  39.7%     -  223s
     0     0   80.60301    0  603  133.70880   80.60301  39.7%     -  223s
     0     0   80.60370    0  594  133.70880   80.60370  39.7%     -  237s
H    0     0                     131.6381344   80.60370  38.8%     -  238s
     0     0   80.60377    0  537  131.63813   80.60377  38.8%     -  242s
     0     0   80.60384    0  597  131.63813   80.60384  38.8%     -  253s
     0     0   80.60385    0  542  131.63813   80.60385  38.8%     -  255s
     0     0   80.60385    0  589  131.63813   80.60385  38.8%     -  258s
     0     0   80.60385    0  276  131.63813   80.60385  38.8%     -  260s
H    0     0                     131.4881344   80.60385  38.7%     -  264s
H    0     0                     127.4529664   80.60385  36.8%     -  267s
H    0     0                     122.1045392   80.60385  34.0%     -  267s
H    0     2                     114.4947112   80.60385  29.6%     -  269s
     0     2   80.60385    0  212  114.49471   80.60385  29.6%     -  269s
     1     4   80.62049    1  274  114.49471   80.60522  29.6%  2873  271s
     3     8   80.87622    2  256  114.49471   80.62049  29.6%  3160  275s
    15    24   81.44928    4  373  114.49471   80.71417  29.5%  3069  283s
    23    32   81.51265    5  455  114.49471   80.71550  29.5%  3311  294s
H   31    40                     105.6068072   80.76706  23.5%  3362  296s
H   37    40                     101.4225712   80.77046  20.4%  3135  296s
    47    58   81.61309    7  287  101.42257   80.78482  20.3%  2742  302s
H   67    76                      92.7202219   80.85877  12.8%  2378  309s
H   68    76                      92.2649936   80.85877  12.4%  2358  309s
H   72    76                      90.8985232   80.85978  11.0%  2318  309s
    75    90   81.81008   10  260   90.89852   80.85978  11.0%  2286  312s
    89   107   81.85901   12  535   90.89852   80.91537  11.0%  2163  316s
H  106   116                      89.6948272   80.91537  9.79%  2049  322s
H  107   116                      88.9588112   80.91537  9.04%  2050  322s
H  109   116                      87.6988475   80.91537  7.73%  2063  323s
   115   129   81.85170   13  269   87.69885   80.91537  7.73%  2008  327s
   128   146   81.85277   14  269   87.69885   80.91537  7.73%  1963  330s
H  145   155                      86.2396019   80.91537  6.17%  1868  341s
H  148   155                      85.0389891   80.91537  4.85%  1848  341s
H  153   155                      84.9365728   80.91537  4.73%  1870  341s
   181   213   81.97573   21  245   84.93657   80.91537  4.73%  1676  346s
   251   292   82.54272   28  196   84.93657   80.91537  4.73%  1299  351s
   299   307   82.54272   35  191   84.93657   80.91537  4.73%  1120  360s
H  315   350                      84.9334864   80.91537  4.73%  1069  364s
H  332   350                      84.9247891   80.91537  4.72%  1023  364s
H  342   350                      84.9217027   80.91537  4.72%  1010  364s
   361   405   82.54272   40  220   84.92170   80.91537  4.72%   967  367s
   422   439     cutoff   43        84.92170   80.91537  4.72%   859  370s
   487   474   82.54272   47  207   84.92170   80.91537  4.72%   770  377s
   528   482   82.54272   49  203   84.92170   80.91537  4.72%   728  393s
H  529   481                      84.8229411   80.91537  4.61%   726  393s
   536   538   82.54272   50  228   84.82294   80.91537  4.61%   723  396s
   604   601   82.54272   58  234   84.82294   80.91537  4.61%   655  401s
   747   718   82.54272   74  254   84.82294   80.91537  4.61%   552  408s
   835   770   82.54272   80  283   84.82294   80.91551  4.61%   503  413s
   920   822   81.09642    7  434   84.82294   80.91551  4.61%   487  417s
   988   866   81.09642    8  380   84.82294   80.91551  4.61%   477  422s
  1036   931   81.09642    9  349   84.82294   80.91551  4.61%   471  426s
  1105   995   81.09642   11  353   84.82294   80.91551  4.61%   458  431s
  1183  1074   81.09642   12  352   84.82294   80.91551  4.61%   441  435s
  1276  1156   81.09642   14  306   84.82294   80.91551  4.61%   424  440s
  1400  1249   81.09642   17  269   84.82294   80.91551  4.61%   395  446s
  1525  1313   81.09642   22  279   84.82294   80.91551  4.61%   375  452s
  1638  1314   82.24150   45 1831   84.82294   80.91551  4.61%   359  478s
  1640  1315   81.00384   51  422   84.82294   80.91551  4.61%   359  497s
  1642  1317   81.65628  105  499   84.82294   80.91551  4.61%   358  520s
  1643  1317   81.51989   66  549   84.82294   80.91551  4.61%   358  525s
  1644  1318   81.40149   16  486   84.82294   80.91551  4.61%   358  549s
  1645  1319   81.89642   19  566   84.82294   80.91551  4.61%   358  551s
  1646  1319   82.52971   21  503   84.82294   80.91551  4.61%   358  572s
  1647  1320   80.92142   19  604   84.82294   80.91551  4.61%   357  579s
  1648  1321   82.14642   23  557   84.82294   80.92142  4.60%   357  621s
  1649  1321   81.51989   73  585   84.82294   80.92142  4.60%   357  634s
  1650  1322   82.24150   41  536   84.82294   80.93264  4.59%   357  655s
  1651  1323   81.89764   26  573   84.82294   80.94332  4.57%   357  669s
  1652  1323   81.51989   76  502   84.82294   80.95800  4.56%   356  696s
  1653  1324   82.65381   26  506   84.82294   80.96063  4.55%   356  704s
  1654  1325   81.51989   90  467   84.82294   80.96063  4.55%   356  725s
  1655  1325   82.54272   52  576   84.82294   80.96063  4.55%   356  733s
  1656  1326   82.22545   45  293   84.82294   80.96063  4.55%   355  746s
  1658  1329   81.74829   19 1831   84.82294   80.96063  4.55%   405  751s
  1660  1330   82.14642   34  689   84.82294   80.96063  4.55%   405  763s
  1661  1331   84.79642   54  710   84.82294   80.96063  4.55%   405  768s
  1662  1332   81.65628  101  714   84.82294   80.96063  4.55%   404  777s
  1663  1332   84.19642   24  807   84.82294   80.96063  4.55%   404  784s
  1664  1333   82.24150   49  821   84.82294   80.96063  4.55%   404  791s
  1665  1334   81.65628   56  770   84.82294   80.96063  4.55%   404  795s
  1667  1335   81.65628   90  717   84.82294   80.96063  4.55%   403  827s
  1668  1336   82.14224   18  812   84.82294   80.96063  4.55%   403  837s
  1669  1336   81.09642   16  750   84.82294   80.96063  4.55%   403  844s
  1670  1337   81.96411   21  671   84.82294   80.96063  4.55%   402  851s
H 1670  1269                      84.7581744   80.96063  4.48%   402  858s
H 1671  1207                      84.7149648   80.96063  4.43%   402  863s
H 1672  1146                      84.7112611   80.96063  4.43%   402  879s
H 1672  1089                      84.7020019   80.96063  4.42%   402  879s
  1674  1091   83.32142   16  648   84.70200   80.96063  4.42%   401  888s
  1675  1091   84.54577   48  730   84.70200   80.96063  4.42%   401  893s
  1676  1092   82.54272   24  758   84.70200   80.96063  4.42%   401  900s
  1677  1093   81.65628   37  671   84.70200   80.96063  4.42%   401  906s
  1678  1093   81.65628  101  698   84.70200   80.96063  4.42%   400  913s
  1679  1094   81.65628   66  682   84.70200   80.96063  4.42%   400  937s
  1680  1095   82.24150   81  691   84.70200   80.96063  4.42%   400  945s
  1681  1095   81.65628  116  690   84.70200   80.96063  4.42%   400  951s
  1682  1096   81.89764   19  841   84.70200   80.96063  4.42%   400  959s
  1683  1097   82.59675   26  875   84.70200   80.96063  4.42%   399  965s
  1684  1097   84.40142   30  886   84.70200   80.96063  4.42%   399  994s
H 1684  1041                      84.6994835   80.96063  4.41%   399 1004s
  1685  1042   83.41523   12  880   84.69948   80.96063  4.41%   399 1005s
  1686  1043   82.22545  141  850   84.69948   80.96063  4.41%   399 1017s
  1687  1043   81.56523   12  856   84.69948   80.96063  4.41%   398 1062s
  1688  1044   82.24150   83  905   84.69948   80.96063  4.41%   398 1079s
  1689  1045   82.22545  146  781   84.69948   80.96063  4.41%   398 1093s
  1690  1045   82.18705   32  781   84.69948   80.96063  4.41%   398 1099s
  1691  1049   80.96063   25  263   84.69948   80.96063  4.41%   479 1102s
  1693  1052   80.96063   26  264   84.69948   80.96063  4.41%   481 1105s
  1737  1088   81.76033   30  302   84.69948   80.96063  4.41%   510 1110s
  1804  1130   82.21452   33  220   84.69948   80.96063  4.41%   517 1124s
  1812  1144   81.67157   33  287   84.69948   80.96063  4.41%   517 1125s
  1890  1187   82.40664   37  295   84.69948   80.96063  4.41%   512 1132s
H 1898  1131                      84.6399152   80.96063  4.35%   513 1132s
  1948  1191   81.89054   41  260   84.63992   80.96063  4.35%   510 1135s
  2055  1229   82.04642   45  224   84.63992   80.96063  4.35%   497 1150s
H 2056  1178                      84.4840976   80.96063  4.17%   497 1150s
  2248  1353     cutoff   53        84.48410   80.96063  4.17%   461 1155s
  2552  1473   82.04642   69  222   84.48410   80.96063  4.17%   413 1160s
  2760  1601   82.84673   82  238   84.48410   80.96063  4.17%   392 1166s
  2919  1682   82.65074   90  232   84.48410   80.96063  4.17%   374 1170s
  3131  1771 infeasible  102        84.48410   80.96063  4.17%   356 1175s
* 3479  1575             312      84.2772528   80.96063  3.94%   328 1179s
  3486  1606   82.09025  120  231   84.27725   80.96063  3.94%   328 1181s
  3718  1655   81.60594   30  241   84.27725   80.96063  3.94%   315 1186s
  3914  1807   82.08837   37  440   84.27725   80.96063  3.94%   305 1191s
  4203  2010   83.32142   51  147   84.27725   80.96063  3.94%   289 1196s
  4681  2313 infeasible  117        84.27725   80.96063  3.94%   267 1202s
  4953  2776   82.09513   34  227   84.27725   80.96063  3.94%   258 1207s
  5531  3174   83.58745  115  136   84.27725   80.96063  3.94%   237 1214s
  6098  3660   80.96063   52  260   84.27725   80.96063  3.94%   223 1220s
  6698  4577   80.96063   81  287   84.27725   80.96063  3.94%   219 1229s
  7871  5137   82.94892   94  197   84.27725   80.96063  3.94%   201 1238s
  8725  6031   83.42224  128  185   84.27725   80.96063  3.94%   196 1249s
 10038  6770   83.42224  134  254   84.27725   80.96063  3.94%   180 1261s
 11001  7692     cutoff   89        84.27725   80.96063  3.94%   171 1272s
 12240  8437   83.42224  127  224   84.27725   80.96063  3.94%   164 1283s
 13312  9205   83.77224  240  144   84.27725   80.96063  3.94%   160 1296s
 14383 10492 infeasible  158        84.27725   80.96063  3.94%   155 1310s
 16021 10493   80.96063   63 1831   84.27725   80.96063  3.94%   148 1349s
 16023 10494   83.42224  164  858   84.27725   80.96063  3.94%   148 1363s
 16024 10495   84.19486  115  856   84.27725   80.96063  3.94%   148 1366s
 16025 10496   81.95642  111 1150   84.27725   80.96063  3.94%   148 1383s
 16026 10496   83.58745   75 1065   84.27725   80.96063  3.94%   148 1393s
 16027 10497   80.99024  110 1088   84.27725   80.96063  3.94%   148 1413s
 16028 10498   81.17637  146 1088   84.27725   80.96063  3.94%   148 1419s
 16029 10498   81.23870  104  969   84.27725   80.96063  3.94%   148 1447s
 16030 10499   83.77142  116  865   84.27725   80.96063  3.94%   148 1459s
 16031 10500   82.41142   83  911   84.27725   80.96063  3.94%   148 1490s
 16032 10500   80.96063   92  904   84.27725   80.96063  3.94%   148 1497s
H16032  9974                      84.2081824   80.96063  3.86%   148 1508s
 16033  9975   82.14642   48 1001   84.20818   80.96063  3.86%   148 1530s
 16034  9976   83.04379  120 1046   84.20818   80.96063  3.86%   148 1548s
 16035  9976   81.47112   76  926   84.20818   80.96063  3.86%   148 1593s
H16035  9477                      84.1846608   80.96063  3.83%   148 1613s
 16037  9479   84.17451  196  908   84.18466   80.96063  3.83%   148 1750s
 16038  9479   82.58901   95  871   84.18466   80.96063  3.83%   148 1765s
 16039  9480   81.03345   89  886   84.18466   80.96063  3.83%   148 1823s
 16040  9481   83.15291  118  939   84.18466   80.96063  3.83%   148 1845s
 16041  9481   84.18038  221 1018   84.18466   80.96063  3.83%   148 1919s
 16042  9482   80.96063   67  901   84.18466   80.96063  3.83%   148 1936s
 16043  9483   80.96246  150  895   84.18466   80.96063  3.83%   148 2012s
 16044  9483   80.96063   57  808   84.18466   80.96063  3.83%   147 2037s
 16045  9484   81.22944  127  845   84.18466   80.96063  3.83%   147 2193s
 16046  9485   80.96063   75  843   84.18466   80.96063  3.83%   147 2210s
 16047  9485   81.17637   94  841   84.18466   80.96063  3.83%   147 2284s
 16048  9486   82.28852   93  854   84.18466   80.96063  3.83%   147 2302s
 16049  9487   83.40689  168  808   84.18466   80.96063  3.83%   147 2391s
 16050  9487   81.09642   63  810   84.18466   80.96063  3.83%   147 2418s
 16051  9488   80.96063   86  608   84.18466   80.96063  3.83%   147 2438s
 16052  9489   80.97158   78  608   84.18466   80.96063  3.83%   147 2442s
 16055  9496   80.96063   38  340   84.18466   80.96063  3.83%   157 2446s
 16067  9508   81.08617   40  273   84.18466   80.96063  3.83%   158 2461s
 16083  9518   81.12691   41  372   84.18466   80.96063  3.83%   159 2476s
 16140  9557   81.47512   44  324   84.18466   80.96063  3.83%   161 2480s
 16265  9615   81.83142   51  291   84.18466   80.96063  3.83%   163 2487s
 16331  9667   81.83142   53  277   84.18466   80.96063  3.83%   164 2490s
 16431  9702   82.03559   55  252   84.18466   80.96063  3.83%   164 2502s
 16483  9743   82.32142   56  249   84.18466   80.96063  3.83%   164 2505s
 16637  9848   82.32142   64  204   84.18466   80.96063  3.83%   164 2511s
 16802  9982   83.07209   74  218   84.18466   80.96063  3.83%   164 2515s
 17008 10076   82.50892   83  220   84.18466   80.96063  3.83%   163 2520s
 17151 10177   82.32142   89  211   84.18466   80.96063  3.83%   163 2526s
 17332 10230   82.32142   97  228   84.18466   80.96063  3.83%   163 2531s
 17454 10288   82.32142  102  231   84.18466   80.96063  3.83%   164 2535s
 17655 10357   82.57049  113  194   84.18466   80.96063  3.83%   163 2541s
 17903 10437   82.57049  131  214   84.18466   80.96063  3.83%   163 2547s
 18115 10491   81.95024   42  243   84.18466   80.96063  3.83%   163 2552s
 18226 10531   83.46162   44  179   84.18466   80.96063  3.83%   163 2555s
 18485 10674   81.02981   50  328   84.18466   80.96063  3.83%   163 2562s
 18623 10778   81.92157   53  267   84.18466   80.96063  3.83%   163 2566s
 18773 10870   82.25937   55  223   84.18466   80.96063  3.83%   163 2570s
 19169 11105   83.32065   66  200   84.18466   80.96063  3.83%   161 2579s
 19426 11157   84.05812   75  242   84.18466   80.96063  3.83%   160 2583s
 19661 11197   84.05812   97  254   84.18466   80.96063  3.83%   159 2588s
 19833 11257   80.96063   52  364   84.18466   80.96063  3.83%   159 2592s
 19988 11415   81.04107   56  376   84.18466   80.96063  3.83%   160 2597s
 20212 11570   81.09642   59  285   84.18466   80.96063  3.83%   159 2602s
 20492 11664   81.09642   66  255   84.18466   80.96063  3.83%   159 2608s
 20755 11821   81.09642   79  261   84.18466   80.96063  3.83%   158 2615s
 21047 11944   81.39062   90  280   84.18466   80.96063  3.83%   157 2621s
 21323 12298 infeasible  111        84.18466   80.96063  3.83%   156 2628s
 21910 12382   80.96063   47  343   84.18466   80.96063  3.83%   154 2634s
 22311 12699   81.03094   54  289   84.18466   80.96063  3.83%   153 2640s
 22893 13067   80.96063   46  358   84.18466   80.96063  3.83%   152 2647s
 23564 13338   81.03094   57  308   84.18466   80.96063  3.83%   150 2654s
 24171 13774   81.06142   61  274   84.18466   80.96063  3.83%   149 2661s
 24892 13676   81.06142   51  292   84.18466   80.96063  3.83%   146 2672s
 25120 13678   81.06142   52  284   84.18466   80.96063  3.83%   146 2690s
 25208 14083   81.06142   53  283   84.18466   80.96063  3.83%   146 2697s
 25725 14513   81.31063  155  268   84.18466   80.96063  3.83%   145 2706s
 26495 14746   81.31063  197  269   84.18466   80.96063  3.83%   143 2712s
 27044 15204   80.99142   61  315   84.18466   80.96063  3.83%   144 2721s
 28011 15415 infeasible  181        84.18466   80.96063  3.83%   143 2729s
 28722 15472   81.19285   61  318   84.18466   80.96063  3.83%   142 2735s
 29218 15762   81.09965   57  385   84.18466   80.96063  3.83%   142 2743s
 29796 15873   81.12604   63  273   84.18466   80.96063  3.83%   142 2749s
 30167 16431   81.09642   60  302   84.18466   80.96063  3.83%   143 2759s
 31027 16919 infeasible  128        84.18466   80.96063  3.83%   142 2769s
 31949 17091   84.17142   95  133   84.18466   80.96063  3.83%   141 2778s
 32617 17687   81.44642   63  267   84.18466   80.96063  3.83%   141 2788s
 33542 17925   80.96063   56  374   84.18466   80.96063  3.83%   140 2807s
 34253 18205     cutoff   71        84.18466   80.96063  3.83%   140 2815s
 34873 18695   82.27684   74  208   84.18466   80.96063  3.83%   141 2825s
 35711 19226   82.03157   63  242   84.18466   80.96063  3.83%   141 2838s
 36828 19674     cutoff  113        84.18466   80.96063  3.83%   140 2850s
 37907 20136   80.98128   60  360   84.18466   80.96063  3.83%   139 2862s
 38910 20481   81.05213   67  315   84.18466   80.96063  3.83%   139 2872s
 39753 20855   80.96063   61  342   84.18466   80.96063  3.83%   139 2885s
 40587 21238   80.96063   64  386   84.18466   80.96063  3.83%   139 2895s
 41436 21744   80.98535   69  273   84.18466   80.96063  3.83%   139 2908s
 42597 21965   81.21905   69  277   84.18466   80.96063  3.83%   139 2918s
 43422 22249   81.69639   73  298   84.18466   80.96063  3.83%   139 2929s
 44220 23078   82.05962   65  249   84.18466   80.96063  3.83%   140 2941s
 45503 24126   83.42642   78  136   84.18466   80.96063  3.83%   139 2956s
 46841 24146   81.87884   69  228   84.18466   80.96063  3.83%   138 2973s
 46867 24762   81.87884   69  239   84.18466   80.96063  3.83%   139 2983s
 47736 25077 infeasible  198        84.18466   80.96063  3.83%   139 2992s
 48173 26173   81.19865   74  286   84.18466   80.96063  3.83%   140 3004s
 49483 26897   81.09642   74  296   84.18466   80.96063  3.83%   139 3015s
 50318 27526   80.96063   72  425   84.18466   80.96063  3.83%   140 3028s
 51100 28229   81.00847   78  307   84.18466   80.96063  3.83%   140 3040s
 51930 29154   81.06327   90  301   84.18466   80.96063  3.83%   141 3056s
 53115 29738   83.49642  136  156   84.18466   80.96063  3.83%   140 3069s
 53920 30230   83.80877   83  206   84.18466   80.96063  3.83%   141 3084s
 54697 30933   82.13142   94  293   84.18466   80.96063  3.83%   141 3098s
 55642 31938   80.96063   67  369   84.18466   80.96063  3.83%   142 3114s
 56894 33060 infeasible  238        84.18466   80.96063  3.83%   141 3130s
 58287 33786   82.76142   89  220   84.18466   80.96063  3.83%   140 3143s
 59103 34790   83.88163  249   80   84.18466   80.96063  3.83%   142 3159s
 60483 34981   84.04642  151  120   84.18466   80.96063  3.83%   142 3189s
H60564 34927                      84.1736147   80.96063  3.82%   142 3189s
 60756 37496   82.23135   92  206   84.17361   80.96063  3.82%   143 3237s
 64171 38204   81.09642   65  289   84.17361   80.96063  3.82%   143 3254s
 65131 38926   81.94642   73  243   84.17361   80.96063  3.82%   144 3268s
 66107 39766   80.98945   75  352   84.17361   80.96063  3.82%   145 3286s
 67182 40423   83.88626  139  120   84.17361   80.96063  3.82%   146 3300s
 68056 41870   82.13947   87  267   84.17361   80.96063  3.82%   146 3320s
 69758 42658   83.89609  122  150   84.17361   80.96063  3.82%   145 3339s
 70850 43799   83.86831  121  126   84.17361   80.96063  3.82%   145 3359s
 72326 43799   80.96063   54  399   84.17361   80.96063  3.82%   144 3360s
 72369 44608   80.97716   61  402   84.17361   80.96063  3.82%   144 3376s
 73488 45309   82.69832   76  276   84.17361   80.96063  3.82%   145 3399s
 74459 46296   83.53344   75  190   84.17361   80.96063  3.82%   145 3421s
 75696 47155   81.01646   54  374   84.17361   80.96063  3.82%   145 3440s
 76732 47805   81.35853   85  296   84.17361   80.96063  3.82%   146 3460s
 77613 49100   82.13637   61  200   84.17361   80.96063  3.82%   147 3488s
 79332 50355   80.96063   59  373   84.17361   80.96063  3.82%   146 3507s
 80868 51340   80.96063   60  364   84.17361   80.96063  3.82%   146 3526s
 82137 51996   80.96063   64  336   84.17361   80.96063  3.82%   145 3541s
 82978 53285   83.47171   68  315   84.17361   80.96063  3.82%   146 3560s
 84471 54716   81.48041   79  268   84.17361   80.96063  3.82%   145 3585s
 86308 55306 infeasible  125        84.17361   80.96063  3.82%   144 3600s

Cutting planes:
  Learned: 314
  Gomory: 39
  Lift-and-project: 16
  Cover: 978
  Implied bound: 536
  Projected implied bound: 2
  Clique: 44
  MIR: 414
  StrongCG: 99
  Flow cover: 1802
  GUB cover: 33
  Inf proof: 30
  Zero half: 33
  RLT: 372
  Relax-and-lift: 62

Explored 87172 nodes (12748065 simplex iterations) in 3600.89 seconds (4036.58 work units)
Thread count was 8 (of 24 available processors)

Solution count 10: 84.1736 84.1736 84.1847 ... 84.7113

Time limit reached
Best objective 8.417361472000e+01, best bound 8.096062592000e+01, gap 3.8171%
