
Gurobi 10.0.0 (win64) logging started Thu Jan 25 23:33:47 2024

Set parameter LogFile to value "C:/Users\Administrator\Documents\BNC_Repo\BNC_Tests\10_MIP_Results\n40m3\Instance_Class4_Parts40_Machines3_Instance3_logfileChe1021.txt"
Gurobi Optimizer version 10.0.0 build v10.0.0rc2 (win64)

CPU model: AMD EPYC 7513 32-Core Processor, instruction set [SSE2|AVX|AVX2]
Thread count: 24 physical cores, 24 logical processors, using up to 8 threads

Optimize a model with 129317 rows, 13321 columns and 676039 nonzeros
Model fingerprint: 0xc94a41cf
Variable types: 5121 continuous, 8200 integer (8200 binary)
Coefficient statistics:
  Matrix range     [4e-06, 4e+02]
  Objective range  [1e+00, 1e+00]
  Bounds range     [1e+00, 1e+00]
  RHS range        [1e+00, 6e+02]
Presolve removed 45868 rows and 5504 columns
Presolve time: 2.02s
Presolved: 83449 rows, 7817 columns, 489823 nonzeros
Variable types: 201 continuous, 7616 integer (7496 binary)
Found heuristic solution: objective 2586.9995600
Found heuristic solution: objective 356.6753600
Root relaxation presolved: 7817 rows, 91266 columns, 497640 nonzeros


Root simplex log...

Iteration    Objective       Primal Inf.    Dual Inf.      Time
    9594    1.2376698e+02   0.000000e+00   1.943371e+05      5s
   13712    1.2622271e+02   0.000000e+00   0.000000e+00      6s
   13712    1.2622271e+02   0.000000e+00   0.000000e+00      6s

Use crossover to convert LP symmetric solution to basic solution...

Root crossover log...

     130 DPushes remaining with DInf 0.0000000e+00                 6s
       0 DPushes remaining with DInf 0.0000000e+00                 6s

      70 PPushes remaining with PInf 0.0000000e+00                 6s
       0 PPushes remaining with PInf 0.0000000e+00                 6s

  Push phase complete: Pinf 0.0000000e+00, Dinf 3.3330977e-13      6s


Root simplex log...

Iteration    Objective       Primal Inf.    Dual Inf.      Time
   13911    1.2622271e+02   0.000000e+00   0.000000e+00      6s
   13911    1.2622271e+02   0.000000e+00   0.000000e+00      6s
   13911    1.2622271e+02   0.000000e+00   0.000000e+00      6s

Root relaxation: objective 1.262227e+02, 13911 iterations, 2.36 seconds (4.49 work units)
Total elapsed time = 11.23s

    Nodes    |    Current Node    |     Objective Bounds      |     Work
 Expl Unexpl |  Obj  Depth IntInf | Incumbent    BestBd   Gap | It/Node Time

     0     0  126.22271    0  131  356.67536  126.22271  64.6%     -   12s
H    0     0                     313.7005400  126.22271  59.8%     -   12s
     0     0  126.22271    0  196  313.70054  126.22271  59.8%     -   17s
H    0     0                     245.6605400  126.22271  48.6%     -   19s
     0     0  126.22271    0  629  245.66054  126.22271  48.6%     -   22s
     0     0  126.22271    0  316  245.66054  126.22271  48.6%     -   22s
     0     0  126.22271    0  197  245.66054  126.22271  48.6%     -   22s
     0     0  126.22271    0  156  245.66054  126.22271  48.6%     -   28s
H    0     0                     212.1005400  126.22271  40.5%     -   29s
H    0     0                     171.4366400  126.22271  26.4%     -   34s
     0     0  126.22271    0  414  171.43664  126.22271  26.4%     -   34s
     0     0  126.22271    0  290  171.43664  126.22271  26.4%     -   34s
H    0     0                     167.9714000  126.22271  24.9%     -   35s
     0     0  126.22271    0  243  167.97140  126.22271  24.9%     -   36s
     0     0  126.22271    0  239  167.97140  126.22271  24.9%     -   36s
     0     0  126.22271    0  343  167.97140  126.22271  24.9%     -   40s
H    0     0                     167.9607000  126.22271  24.8%     -   40s
     0     0  126.22271    0  251  167.96070  126.22271  24.8%     -   41s
     0     0  126.22271    0  122  167.96070  126.22271  24.8%     -   45s
     0     0  126.22271    0  273  167.96070  126.22271  24.8%     -   46s
     0     0  126.22271    0  138  167.96070  126.22271  24.8%     -   52s
H    0     0                     166.5075400  126.22271  24.2%     -   52s
     0     0  126.22271    0  268  166.50754  126.22271  24.2%     -   53s
     0     0  126.22271    0   99  166.50754  126.22271  24.2%     -   58s
     0     0  126.22271    0  157  166.50754  126.22271  24.2%     -   59s
     0     0  126.22271    0  117  166.50754  126.22271  24.2%     -   64s
     0     0  126.22271    0  117  166.50754  126.22271  24.2%     -   65s
H    0     0                     166.3880400  126.22271  24.1%     -   66s
H    0     0                     155.1403400  126.22271  18.6%     -   67s
H    0     0                     148.8329200  126.22271  15.2%     -   67s
     0     2  126.22271    0   87  148.83292  126.22271  15.2%     -   69s
     1     4  126.22271    1  226  148.83292  126.22271  15.2%  6810   70s
    15    22  126.74953    4  305  148.83292  126.22271  15.2%  1970   76s
H   31    36                     148.8242400  126.22271  15.2%  1867   79s
H   31    36                     146.7034600  126.22271  14.0%  1867   79s
H   33    36                     145.4736600  126.22271  13.2%  1789   79s
    39    42  126.74953    7  308  145.47366  126.22271  13.2%  1635   80s
    56    58  126.74953    9  295  145.47366  126.22271  13.2%  1253   85s
H   66    66                     143.5594400  126.22271  12.1%  1139   90s
H   67    66                     142.6464800  126.22271  11.5%  1132   90s
H   68    66                     141.3718200  126.22271  10.7%  1275   90s
    75    54  126.22271    0  197  141.37182  126.22271  10.7%  1201  102s
    77    55  126.22271    0  169  141.37182  126.22271  10.7%  1170  110s
    79    57  126.22271    0  204  141.37182  126.22271  10.7%  1141  116s
    80    57  126.22271    0  138  141.37182  126.22271  10.7%  1126  123s
    81    58  126.22271    0  293  141.37182  126.22271  10.7%  1112  130s
    82    59  126.22271    0  129  141.37182  126.22271  10.7%  1099  137s
H   82    55                     140.4813800  126.22271  10.1%  1099  144s
H   82    53                     140.3552200  126.22271  10.1%  1099  144s
H   82    50                     140.3205000  126.22271  10.0%  1099  144s
H   82    47                     139.9067600  126.22271  9.78%  1099  144s
    83    47  126.22271    0  242  139.90676  126.22271  9.78%  1086  145s
    84    48  126.22271    0  162  139.90676  126.22271  9.78%  1073  156s
    85    49  126.22271    0  256  139.90676  126.22271  9.78%  1060  165s
    86    49  126.22271    0  141  139.90676  126.22271  9.78%  1048  174s
    87    50  126.23616    0  226  139.90676  126.23616  9.77%  1036  182s
    88    51  126.24785    0  255  139.90676  126.24785  9.76%  1024  193s
    89    51  126.29341    0  330  139.90676  126.29341  9.73%  1012  204s
    90    52  126.30238    0  390  139.90676  126.30238  9.72%  1001  207s
    91    53  126.35522    0  300  139.90676  126.35522  9.69%   990  219s
    92    53  126.35523    0  435  139.90676  126.35523  9.69%   979  221s
H   92    50                     139.5591800  126.35569  9.46%   979  232s
H   92    47                     139.4810600  126.35569  9.41%   979  233s
    93    48  126.35569    0  396  139.48106  126.35569  9.41%   969  237s
H   94    47                     139.4050600  126.35643  9.36%   959  247s
    95    47  126.35643    0  361  139.40506  126.35643  9.36%   948  250s
H   95    44                     137.7621200  126.35643  8.28%   948  251s
H   95    41                     137.6232400  126.35644  8.19%   948  251s
    97    43  126.35646    0  408  137.62324  126.35646  8.19%   929  263s
    98    43  126.35649    0  356  137.62324  126.35649  8.19%   919  265s
    99    44  126.35681    0  399  137.62324  126.35681  8.19%   910  275s
   101    45  126.35721    0  434  137.62324  126.35721  8.19%   892  289s
   102    46  126.35721    0  358  137.62324  126.35721  8.19%   883  291s
   103    47  126.35733    0  410  137.62324  126.35733  8.19%   875  298s
   104    47  126.35747    0  361  137.62324  126.35747  8.19%   866  300s
   105    48  126.35747    0  370  137.62324  126.35747  8.19%   858  308s
   106    49  126.35748    0  383  137.62324  126.35748  8.19%   850  310s
   107    49  126.35748    0  408  137.62324  126.35748  8.19%   842  319s
   108    50  126.35748    0  369  137.62324  126.35748  8.19%   834  321s
   109    51  126.35748    0  403  137.62324  126.35748  8.19%   827  328s
   110    51  126.35749    0  346  137.62324  126.35749  8.19%   819  331s
   111    52  126.35749    0  374  137.62324  126.35749  8.19%   812  339s
   112    53  126.35749    0  373  137.62324  126.35749  8.19%   805  340s
   117    57  126.35749    0  117  137.62324  126.35749  8.19%  1480  350s
   120    59  126.35749    0  138  137.62324  126.35749  8.19%  1443  369s
   121    60  126.35749    0  193  137.62324  126.35749  8.19%  1431  376s
   123    61  126.35749    0  239  137.62324  126.35749  8.19%  1408  384s
H  123    57                     137.1568400  126.35749  7.87%  1408  397s
H  123    54                     136.8500800  126.35749  7.67%  1408  397s
H  123    51                     136.8327200  126.35749  7.66%  1408  397s
H  123    49                     136.4695400  126.35749  7.41%  1408  397s
   124    50  126.35749    0  192  136.46954  126.35749  7.41%  1396  402s
H  124    47                     136.3957600  126.35749  7.36%  1396  402s
H  124    44                     136.3172000  126.35749  7.31%  1396  410s
   127    46  126.35749    0  337  136.31720  126.35749  7.31%  1363  421s
H  128    45                     136.1539800  126.35749  7.20%  1353  432s
H  128    42                     135.9249600  126.35749  7.04%  1353  434s
H  128    40                     135.8069000  126.35749  6.96%  1353  434s
H  129    38                     135.4619200  126.35749  6.72%  1342  435s
H  130    37                     135.3838000  126.35750  6.67%  1332  447s
H  132    35                     135.2502000  126.35750  6.58%  1312  460s
H  133    34                     135.2328400  126.35750  6.56%  1302  465s
H  134    33                     135.2003400  126.35750  6.54%  1292  478s
H  134    31                     135.1178800  126.35750  6.48%  1292  478s
   135    31  126.35750    0  425  135.11788  126.35750  6.48%  1283  480s
H  135    29                     134.4378800  126.35750  6.01%  1283  492s
   136    30  126.35750    0  305  134.43788  126.35750  6.01%  1273  510s
   137    31  126.35750    0  259  134.43788  126.35750  6.01%  1264  524s
   138    31  126.35750    0  259  134.43788  126.35750  6.01%  1255  533s
   139    35  126.35750   25  272  134.43788  126.35750  6.01%  1788  535s
   151    45  126.35960   28  332  134.43788  126.35750  6.01%  1771  541s
H  167    54                     133.9387800  126.35866  5.66%  1769  543s
   191    70  126.63478   31  253  133.93878  126.35866  5.66%  1708  545s
H  209    80                     133.6906600  126.35866  5.48%  1628  549s
H  213    77                     133.2525600  126.35866  5.17%  1604  549s
   217    79     cutoff   32       133.25256  126.35866  5.17%  1580  550s
H  244    97                     133.1397200  126.35866  5.09%  1508  555s
H  280   132                     133.1357800  126.35866  5.09%  1413  563s
H  281   132                     133.1223600  126.35866  5.08%  1411  563s
   302   160  132.39638   39  161  133.12236  126.35866  5.08%  1352  566s
   318   168  132.52926   40  131  133.12236  126.35866  5.08%  1312  570s
   372   229  132.46378   43  134  133.12236  126.35866  5.08%  1193  575s
   463   323  132.48843   45  168  133.12236  126.35866  5.08%  1033  580s
   603   455 infeasible   50       133.12236  126.35873  5.08%   864  585s
   652   478  126.97966   30  195  133.12236  126.35873  5.08%   832  593s
H  671   478                     132.8109200  126.35873  4.86%   816  593s
   679   518  127.14682   31  218  132.81092  126.35873  4.86%   811  600s
H  682   518                     132.8098800  126.35873  4.86%   813  600s
   799   582  127.59694   35  217  132.80988  126.35873  4.86%   732  606s
H  803   582                     132.7925200  126.35873  4.84%   730  606s
   956   790  131.38871   41  155  132.79252  126.35873  4.84%   659  611s
  1213   945     cutoff   52       132.79252  126.36133  4.84%   569  619s
  1276  1006  126.36133   31  230  132.79252  126.36133  4.84%   549  621s
  1440  1140  126.60459   42  265  132.79252  126.36133  4.84%   521  625s
  1617  1256  127.51064   68  204  132.79252  126.36133  4.84%   496  632s
  1756  1435  130.35957   86  181  132.79252  126.36133  4.84%   479  636s
  1873  1476     cutoff  102       132.79252  126.36133  4.84%   467  640s
  2064  1684  128.41853   36  219  132.79252  126.36133  4.84%   449  646s
  2203  1761  128.53979   41  194  132.79252  126.36133  4.84%   439  650s
  2361  1920  131.66960   53  108  132.79252  126.36133  4.84%   433  657s
  2500  2114     cutoff   63       132.79252  126.36154  4.84%   428  661s
  2792  2240  126.80078   35  256  132.79252  126.36154  4.84%   407  667s
H 2796  2240                     132.7925200  126.36154  4.84%   407  667s
  2925  2512  126.81610   40  206  132.79252  126.36154  4.84%   398  671s
  3459  2869  126.36211   40  243  132.79252  126.36160  4.84%   381  679s
  3725  3143  126.41469   45  217  132.79252  126.36160  4.84%   378  686s
  4047  3259  129.18763   54  159  132.79252  126.36160  4.84%   369  691s
  4234  3537  126.42838   42  197  132.79252  126.36164  4.84%   367  696s
  4587  3931 infeasible   53       132.79252  126.36211  4.84%   357  704s
  5143  4230  126.94443   46  173  132.79252  126.36211  4.84%   346  710s
  5576  4460  126.37412   38  237  132.79252  126.36211  4.84%   339  718s
  5877  4774  127.66175   60  187  132.79252  126.36211  4.84%   338  727s
  6305  5201  126.36326   41  278  132.79252  126.36211  4.84%   332  737s
  6920  5456  126.99500   58  197  132.79252  126.36253  4.84%   326  745s
  7209  5822  126.36314   41  199  132.79252  126.36255  4.84%   323  756s
  7689  6119  128.74146   45  172  132.79252  126.36303  4.84%   326  764s
  8120  6424  126.37643   42  309  132.79252  126.36307  4.84%   333  774s
  8566  6884  126.43008   46  219  132.79252  126.36308  4.84%   336  786s
  9199  7506  126.87414   42  200  132.79252  126.36311  4.84%   341  799s
  9960  7968     cutoff  136       132.79252  126.36311  4.84%   337  812s
 10631  8650  126.95896   44  216  132.79252  126.36329  4.84%   338  827s
 11475  9296  131.58705  169  107  132.79252  126.36337  4.84%   332  840s
 12375  9820  128.17663   78  134  132.79252  126.36367  4.84%   329  855s
 13055 10485  127.19260   52  253  132.79252  126.36401  4.84%   328  873s
 13914 11024  128.90929   79  180  132.79252  126.36404  4.84%   325  893s
 14664 11025  127.57055   70  197  132.79252  126.36433  4.84%   322  989s
 14666 11026  127.89867   81  158  132.79252  126.36433  4.84%   322  998s
 14668 11028  132.32999   48  221  132.79252  126.36433  4.84%   322 1003s
 14669 11028  126.39102   43  279  132.79252  126.36433  4.84%   322 1014s
 14670 11029  130.12837   99  301  132.79252  126.36433  4.84%   322 1021s
 14672 11030  130.47654   48  362  132.79252  126.36433  4.84%   322 1032s
 14674 11032  127.57637   30  365  132.79252  126.36433  4.84%   322 1046s
 14676 11033  126.84649   48  354  132.79252  126.36433  4.84%   322 1058s
 14677 11034  127.37797   81  374  132.79252  126.36433  4.84%   322 1060s
 14678 11034  129.59883  110  422  132.79252  126.36433  4.84%   322 1078s
 14679 11035  128.31315   68  377  132.79252  126.36433  4.84%   322 1080s
 14680 11036  130.11031   96  481  132.79252  126.36433  4.84%   322 1097s
 14682 11037  129.87897   83  434  132.79252  126.36433  4.84%   322 1110s
 14684 11038  129.24678   79  454  132.79252  126.36433  4.84%   322 1126s
 14686 11040  127.03043   41  395  132.79252  126.36433  4.84%   322 1135s
 14687 11040  127.19507   58  395  132.79252  126.36433  4.84%   322 1141s
 14690 11045  126.36433   35  324  132.79252  126.36433  4.84%   326 1145s
 14716 11061  126.40738   38  165  132.79252  126.36433  4.84%   328 1150s
 14752 11081  127.01128   40  234  132.79252  126.36433  4.84%   330 1156s
 14790 11105  126.56269   42  228  132.79252  126.36433  4.84%   333 1162s
 14829 11130  126.36444   45  337  132.79252  126.36433  4.84%   334 1167s
 14867 11151  126.36587   46  347  132.79252  126.36433  4.84%   335 1171s
 14882 11152  127.24473   46  178  132.79252  126.36433  4.84%   335 1175s
 14937 11200  126.46240   48  338  132.79252  126.36433  4.84%   336 1180s
 14970 11197  126.36706   49  226  132.79252  126.36433  4.84%   337 1187s
 15061 11279  126.52506   52  265  132.79252  126.36433  4.84%   337 1195s
 15218 11328  126.89164   56  154  132.79252  126.36433  4.84%   337 1204s
 15227 11365  126.38349   56  194  132.79252  126.36433  4.84%   338 1205s
 15386 11439  126.41056   63  178  132.79252  126.36433  4.84%   339 1211s
 15488 11493  127.07758   65  208  132.79252  126.36433  4.84%   339 1215s
 15688 11567  126.84234   72  197  132.79252  126.36433  4.84%   341 1223s
 15745 11590  126.62402   75  199  132.79252  126.36433  4.84%   341 1225s
 15887 11632  126.80273   83  198  132.79252  126.36433  4.84%   342 1230s
 16008 11684  126.98403   88  208  132.79252  126.36433  4.84%   343 1235s
 16066 11697  127.31193   92  213  132.79252  126.36433  4.84%   344 1243s
 16110 11738  128.07897   92  177  132.79252  126.36433  4.84%   344 1245s
 16186 11800  127.40944   97  171  132.79252  126.36433  4.84%   345 1256s
 16279 11837  127.78343  105  159  132.79252  126.36433  4.84%   345 1260s
 16485 11967  129.36005  118  169  132.79252  126.36433  4.84%   347 1267s
 16614 12024  130.98654  127  148  132.79252  126.36433  4.84%   347 1271s
 16756 12085  131.59293  138  126  132.79252  126.36433  4.84%   348 1276s
 16900 12141  126.36580   45  264  132.79252  126.36433  4.84%   349 1281s
 17042 12247  126.36705   47  287  132.79252  126.36433  4.84%   349 1286s
 17235 12237  126.38557   53  346  132.79252  126.36433  4.84%   349 1291s
 17321 12366  126.38640   56  201  132.79252  126.36433  4.84%   351 1296s
 17507 12509  126.39340   61  229  132.79252  126.36433  4.84%   352 1303s
 17786 12474  127.45885   74  206  132.79252  126.36433  4.84%   351 1311s
 17891 12652  126.91136   82  163  132.79252  126.36433  4.84%   351 1316s
 18142 12749  127.96454   96  192  132.79252  126.36433  4.84%   351 1323s
 18404 12824  131.83358  119  184  132.79252  126.36691  4.84%   352 1329s
 18640 12968  126.37266   47  285  132.79252  126.36691  4.84%   351 1334s
 18951 13280  130.10817   84  129  132.79252  126.36696  4.84%   352 1341s
 19494 13316  127.71081   55  167  132.79252  126.36715  4.84%   350 1348s
 19790 13558  126.58141   52  228  132.79252  126.36845  4.84%   350 1358s
 20283 13590  126.36869   52  304  132.79252  126.36859  4.84%   349 1367s
 20504 14099  126.59926   59  200  132.79252  126.36859  4.84%   350 1377s
 21323 14198 infeasible  122       132.79252  126.36861  4.84%   347 1388s
 21834 14432  127.98038   53  217  132.79252  126.36884  4.84%   345 1398s
 22366 14385  129.60683  102  112  132.79252  126.36892  4.84%   345 1409s
 22554 15056  127.52201   72  173  132.79252  126.36895  4.84%   345 1421s
 23658 15176  129.18325   76  148  132.79252  126.37089  4.84%   342 1434s
 24407 15458  127.83872   67  281  132.79252  126.37223  4.83%   343 1446s
 25142 15822  126.41436   53  243  132.79252  126.37284  4.83%   343 1458s
 25893 16223  128.55340   70  284  132.79252  126.37330  4.83%   343 1472s
 26750 16373  127.00511   53  270  132.79252  126.37330  4.83%   341 1484s
 27239 16210  128.40580   71  202  132.79252  126.37330  4.83%   342 1485s
 27280 16933  130.27378  114  162  132.79252  126.37330  4.83%   342 1499s
 28231 16999  126.98301   59  115  132.79252  126.37377  4.83%   343 1516s
 28688 17612  126.38751   57  246  132.79252  126.37479  4.83%   343 1531s
 29692 18043  131.58774   81  125  132.79252  126.37643  4.83%   343 1548s
 30721 18033  128.69367   88  148  132.79252  126.37785  4.83%   343 1563s
 31118 18719  129.19562  103  151  132.79252  126.37794  4.83%   343 1580s
 32161 19428  126.91452   59  250  132.79252  126.37837  4.83%   342 1602s
 33480 19903  128.37446   59  190  132.79252  126.37931  4.83%   339 1620s
 34739 20159  131.47554   83   97  132.79252  126.38056  4.83%   339 1640s
 35583 20747  128.97477   79  152  132.79252  126.38056  4.83%   338 1661s
 36711 20988  126.62231   83  209  132.79252  126.38112  4.83%   337 1683s
 37507 21484  129.34477   69  131  132.79252  126.38150  4.83%   335 1705s
 38550 22279  126.40048   57  327  132.79252  126.38229  4.83%   334 1726s
 40031 23016  127.40023   82  136  132.79252  126.38309  4.83%   334 1750s
 41670 23349  128.07726   64  190  132.79252  126.38335  4.83%   331 1772s
H42209 21543                     131.8383600  126.38375  4.14%   330 1772s
 42904 21883  127.53526   73  133  131.83836  126.38448  4.14%   330 1794s
 43810 22484  126.47978   58  186  131.83836  126.38498  4.14%   330 1818s
 44999 22986  126.50563   57  307  131.83836  126.38501  4.14%   329 1843s
 46141 23560  126.74907   92  142  131.83836  126.38640  4.14%   329 1864s
 47396 23916  127.83652   77  177  131.83836  126.38695  4.13%   329 1883s
H47786 23916                     131.8383600  126.38703  4.13%   328 1883s
 47932 24803  126.99804   64  200  131.83836  126.38714  4.13%   329 1906s
 49136 25198  129.61225   83  146  131.83836  126.38762  4.13%   331 1929s
 49687 26343  130.99498  110  128  131.83836  126.38765  4.13%   330 1953s
 51143 27564  126.97306   63  221  131.83836  126.38919  4.13%   330 1981s
 52699 28498     cutoff  111       131.83836  126.38960  4.13%   329 2006s
 53950 29471  129.68245  118  111  131.83836  126.39048  4.13%   328 2026s
 55309 30327  126.58175   69  279  131.83836  126.39177  4.13%   328 2049s
 56428 31120  126.48405   60  323  131.83836  126.39247  4.13%   328 2070s
 57556 31799  131.36637  121  177  131.83836  126.39286  4.13%   328 2090s
 58488 32681  127.02169   77  232  131.83836  126.39397  4.13%   329 2115s
 59679 32682  128.49930   69  197  131.83836  126.39518  4.13%   328 2162s
 59681 32683  126.52770   61  157  131.83836  126.39518  4.13%   328 2170s
 59683 32685  130.69663  118  191  131.83836  126.39518  4.13%   328 2176s
 59684 32685  126.47313   65  153  131.83836  126.39518  4.13%   328 2182s
 59685 32686  126.49464   64  311  131.83836  126.39518  4.13%   328 2188s
 59687 32687  128.67564   63  381  131.83836  126.39518  4.13%   328 2199s
 59688 32688  128.71493  107  409  131.83836  126.39518  4.13%   328 2200s
 59689 32689  129.04207   77  473  131.83836  126.39518  4.13%   328 2207s
 59691 32690  130.06078   75  394  131.83836  126.39518  4.13%   328 2214s
 59692 32691  130.11254   97  401  131.83836  126.39518  4.13%   328 2216s
 59693 32691  127.21439   76  370  131.83836  126.39518  4.13%   328 2227s
 59695 32693  127.36376   74  407  131.83836  126.39518  4.13%   328 2239s
 59696 32693  126.42720   59  344  131.83836  126.39518  4.13%   328 2240s
 59697 32694  127.77587   79  361  131.83836  126.39518  4.13%   328 2252s
 59699 32695  126.80638   62  385  131.83836  126.39518  4.13%   328 2265s
 59701 32697  126.56611   67  353  131.83836  126.39518  4.13%   328 2271s
 59703 32698  126.68493   63  288  131.83836  126.39518  4.13%   328 2282s
 59704 32699  128.14504   86  288  131.83836  126.39518  4.13%   328 2286s
 59711 32712  126.39518   45  257  131.83836  126.39518  4.13%   329 2291s
 59743 32734  130.47654   47  234  131.83836  126.39518  4.13%   330 2295s
 59779 32758  126.40738   49  176  131.83836  126.39518  4.13%   330 2300s
 59809 32776  126.39518   51  156  131.83836  126.39518  4.13%   331 2307s
 59845 32803 infeasible   52       131.83836  126.39518  4.13%   331 2313s
 59898 32833  126.39518   55  294  131.83836  126.39518  4.13%   331 2320s
 59983 32907  129.39814   57  169  131.83836  126.39518  4.13%   331 2328s
 60072 32980  128.57730   60  142  131.83836  126.39518  4.13%   332 2331s
 60184 33035  128.57730   65  144  131.83836  126.39518  4.13%   332 2335s
 60283 33060  128.57730   68  170  131.83836  126.39518  4.13%   332 2340s
 60372 33105  130.11826   71  176  131.83836  126.39518  4.13%   333 2352s
 60544 33108  128.72402   77  200  131.83836  126.39518  4.13%   333 2356s
 60665 33201  128.62837   85  210  131.83836  126.39518  4.13%   334 2362s
 60762 33271  129.49462   94  202  131.83836  126.39518  4.13%   334 2365s
 60937 33349  129.30692  110  165  131.83836  126.39518  4.13%   334 2371s
 61032 33367  129.98289  121  136  131.83836  126.39518  4.13%   334 2381s
 61102 33364  130.47728  130  133  131.83836  126.39518  4.13%   334 2389s
 61122 33441  130.53049  130  165  131.83836  126.39518  4.13%   334 2394s
 61268 33462 infeasible  148       131.83836  126.39518  4.13%   334 2398s
 61380 33512  127.25635   48  163  131.83836  126.39518  4.13%   335 2403s
 61511 33571  127.97466   58  166  131.83836  126.39518  4.13%   335 2407s
 61636 33635  130.05194   74  163  131.83836  126.39518  4.13%   335 2417s
 61812 33662  126.89701   59  151  131.83836  126.39518  4.13%   336 2422s
 61918 33763  127.47157   63  146  131.83836  126.39518  4.13%   336 2427s
 62082 33826  130.48775   73  131  131.83836  126.39518  4.13%   337 2438s
 62272 33933  131.06663   89  121  131.83836  126.39518  4.13%   337 2444s
 62476 34088  126.89701   54  179  131.83836  126.39518  4.13%   338 2450s
 62726 34141  126.89701   62  152  131.83836  126.39518  4.13%   338 2458s
 62931 34266  128.77013   76  194  131.83836  126.39518  4.13%   338 2465s
 63182 34352  126.39518   55  291  131.83836  126.39518  4.13%   339 2480s
 63391 34499  127.04958   76  198  131.83836  126.39518  4.13%   339 2488s
 63668 34633  126.49338   66  173  131.83836  126.39518  4.13%   340 2499s
 63962 34664  128.65612   92  135  131.83836  126.39518  4.13%   340 2508s
 64113 34797  126.39518   62  292  131.83836  126.39518  4.13%   341 2515s
 64350 35017  126.50290   78  221  131.83836  126.39518  4.13%   341 2524s
 64740 35097  129.04163  129  171  131.83836  126.39518  4.13%   341 2533s
 65017 35201  126.55734   67  246  131.83836  126.39518  4.13%   342 2548s
 65286 35442  126.61969   68  230  131.83836  126.39518  4.13%   342 2559s
 65460 35384 infeasible   89       131.83836  126.39518  4.13%   342 2560s
 65688 35567  126.60679   60  225  131.83836  126.39518  4.13%   342 2570s
 66052 35576  128.11088   77  157  131.83836  126.39518  4.13%   343 2583s
 66255 35760  128.10860   80  154  131.83836  126.39518  4.13%   344 2596s
 66611 36038  130.90706   90  159  131.83836  126.39518  4.13%   344 2612s
 67180 36188  126.39518   55  386  131.83836  126.39518  4.13%   345 2628s
 67602 36305  127.33735   67  204  131.83836  126.39518  4.13%   345 2646s
 67928 36684  128.11701   95  211  131.83836  126.39518  4.13%   346 2661s
 68541 36868  127.20289   96  199  131.83836  126.39518  4.13%   347 2678s
 69156 36929  128.08037   64  160  131.83836  126.39518  4.13%   347 2696s
 69582 37132  126.47767   67  184  131.83836  126.39518  4.13%   349 2711s
 70066 37406  128.50252   77  174  131.83836  126.39518  4.13%   350 2729s
 70633 37937  127.43522   89  159  131.83836  126.39518  4.13%   351 2753s
 71610 38050  128.84753  103  124  131.83836  126.39518  4.13%   351 2771s
 72183 38495  128.20951   71  189  131.83836  126.39518  4.13%   352 2789s
 73033 38869  126.49739   63  235  131.83836  126.39518  4.13%   353 2812s
 73940 39088  128.33019   65  194  131.83836  126.39518  4.13%   354 2833s
 74699 39382  126.43966   67  276  131.83836  126.39518  4.13%   356 2857s
 75385 40148  126.45912   64  297  131.83836  126.39518  4.13%   357 2890s
 76723 40311  130.62973  125  144  131.83836  126.39518  4.13%   357 2910s
 77516 40733  127.21992   67  318  131.83836  126.39518  4.13%   357 2930s
 78554 41188  126.42762   56  278  131.83836  126.39518  4.13%   359 2951s
 79596 41923  126.56731   67  235  131.83836  126.39518  4.13%   359 2978s
 81043 42068  128.71665   76  172  131.83836  126.39518  4.13%   359 3002s
 81853 42577  126.49548   77  333  131.83836  126.39518  4.13%   359 3031s
 82965 42905  126.45693   76  251  131.83836  126.39518  4.13%   361 3064s
 83927 43408  130.96133   79  161  131.83836  126.39738  4.13%   362 3092s
 85023 43813  127.25152   75  278  131.83836  126.39817  4.13%   362 3121s
 86014 44273  128.22465   83  180  131.83836  126.40041  4.12%   363 3153s
 87154 44562  126.82020   68  210  131.83836  126.40135  4.12%   364 3184s
 88012 44973  126.80167   69  252  131.83836  126.40393  4.12%   365 3212s
 88968 45260  126.69281   64  275  131.83836  126.40548  4.12%   366 3240s
 89822 45610  126.61480   71  307  131.83836  126.40651  4.12%   367 3268s
 90684 45910  127.14782   63  213  131.83836  126.40678  4.12%   368 3305s
 91608 46325  128.27258   69  198  131.83836  126.40738  4.12%   371 3343s
 92567 46747  129.33580   79  194  131.83836  126.40738  4.12%   373 3383s
 93563 47448  126.55948   53  333  131.83836  126.40738  4.12%   376 3428s
 95027 47568  129.28725   93  195  131.83836  126.40811  4.12%   378 3469s
 95844 48700  129.79254   80  128  131.83836  126.40894  4.12%   379 3514s
 97823 48923  129.84916  117  107  131.83836  126.41374  4.11%   381 3558s
 99173 49334  127.52943   74  216  131.83836  126.41621  4.11%   382 3596s
 100435 48978  127.27625   83  135  131.83836  126.41729  4.11%   383 3600s

Cutting planes:
  Learned: 357
  Gomory: 84
  Lift-and-project: 96
  Cover: 4191
  Implied bound: 2238
  Projected implied bound: 75
  Clique: 235
  MIR: 332
  StrongCG: 211
  Flow cover: 3148
  GUB cover: 3
  Inf proof: 37
  Zero half: 704
  Network: 1
  RLT: 166
  Relax-and-lift: 311

Explored 100518 nodes (38651596 simplex iterations) in 3600.26 seconds (5650.98 work units)
Thread count was 8 (of 24 available processors)

Solution count 10: 131.838 131.838 131.838 ... 133.14

Time limit reached
Warning: max constraint violation (1.5026e-03) exceeds tolerance
Warning: max bound violation (1.5026e-03) exceeds tolerance
         (model may be infeasible or unbounded - try turning presolve off)
Best objective 1.318383599867e+02, best bound 1.264172931963e+02, gap 4.1119%
