
Gurobi 10.0.0 (win64) logging started Wed Jan 24 04:12:22 2024

Set parameter LogFile to value "C:/Users\Administrator\Documents\BNC_Repo\BNC_Tests\10_MIP_Results\n40m3\Instance_Class1_Parts40_Machines3_Instance2_logfileChe21.txt"
Gurobi Optimizer version 10.0.0 build v10.0.0rc2 (win64)

CPU model: AMD EPYC 7513 32-Core Processor, instruction set [SSE2|AVX|AVX2]
Thread count: 24 physical cores, 24 logical processors, using up to 8 threads

Optimize a model with 129317 rows, 13321 columns and 688521 nonzeros
Model fingerprint: 0x59fa2ecd
Variable types: 5121 continuous, 8200 integer (8200 binary)
Coefficient statistics:
  Matrix range     [3e-06, 5e+02]
  Objective range  [1e+00, 1e+00]
  Bounds range     [1e+00, 1e+00]
  RHS range        [1e+00, 8e+02]
Presolve removed 23352 rows and 4967 columns
Presolve time: 2.67s
Presolved: 105965 rows, 8354 columns, 606324 nonzeros
Variable types: 201 continuous, 8153 integer (8033 binary)
Found heuristic solution: objective 630.7048000
Found heuristic solution: objective 361.1882400
Root relaxation presolved: 8354 rows, 114319 columns, 614678 nonzeros


Root simplex log...

Iteration    Objective       Primal Inf.    Dual Inf.      Time
       0   -0.0000000e+00   0.000000e+00   3.217093e+04     39s
    9704    2.4623765e+01   0.000000e+00   2.024598e+04     40s
   15172    1.7219176e+01   0.000000e+00   0.000000e+00     41s
   15172    1.7219176e+01   0.000000e+00   0.000000e+00     41s

Use crossover to convert LP symmetric solution to basic solution...

Root crossover log...

      15 DPushes remaining with DInf 0.0000000e+00                41s
       0 DPushes remaining with DInf 0.0000000e+00                41s

    1024 PPushes remaining with PInf 0.0000000e+00                41s
       0 PPushes remaining with PInf 0.0000000e+00                41s

  Push phase complete: Pinf 0.0000000e+00, Dinf 6.1219259e-14     41s


Root simplex log...

Iteration    Objective       Primal Inf.    Dual Inf.      Time
   16214    1.7219176e+01   0.000000e+00   0.000000e+00     41s
   16214    1.7219176e+01   0.000000e+00   0.000000e+00     41s
   16214    1.7219176e+01   0.000000e+00   0.000000e+00     41s

Root relaxation: objective 1.721918e+01, 16214 iterations, 3.82 seconds (7.29 work units)

    Nodes    |    Current Node    |     Objective Bounds      |     Work
 Expl Unexpl |  Obj  Depth IntInf | Incumbent    BestBd   Gap | It/Node Time

     0     0   17.21918    0  345  361.18824   17.21918  95.2%     -   45s
     0     0   17.33123    0 1685  361.18824   17.33123  95.2%     -   89s
     0     0   17.33168    0 1659  361.18824   17.33168  95.2%     -   91s
H    0     0                     252.5178000   17.33168  93.1%     -   92s
     0     0   17.67523    0 2450  252.51780   17.67523  93.0%     -  106s
     0     0   17.67581    0 1633  252.51780   17.67581  93.0%     -  108s
     0     0   17.69798    0  846  252.51780   17.69798  93.0%     -  136s
H    0     0                     235.6376200   17.69798  92.5%     -  138s
     0     0   17.80381    0  858  235.63762   17.80381  92.4%     -  157s
     0     0   17.83387    0  780  235.63762   17.83387  92.4%     -  211s
H    0     0                     224.8532200   17.83387  92.1%     -  212s
     0     0   17.84086    0  440  224.85322   17.84086  92.1%     -  216s
     0     0   17.85794    0  442  224.85322   17.85794  92.1%     -  266s
H    0     0                     200.2393600   17.85794  91.1%     -  267s
     0     0   17.85800    0  418  200.23936   17.85800  91.1%     -  269s
     0     0   17.85803    0  433  200.23936   17.85803  91.1%     -  313s
     0     0   17.85803    0  383  200.23936   17.85803  91.1%     -  315s
     0     0   17.85803    0  442  200.23936   17.85803  91.1%     -  358s
H    0     0                     184.2870400   17.85803  90.3%     -  359s
     0     0   17.85803    0  436  184.28704   17.85803  90.3%     -  361s
     0     0   17.85803    0  368  184.28704   17.85803  90.3%     -  404s
     0     0   17.85803    0  398  184.28704   17.85803  90.3%     -  408s
     0     0   17.85822    0  441  184.28704   17.85822  90.3%     -  450s
     0     0   17.85822    0  249  184.28704   17.85822  90.3%     -  451s
H    0     0                     101.0732200   17.85843  82.3%     -  464s
H    0     0                      86.5681400   17.85843  79.4%     -  464s
     0     0   17.85843    0  254   86.56814   17.85843  79.4%     -  475s
H    0     0                      86.4900200   17.85843  79.4%     -  475s
H    0     0                      85.0634400   17.85843  79.0%     -  479s
H    0     0                      82.5632000   17.90081  78.3%     -  479s
H    0     0                      73.5139400   17.90081  75.6%     -  479s
H    0     0                      71.2391200   18.11799  74.6%     -  484s
H    0     0                      59.0322200   18.11799  69.3%     -  484s
     0     0   18.11799    0  675   59.03222   18.11799  69.3%     -  484s
     0     0   18.11799    0  674   59.03222   18.11799  69.3%     -  484s
     0     0   18.11799    0 1058   59.03222   18.11799  69.3%     -  486s
     0     0   18.25872    0  956   59.03222   18.25872  69.1%     -  490s
     0     0   18.34432    0  758   59.03222   18.34432  68.9%     -  490s
     0     0   18.60490    0  809   59.03222   18.60490  68.5%     -  499s
H    0     0                      56.3802800   18.60490  67.0%     -  499s
     0     0   18.61953    0  821   56.38028   18.61953  67.0%     -  499s
H    0     0                      45.3038000   18.74315  58.6%     -  507s
     0     0   18.74807    0  757   45.30380   18.74807  58.6%     -  509s
     0     0   18.74807    0  646   45.30380   18.74807  58.6%     -  510s
H    0     0                      26.3881800   18.74807  29.0%     -  534s
     0     0   18.74807    0  233   26.38818   18.74807  29.0%     -  538s
     0     0   18.74807    0  452   26.38818   18.74807  29.0%     -  543s
     0     0   18.74807    0  658   26.38818   18.74807  29.0%     -  544s
     0     0   19.12045    0  651   26.38818   19.12045  27.5%     -  546s
     0     0   19.12248    0  582   26.38818   19.12248  27.5%     -  546s
     0     0   19.40273    0  583   26.38818   19.40273  26.5%     -  553s
     0     0   19.40730    0  591   26.38818   19.40730  26.5%     -  554s
H    0     0                      26.2984000   19.40730  26.2%     -  562s
     0     0   19.52962    0  543   26.29840   19.52962  25.7%     -  562s
     0     0   19.52962    0  379   26.29840   19.52962  25.7%     -  562s
H    0     0                      26.2860100   19.52962  25.7%     -  564s
     0     2   19.52962    0  229   26.28601   19.52962  25.7%     -  564s
     1     3   19.52962    1  253   26.28601   19.52962  25.7%   915  565s
H   60    57                      26.2675200   19.52962  25.7%   779  567s
H  108   102                      26.2452200   19.52962  25.6%   599  568s
H  149   142                      25.8372600   19.52962  24.4%   523  570s
H  153   142                      25.0893000   19.52962  22.2%   526  570s
H  191   174                      24.4587200   19.52962  20.2%   466  571s
H  200   184                      24.4239800   19.52962  20.0%   450  577s
H  204   184                      24.4194600   19.52962  20.0%   443  577s
H  207   184                      24.3939300   19.52962  19.9%   439  577s
H  208   184                      24.2704500   19.52962  19.5%   437  577s
H  213   184                      24.2410400   19.52962  19.4%   429  577s
H  241   222                      23.7872000   19.52962  17.9%   410  579s
H  242   222                      23.5709200   19.52962  17.1%   409  579s
   315   320   20.97196   27  182   23.57092   19.52962  17.1%   358  580s
H  928   638                      23.4536000   19.52962  16.7%   176  586s
H  929   552                      22.9031400   19.52962  14.7%   176  586s
  1427   951   19.52962    9  287   22.90314   19.52962  14.7%   152  590s
  1518   952   21.56067   15  249   22.90314   19.52962  14.7%   152  597s
  1520   953   20.79294   24  236   22.90314   19.52962  14.7%   151  606s
  1524   956   20.96603   16  543   22.90314   19.52962  14.7%   151  610s
  1529   959   21.93480  104  260   22.90314   19.52962  14.7%   150  619s
H 1529   910                      22.8967600   19.52962  14.7%   150  619s
  1531   915   19.52962   10  266   22.89676   19.52962  14.7%   166  620s
H 1568   889                      22.8838400   19.52962  14.7%   174  621s
H 1676   904                      22.8722600   19.52962  14.6%   179  624s
H 1677   863                      22.8570000   19.52962  14.6%   179  624s
  1700   876   20.13011   21  218   22.85700   19.52962  14.6%   181  625s
H 1717   837                      22.8143000   19.52962  14.4%   183  628s
H 1717   800                      22.7541000   19.52962  14.2%   183  628s
H 1720   764                      22.7535400   19.52962  14.2%   183  628s
H 1725   728                      22.7472400   19.52962  14.1%   183  628s
H 1775   727                      22.7448800   19.52962  14.1%   183  629s
  1814   772   22.25711   26  278   22.74488   19.52962  14.1%   181  630s
  2501  1038   19.67679   14  213   22.74488   19.52962  14.1%   150  635s
  3074  1286   20.17742   22  236   22.74488   19.52962  14.1%   145  640s
H 3319  1182                      22.6580600   19.52962  13.8%   141  643s
H 3326  1216                      22.5557400   19.52962  13.4%   141  644s
  3409  1307   20.72883   34  201   22.55574   19.52962  13.4%   140  645s
  4143  1912   21.22845   22  202   22.55574   19.56056  13.3%   131  650s
H 4409  2066                      22.5010800   19.56056  13.1%   127  652s
  4751  2221 infeasible   68        22.50108   19.59918  12.9%   122  655s
  5656  2997   20.70739   23  169   22.50108   19.75964  12.2%   115  661s
H 5673  2857                      22.4928000   19.75964  12.2%   115  661s
H 5845  2739                      22.4825100   19.81495  11.9%   115  661s
  6570  3426   20.03688   23  231   22.48251   19.85572  11.7%   108  666s
H 6977  3315                      22.3666000   19.85572  11.2%   106  668s
  7158  3642   21.93469   53  161   22.36660   19.88572  11.1%   105  670s
* 7990  3104             287      22.0539400   19.93630  9.60%   100  672s
  8218  3396   20.34145   35  169   22.05394   19.95148  9.53%   101  675s
  8944  3882   20.60471   80  152   22.05394   19.97671  9.42%   104  681s
  9572  4620   20.96947   43  132   22.05394   19.99097  9.35%   103  686s
 10585  5312   20.62684   87  106   22.05394   19.99766  9.32%   101  691s
 11603  6022   20.78198   28  197   22.05394   20.02148  9.22%  98.0  696s
 12068  6709   21.50510   68  126   22.05394   20.04208  9.12%  96.9  700s
*12780  6512             286      22.0385000   20.06613  8.95%  93.7  700s
 13418  7097   21.30780   24  193   22.03850   20.08044  8.88%  94.4  706s
 14017  7526   20.80691   20  174   22.03850   20.08499  8.86%  94.7  710s
H14091  6422                      21.9158200   20.08499  8.35%  94.7  710s
 14604  6922   21.51551   69  120   21.91582   20.09316  8.32%  93.7  715s
H14854  6792                      21.8945200   20.09575  8.22%  92.9  715s
 15801  7262   20.15413   30  225   21.89452   20.11151  8.14%  91.8  721s
 16349  7757   20.14829   23  198   21.89452   20.11299  8.14%  91.8  725s
H16718  7657                      21.8841000   20.11926  8.06%  91.5  725s
 17727  8571   20.14402   28  200   21.88410   20.12096  8.06%  90.2  733s
 18305  9204   20.15585   29  196   21.88410   20.12096  8.06%  89.0  737s
 19118  9755   20.58772   40  118   21.88410   20.12921  8.02%  88.2  741s
 19876 10208   21.19669   33  147   21.88410   20.13560  7.99%  87.8  745s
 20471 11019   20.77135   49  109   21.88410   20.14273  7.96%  88.0  751s
 21534 11618   21.72198   91   98   21.88410   20.14829  7.93%  86.3  756s
 22456 12208   21.36686   43  165   21.88410   20.15027  7.92%  85.5  760s
 23182 13009   21.58302  122   96   21.88410   20.15599  7.90%  85.2  766s
 24258 13934   21.66230   51  129   21.88410   20.16235  7.87%  84.3  772s
*24834 13403             193      21.8535800   20.16539  7.72%  83.5  772s
 25503 13955   21.30128   43  171   21.85358   20.16883  7.71%  82.8  778s
 26613 14705   21.76460   79   90   21.85358   20.17345  7.69%  81.8  783s
 27618 15082   21.68593   29  182   21.85358   20.17521  7.68%  80.5  787s
 28163 15759   20.77294   29  132   21.85358   20.17767  7.67%  80.6  791s
 29046 16528     cutoff   36        21.85358   20.18165  7.65%  80.0  798s
 30062 17100   21.16939   24  137   21.85358   20.18518  7.63%  79.2  802s
 30774 17886   21.07227   41  135   21.85358   20.18858  7.62%  79.3  808s
 31800 19177   20.26058   21  194   21.85358   20.19239  7.60%  78.4  815s
 34375 20404   21.73354   61   82   21.85358   20.19788  7.58%  75.4  823s
*34563 19120             244      21.8160000   20.19788  7.42%  75.1  823s
 35188 19760   20.45896   24  144   21.81600   20.20254  7.40%  74.8  827s
H36017 18605                      21.7726000   20.20254  7.21%  74.2  830s
H36018 11843                      21.3979398   20.20254  5.59%  74.2  830s
H36379 10384                      21.2449400   20.20254  4.91%  74.0  834s
 36727 10384   21.07103   31  143   21.24494   20.20911  4.88%  73.9  835s
H37817 11147                      21.2387800   20.21109  4.84%  73.7  843s
 38444 11606   20.88001  115   53   21.23878   20.21181  4.84%  73.3  847s
 39146 11960   20.77294   49  127   21.23878   20.21818  4.81%  73.3  850s
 40140 12832   21.03436   91   66   21.23878   20.21944  4.80%  73.7  858s
 40914 13187   21.00593   76  122   21.23878   20.22042  4.79%  73.5  862s
 41474 13467   20.87325   49  173   21.23878   20.22268  4.78%  73.8  866s
 42009 13855   20.66425   50  120   21.23878   20.22268  4.78%  74.2  870s
 42629 14428   20.74336   29  163   21.23878   20.22804  4.76%  74.7  875s
 43491 14893   21.09840   22  158   21.23878   20.22896  4.75%  74.5  880s
 44205 15319   21.16077   32  116   21.23878   20.23031  4.75%  74.8  886s
 44927 16139   20.67702   28  132   21.23878   20.23121  4.74%  75.1  893s
 46092 16983   20.55065   34  262   21.23878   20.23342  4.73%  74.9  900s
 47240 17600   20.86264  116  102   21.23878   20.23344  4.73%  74.6  905s
 48190 18199   21.23722   71   79   21.23878   20.23689  4.72%  74.4  911s
 48971 18756   21.03277   35   93   21.23878   20.23689  4.72%  74.2  916s
*49552 18644             164      21.2372200   20.23745  4.71%  74.1  916s
 49739 18762   20.84755   43   77   21.23722   20.23865  4.70%  74.1  920s
 50049 19337   20.92308   31  146   21.23722   20.24106  4.69%  74.1  926s
 50883 19918   20.67105   58  147   21.23722   20.24328  4.68%  74.3  935s
 51791 20297 infeasible   72        21.23722   20.24386  4.68%  74.1  941s
 52475 20903   20.60471   32  125   21.23722   20.24704  4.66%  74.5  947s
H53048 20903                      21.2372200   20.24802  4.66%  74.6  947s
 53425 21696   21.07824   34   59   21.23722   20.24806  4.66%  74.5  954s
 54590 21698   21.23330  135   52   21.23722   20.24806  4.66%  74.0  957s
 54602 22360   21.23330  136   52   21.23722   20.25079  4.64%  74.1  963s
*54682 21919             212      21.2333000   20.25079  4.63%  74.0  963s
 55540 21979   21.06806   51   93   21.23330   20.25305  4.62%  73.9  971s
 55717 22417 infeasible   43        21.23330   20.25364  4.61%  73.7  976s
 56383 23066   20.60471   42  128   21.23330   20.25376  4.61%  74.1  982s
 57316 23763   20.96940   49   96   21.23330   20.25514  4.61%  74.2  990s
 58415 24291   21.12697  175   48   21.23330   20.25665  4.60%  74.0  997s
 59336 24760   20.38579   32  164   21.23330   20.25800  4.59%  74.1 1003s
 60102 25420   20.40359   31  172   21.23330   20.26015  4.58%  74.2 1009s
 61082 25672   20.87325   32  170   21.23330   20.26220  4.57%  74.1 1014s
 61518 26286   20.77783   41  142   21.23330   20.26359  4.57%  74.5 1019s
 62346 26773   20.67643   33  180   21.23330   20.26569  4.56%  74.4 1026s
 63156 27342   20.60471   45   91   21.23330   20.26608  4.56%  74.7 1032s
 64039 27745   21.18528   78   91   21.23330   20.26608  4.56%  74.9 1038s
 64693 28408   20.80187   53   86   21.23330   20.27233  4.53%  75.1 1045s
 65731 28926   20.70043   28  139   21.23330   20.27468  4.51%  75.2 1052s
 66545 29444   20.77294   49  100   21.23330   20.27647  4.51%  75.3 1059s
 67399 30150   21.10296   50  116   21.23330   20.27776  4.50%  75.4 1066s
 68451 30154   20.87166   39  134   21.23330   20.27966  4.49%  75.3 1076s
 68468 30645   20.87166   40  134   21.23330   20.27992  4.49%  75.4 1082s
 69425 31232   20.60326   34  132   21.23330   20.28182  4.48%  75.5 1089s
 70407 31652   20.67105   33  125   21.23330   20.28438  4.47%  75.5 1095s
 71074 31823 infeasible   28        21.23330   20.28641  4.46%  76.0 1100s
 71549 32237   20.36910   31  147   21.23330   20.28750  4.45%  76.6 1106s
 72217 32762   20.83928   57  114   21.23330   20.28760  4.45%  76.9 1113s
 72992 33314 infeasible   33        21.23330   20.28760  4.45%  77.1 1120s
 73893 34016   20.53836   31  162   21.23330   20.29058  4.44%  77.2 1126s
 74921 34356   20.62089   34   85   21.23330   20.29082  4.44%  77.1 1132s
 75688 34784   20.57074   22  194   21.23330   20.29157  4.44%  76.9 1137s
 76352 35291 infeasible   27        21.23330   20.29209  4.43%  77.0 1143s
 77097 35844 infeasible   49        21.23330   20.29251  4.43%  76.9 1150s
 78087 36423 infeasible   90        21.23330   20.29442  4.42%  76.8 1156s
 78999 36826 infeasible  102        21.23330   20.29507  4.42%  76.7 1161s
 79667 37216 infeasible  109        21.23330   20.29656  4.41%  76.8 1167s
 80358 37905   21.00788   78   94   21.23330   20.29656  4.41%  77.0 1174s
 81387 38333   20.70800   24  177   21.23330   20.29804  4.40%  76.8 1180s
 82121 38851   20.91323   43  241   21.23330   20.29912  4.40%  77.0 1186s
 82872 39365   21.07005   28  113   21.23330   20.30002  4.40%  77.2 1192s
 83687 39869   20.30524   23  186   21.23330   20.30173  4.39%  77.2 1198s
 84424 40523   21.00812   33  241   21.23330   20.30364  4.38%  77.3 1205s
 85354 41090   20.60471   40  117   21.23330   20.30379  4.38%  77.3 1211s
 86245 41621   21.19474   46  132   21.23330   20.30426  4.38%  77.2 1217s
 87054 42098   20.34424   29  222   21.23330   20.30483  4.37%  77.3 1224s
 87835 42736   21.00593   32  152   21.23330   20.30669  4.36%  77.5 1231s
 88807 43579   20.97196   39  124   21.23330   20.30830  4.36%  77.5 1238s
 89911 44080   21.18528  166   43   21.23330   20.30924  4.35%  77.1 1243s
 90656 44582   21.00593   54  123   21.23330   20.31076  4.34%  77.1 1249s
 91429 45084   20.95964   61  127   21.23330   20.31276  4.34%  77.0 1255s
 92175 45449   20.87493   36  210   21.23330   20.31351  4.33%  77.0 1261s
 92773 45993   20.60471   74   84   21.23330   20.31479  4.33%  77.2 1266s
 93571 46336   20.90460  170   32   21.23330   20.31589  4.32%  77.1 1272s
 94250 46809   20.52059   26  140   21.23330   20.31712  4.31%  77.3 1279s
 95028 47153     cutoff   49        21.23330   20.31881  4.31%  77.3 1285s
 95686 47583   21.09076   90   91   21.23330   20.31998  4.30%  77.5 1292s
 96376 48259   20.32788   27  150   21.23330   20.31998  4.30%  77.7 1299s
 97332 48800   21.07227   27  207   21.23330   20.31998  4.30%  77.6 1306s
 98169 49536   21.19010   35   93   21.23330   20.32167  4.29%  77.6 1315s
 99238 50054   21.22791   46   83   21.23330   20.32283  4.29%  77.4 1322s
 100122 50618   20.58165   28  232   21.23330   20.32448  4.28%  77.4 1330s
 100973 51057   21.04803   33  219   21.23330   20.32565  4.27%  77.5 1337s
 101692 51521 infeasible   40        21.23330   20.32732  4.27%  77.7 1344s
 102407 52069 infeasible   37        21.23330   20.32817  4.26%  77.7 1352s
 103152 52985   21.22934  137   96   21.23330   20.32968  4.26%  77.7 1362s
 104488 53511     cutoff   57        21.23330   20.33220  4.24%  77.4 1368s
 105231 53843   21.21615   67   84   21.23330   20.33322  4.24%  77.5 1374s
 105887 54510   21.07227   61  125   21.23330   20.33462  4.23%  77.6 1382s
 106795 54921   20.87325   56   87   21.23330   20.33554  4.23%  77.4 1388s
 107532 55479   21.11982   31  206   21.23330   20.33696  4.22%  77.6 1396s
 108433 56241   20.38711   31  184   21.23330   20.33728  4.22%  77.6 1405s
 109495 56654   21.17000  111  131   21.23330   20.33735  4.22%  77.3 1411s
 110130 57183   21.00593   30  209   21.23330   20.33810  4.22%  77.4 1417s
 110979 57778   20.87325   36  145   21.23330   20.34097  4.20%  77.3 1424s
H111864 54914                      21.2025800   20.34164  4.06%  77.3 1453s
 112046 55536   20.82309   36  107   21.20258   20.34274  4.06%  77.3 1460s
 112961 55986   20.50440   34   95   21.20258   20.34463  4.05%  77.2 1468s
 113693 56594   20.57074   29  160   21.20258   20.34642  4.04%  77.2 1475s
 114625 57222   20.80970   19  152   21.20258   20.34728  4.03%  77.2 1483s
 115531 57892   20.86206   32  219   21.20258   20.34826  4.03%  77.2 1492s
 116555 58365   20.57074   37  135   21.20258   20.35014  4.02%  77.0 1498s
 117334 58757   20.49268   37  198   21.20258   20.35127  4.02%  77.1 1507s
 117997 59523   20.66892   34  115   21.20258   20.35317  4.01%  77.3 1518s
 119214 59999   21.07145   30  105   21.20258   20.35394  4.00%  77.4 1527s
 120011 60514   20.90562   38  150   21.20258   20.35394  4.00%  77.4 1536s
 121007 61296   20.67105   53  105   21.20258   20.35489  4.00%  77.5 1546s
 122231 62079 infeasible   36        21.20258   20.35670  3.99%  77.4 1555s
 123318 62674 infeasible  112        21.20258   20.35788  3.98%  77.3 1563s
 124279 63277   20.81419   29  187   21.20258   20.35858  3.98%  77.3 1571s
 125207 63708   21.10296   64   98   21.20258   20.36046  3.97%  77.3 1580s
 126022 64313   20.67105   46  113   21.20258   20.36149  3.97%  77.2 1589s
 126926 64866   21.07227   51  110   21.20258   20.36331  3.96%  77.2 1596s
 127803 65498   20.87325   38  144   21.20258   20.36352  3.96%  77.2 1605s
 128789 65907   20.91088  127   53   21.20258   20.36508  3.95%  77.1 1613s
 129536 66200   20.95392   50  127   21.20258   20.36650  3.94%  77.1 1619s
 130098 66747     cutoff   28        21.20258   20.36902  3.93%  77.3 1627s
 130942 67541   21.07227   37  125   21.20258   20.37013  3.93%  77.5 1637s
 132043 68269   21.07736   54  178   21.20258   20.37013  3.93%  77.4 1647s
 133162 68984   20.42028   39  159   21.20258   20.37013  3.93%  77.3 1655s
 134095 69552   21.12354   49   90   21.20258   20.37114  3.92%  77.2 1662s
 134918 70126 infeasible   56        21.20258   20.37183  3.92%  77.2 1669s
 135772 70565   20.52999   23  291   21.20258   20.37219  3.92%  77.1 1675s
 136443 70985   20.99467   26  163   21.20258   20.37257  3.91%  77.1 1682s
 137148 71494   20.70294  102   74   21.20258   20.37436  3.91%  77.2 1688s
 137906 72079   20.60471   38  162   21.20258   20.37519  3.90%  77.2 1696s
 138734 72655   20.88742   36  166   21.20258   20.37650  3.90%  77.2 1702s
*138858 51790             174      21.0426200   20.37672  3.16%  77.2 1702s
 139595 52201     cutoff   26        21.04262   20.37727  3.16%  77.3 1711s
 140483 52919   20.60471   48  109   21.04262   20.37800  3.16%  77.2 1720s
 141480 53592   21.00593   49  137   21.04262   20.37899  3.15%  76.9 1729s
 142528 54068 infeasible   52        21.04262   20.37952  3.15%  76.8 1737s
 143352 54387     cutoff   29        21.04262   20.38101  3.14%  76.8 1744s
 143946 55042   20.63788   42  126   21.04262   20.38288  3.14%  77.0 1752s
 144918 55593   20.93140   46   89   21.04262   20.38417  3.13%  76.9 1760s
 145790 56340   20.63788   72  105   21.04262   20.38646  3.12%  76.8 1769s
 146834 57201   20.93879   54  108   21.04262   20.38711  3.12%  76.7 1782s
 148075 57924   20.80112  112   88   21.04262   20.38711  3.12%  76.4 1791s
 149191 58253   20.98086  182   30   21.04262   20.38711  3.12%  76.2 1798s
 149820 58547   20.93657   54   78   21.04262   20.38711  3.12%  76.2 1804s
 150352 59174   20.63867   43  106   21.04262   20.38791  3.11%  76.4 1813s
 151244 59702   20.38988   39  109   21.04262   20.38791  3.11%  76.3 1822s
 152084 60194   20.83928   41  105   21.04262   20.38791  3.11%  76.4 1832s
 152984 60634 infeasible   47        21.04262   20.38791  3.11%  76.5 1842s
 153786 61245 infeasible  108        21.04262   20.38791  3.11%  76.6 1851s
 154771 61764   20.97794   63   96   21.04262   20.38791  3.11%  76.7 1860s
 155606 62297 infeasible   72        21.04262   20.38791  3.11%  77.0 1869s
 156549 62679   20.55865   44  135   21.04262   20.38791  3.11%  77.1 1880s
 157358 63166   20.48821   44   84   21.04262   20.38791  3.11%  77.3 1889s
 158245 63596     cutoff  111        21.04262   20.38791  3.11%  77.6 1900s
 159177 63886 infeasible   53        21.04262   20.38791  3.11%  77.9 1911s
 159971 64285   20.48821   93   75   21.04262   20.38791  3.11%  78.3 1922s
 160848 64711   20.48821   50  116   21.04262   20.38791  3.11%  78.5 1934s
 161770 65037   20.45257   32  218   21.04262   20.38791  3.11%  78.9 1944s
 162482 65536 infeasible   55        21.04262   20.38791  3.11%  79.3 1961s
 163738 66071   20.48821   63   83   21.04262   20.38791  3.11%  80.0 1978s
 164950 66543 infeasible   49        21.04262   20.38791  3.11%  80.7 1995s
 166260 66895   21.01721  104   50   21.04262   20.38791  3.11%  81.3 2012s
 167322 67176 infeasible   58        21.04262   20.38791  3.11%  82.0 2030s
 168437 67483     cutoff   88        21.04262   20.38791  3.11%  82.8 2048s
 169483 68037   20.38791   40  139   21.04262   20.38791  3.11%  83.6 2068s
 170819 68547 infeasible   44        21.04262   20.38791  3.11%  84.1 2087s
 172072 69308   20.98918   56  154   21.04262   20.38791  3.11%  84.9 2109s
 173648 69732   20.88621   28  132   21.04262   20.38791  3.11%  85.4 2127s
 174774 70418   20.48821   85   84   21.04262   20.38791  3.11%  86.2 2150s
 176440 70419   20.99774  158  249   21.04262   20.38791  3.11%  86.6 2158s
 176442 70420   20.88194  112  151   21.04262   20.38791  3.11%  86.6 2175s
 176444 70422   20.63788   70  365   21.04262   20.38791  3.11%  86.6 2185s
 176446 70423   20.82150   69  319   21.04262   20.38791  3.11%  86.6 2195s
H176447 66902                      21.0040200   20.38791  2.93%  86.6 2212s
H176448 63557                      20.9191000   20.38791  2.54%  86.6 2213s
 176450 63559   20.91910   86  324   20.91910   20.38791  2.54%  86.6 2221s
H176451 60381                      20.9132800   20.38791  2.51%  86.6 2239s
H176451 57361                      20.9002600   20.38791  2.45%  86.6 2239s
 176453 57363   20.87325   46  353   20.90026   20.38791  2.45%  86.6 2240s
 176454 57363   20.60471   46  214   20.90026   20.38791  2.45%  86.6 2255s
 176478 57383   20.38791   23  288   20.90026   20.38791  2.45%  86.8 2260s
 176600 57441   20.38791   29  233   20.90026   20.38791  2.45%  87.1 2265s
 176840 57508   20.69164   40  206   20.90026   20.38791  2.45%  87.3 2270s
 177116 57519   20.69478   40  159   20.90026   20.38791  2.45%  87.5 2275s
 177497 57557   20.38791   34  188   20.90026   20.38791  2.45%  87.7 2280s
 177871 57620   20.65312   67  223   20.90026   20.38791  2.45%  87.8 2285s
 178506 57724 infeasible   28        20.90026   20.38791  2.45%  87.9 2291s
 178818 57823 infeasible   38        20.90026   20.38791  2.45%  87.9 2295s
 179453 57955   20.85600   45  158   20.90026   20.38791  2.45%  88.0 2301s
 180003 58079   20.85600  152   48   20.90026   20.38791  2.45%  87.9 2306s
 180419 58233   20.67105   30  192   20.90026   20.38791  2.45%  87.9 2310s
 181253 58376 infeasible   91        20.90026   20.38791  2.45%  88.0 2316s
 181807 58568   20.78237   41  186   20.90026   20.38791  2.45%  88.1 2322s
 182382 58894   20.68252   74  109   20.90026   20.38791  2.45%  88.1 2327s
 182813 58810 infeasible   31        20.90026   20.38791  2.45%  88.0 2331s
 183364 59150   20.67263   41   97   20.90026   20.38791  2.45%  88.0 2338s
 183869 59237   20.88586  130   82   20.90026   20.38791  2.45%  88.0 2342s
 184294 59295   20.53836   43  107   20.90026   20.38791  2.45%  88.0 2345s
 185111 59438   20.45781   41  155   20.90026   20.38791  2.45%  87.9 2353s
 185479 59630 infeasible   55        20.90026   20.38791  2.45%  87.9 2357s
 186034 59856   20.56067   38  231   20.90026   20.38791  2.45%  87.9 2362s
 186740 60055   20.77135   73  242   20.90026   20.38791  2.45%  87.7 2367s
 187412 60184   20.78786  114  147   20.90026   20.38791  2.45%  87.7 2372s
 188047 60489   20.83065   30  191   20.90026   20.38791  2.45%  87.6 2378s
 188732 60709 infeasible  179        20.90026   20.38791  2.45%  87.5 2384s
 189536 60839   20.73942   33  258   20.90026   20.38791  2.45%  87.5 2389s
 190254 61171   20.89020   61  149   20.90026   20.38791  2.45%  87.5 2396s
 191204 61611   20.59280   37  190   20.90026   20.38791  2.45%  87.4 2406s
 192544 61450 infeasible   34        20.90026   20.38791  2.45%  87.2 2411s
 193080 61634   20.73818   47  137   20.90026   20.38791  2.45%  87.3 2416s
 194306 61851   20.53701   61   86   20.90026   20.39145  2.43%  87.2 2424s
 194861 62062   20.79244   62  104   20.90026   20.40648  2.36%  87.2 2430s
 195668 62095     cutoff   38        20.90026   20.40962  2.35%  87.2 2436s
 196343 62467     cutoff   43        20.90026   20.43396  2.23%  87.3 2443s
 197327 62829   20.63788   41  107   20.90026   20.43806  2.21%  87.2 2455s
 198648 62692     cutoff   49        20.90026   20.43806  2.21%  87.0 2464s
 199392 62918     cutoff   50        20.90026   20.43806  2.21%  87.0 2475s
 200624 62910   20.50158   32  265   20.90026   20.43806  2.21%  86.9 2489s
 202071 62680 infeasible   71        20.90026   20.43806  2.21%  86.8 2499s
 203056 62831   20.67310   73  141   20.90026   20.43806  2.21%  87.0 2510s
 204322 62870 infeasible   76        20.90026   20.43806  2.21%  86.9 2521s
 205403 63136   20.55158   83  108   20.90026   20.43806  2.21%  86.9 2533s
 206794 63335   20.85538   89  122   20.90026   20.43806  2.21%  86.7 2550s
 208522 63121   20.43806   57   97   20.90026   20.43806  2.21%  86.6 2562s
 209693 63161 infeasible   59        20.90026   20.43806  2.21%  86.6 2576s
 211051 63196   20.68080   56   99   20.90026   20.43806  2.21%  86.5 2590s
 212624 63029   20.51138  102   64   20.90026   20.43806  2.21%  86.4 2604s
 214020 62747   20.50440   55  149   20.90026   20.43806  2.21%  86.3 2617s
 215166 62528   20.47123   51  127   20.90026   20.43806  2.21%  86.3 2630s
 216197 62252 infeasible   71        20.90026   20.43806  2.21%  86.5 2640s
 217056 62212   20.50440   67  124   20.90026   20.43806  2.21%  86.6 2651s
 218102 62041   20.84670  107   70   20.90026   20.43806  2.21%  86.6 2663s
 219182 62141   20.57131   72  178   20.90026   20.43806  2.21%  86.7 2675s
 220383 62499 infeasible   66        20.90026   20.43806  2.21%  86.7 2686s
 221773 62402   20.67310  106   93   20.90026   20.43806  2.21%  86.5 2700s
 222983 62293 infeasible   59        20.90026   20.43806  2.21%  86.6 2713s
 224105 62051   20.70501   55  133   20.90026   20.43806  2.21%  86.6 2725s
 225030 61971   20.51958   47  161   20.90026   20.43806  2.21%  86.7 2735s
 225932 62055   20.57074   63  189   20.90026   20.43806  2.21%  86.9 2747s
 227073 62094   20.50440   53  115   20.90026   20.43806  2.21%  86.8 2758s
 228212 62273   20.58636   56   79   20.90026   20.43806  2.21%  86.8 2769s
 229435 62286   20.71216   96   96   20.90026   20.43806  2.21%  86.7 2781s
 230586 62126   20.78054  122   78   20.90026   20.43806  2.21%  86.7 2791s
 231545 62164 infeasible   56        20.90026   20.43806  2.21%  86.7 2801s
 232507 62421   20.70303   60  157   20.90026   20.43806  2.21%  86.7 2813s
 233862 62590     cutoff   55        20.90026   20.44141  2.20%  86.5 2825s
 235237 62861   20.81484  162   38   20.90026   20.44141  2.20%  86.2 2839s
 236758 63081 infeasible   49        20.90026   20.44141  2.20%  85.9 2853s
 238289 62734   20.53701  101   62   20.90026   20.44141  2.20%  85.6 2860s
 238866 62722   20.46892  115   65   20.90026   20.44141  2.20%  85.6 2865s
 239219 63010   20.63788   51  100   20.90026   20.44141  2.20%  85.6 2872s
 239911 63713   20.69628  102   94   20.90026   20.44141  2.20%  85.5 2880s
 241169 63995   20.56084  103   60   20.90026   20.44141  2.20%  85.2 2888s
 242201 64424   20.72666  130   73   20.90026   20.44966  2.16%  85.0 2896s
 243228 64242   20.63856   91  104   20.90026   20.44966  2.16%  84.8 2906s
 243498 65057   20.56398   71  124   20.90026   20.44966  2.16%  84.7 2913s
 244751 64850   20.67325  123  102   20.90026   20.44966  2.16%  84.5 2918s
 245079 65757   20.61982   54  158   20.90026   20.44966  2.16%  84.4 2926s
 246413 66303   20.87856  176  100   20.90026   20.44966  2.16%  84.1 2934s
 247366 65985   20.85600  141   68   20.90026   20.44966  2.16%  83.9 2935s
 247687 66710   20.62141  128   88   20.90026   20.44966  2.16%  83.8 2942s
 248819 67100   20.62960   80  120   20.90026   20.44966  2.16%  83.6 2949s
 249964 67358   20.75270   70  132   20.90026   20.44966  2.16%  83.4 2956s
 250928 67709   20.69522   73  127   20.90026   20.44966  2.16%  83.2 2961s
 251886 68483   20.60012   55  126   20.90026   20.44966  2.16%  83.0 2972s
 253402 68586   20.60012   46  116   20.90026   20.44966  2.16%  82.8 2979s
 254254 68798   20.63856   92   86   20.90026   20.44966  2.16%  82.6 2985s
 255108 69267   20.68364   90   95   20.90026   20.44966  2.16%  82.4 2991s
 256063 69674   20.67384  133  103   20.90026   20.44966  2.16%  82.3 2998s
 257055 69863 infeasible   59        20.90026   20.44966  2.16%  82.0 3004s
 257902 70290   20.79450   73   84   20.90026   20.44966  2.16%  81.9 3010s
 258730 70540   20.67592  120   70   20.90026   20.44966  2.16%  81.8 3016s
 259595 70891   20.81349   52   88   20.90026   20.44966  2.16%  81.6 3022s
 260497 71114 infeasible   53        20.90026   20.44966  2.16%  81.5 3028s
 261261 71498   20.74624   89   91   20.90026   20.44966  2.16%  81.4 3035s
 262185 71742 infeasible   84        20.90026   20.44966  2.16%  81.2 3042s
 262997 71981   20.53566   51  105   20.90026   20.44966  2.16%  81.1 3049s
 263864 72303   20.80073   71   83   20.90026   20.44966  2.16%  81.0 3056s
 264719 72568   20.87180   89   72   20.90026   20.44966  2.16%  80.8 3062s
 265587 72916   20.52489   54  128   20.90026   20.44966  2.16%  80.7 3069s
 266498 73570   20.60012   71  132   20.90026   20.44966  2.16%  80.6 3080s
 267853 73820   20.44966   52  123   20.90026   20.44966  2.16%  80.4 3088s
 268866 74136   20.44966   56  130   20.90026   20.44966  2.16%  80.2 3096s
 269849 74366   20.80073   60  208   20.90026   20.44966  2.16%  80.1 3104s
 270806 74564   20.54997   70  108   20.90026   20.44966  2.16%  80.0 3112s
 271779 74929   20.60012   70  151   20.90026   20.44966  2.16%  79.9 3121s
 272802 75134   20.49982   58  105   20.90026   20.44966  2.16%  79.7 3128s
 273682 75508 infeasible   85        20.90026   20.44966  2.16%  79.6 3136s
 274691 75894   20.54997   54  113   20.90026   20.44966  2.16%  79.5 3145s
 275764 76127   20.60012   47  102   20.90026   20.44966  2.16%  79.4 3154s
 276723 76459   20.60012   59  104   20.90026   20.44966  2.16%  79.3 3162s
 277753 76737   20.78262   92   76   20.90026   20.44966  2.16%  79.2 3170s
 278763 77077 infeasible   66        20.90026   20.44966  2.16%  79.1 3179s
 279824 77442   20.47293   54  133   20.90026   20.44966  2.16%  79.0 3187s
 280845 77774   20.52901   56   86   20.90026   20.44966  2.16%  78.9 3196s
 281892 78281 infeasible  135        20.90026   20.44966  2.16%  78.8 3208s
 283271 78680   20.45471   52  167   20.90026   20.44966  2.16%  78.6 3218s
 284523 79055 infeasible   94        20.90026   20.44966  2.16%  78.5 3229s
 285745 79421   20.49982   57  129   20.90026   20.44966  2.16%  78.4 3239s
 286989 79964   20.49982   60  105   20.90026   20.44966  2.16%  78.3 3251s
 288380 80364 infeasible   98        20.90026   20.44966  2.16%  78.1 3262s
 289681 80782   20.55967   95  104   20.90026   20.44966  2.16%  78.0 3273s
 291079 81044   20.54997   66  129   20.90026   20.44966  2.16%  77.8 3283s
 292226 81533 infeasible   80        20.90026   20.44966  2.16%  77.7 3295s
 293642 81759   20.87664   72   95   20.90026   20.44966  2.16%  77.5 3305s
 294840 82258   20.71290  107   86   20.90026   20.44966  2.16%  77.4 3315s
 296073 82383   20.86286   88   62   20.90026   20.44966  2.16%  77.3 3325s
 297166 82856   20.54997   59  105   20.90026   20.44966  2.16%  77.2 3338s
 298513 83189   20.44966   56  127   20.90026   20.44966  2.16%  77.1 3350s
 299897 83417   20.53223   60   78   20.90026   20.44966  2.16%  77.0 3360s
 301110 83899 infeasible   69        20.90026   20.44966  2.16%  77.0 3371s
 302457 84479   20.57682   93  125   20.90026   20.44966  2.16%  76.9 3384s
 303987 84887   20.64199  101  110   20.90026   20.44966  2.16%  76.7 3397s
 305460 84972   20.54997   68  108   20.90026   20.44966  2.16%  76.5 3408s
 306606 85246   20.74832   60   77   20.90026   20.44966  2.16%  76.5 3419s
 307878 85440   20.44966   46  125   20.90026   20.44966  2.16%  76.4 3431s
 309056 85558   20.76856   78   90   20.90026   20.44966  2.16%  76.3 3444s
 310115 85728   20.87664   86   95   20.90026   20.44966  2.16%  76.3 3456s
 311172 86127   20.60426   69  123   20.90026   20.44966  2.16%  76.2 3467s
 312331 86340   20.59486  119   76   20.90026   20.44966  2.16%  76.1 3479s
 313621 86414   20.49982   63  128   20.90026   20.44966  2.16%  76.1 3492s
 314805 86665 infeasible   93        20.90026   20.44966  2.16%  76.1 3506s
 316041 86741   20.54997   82  101   20.90026   20.44966  2.16%  76.0 3518s
 317109 87133   20.60012   88  159   20.90026   20.44966  2.16%  76.1 3532s
 318494 87541 infeasible   72        20.90026   20.44966  2.16%  76.1 3547s
 319992 87887   20.54997   62   80   20.90026   20.44966  2.16%  76.0 3560s
 321395 87902   20.78262   61  132   20.90026   20.44966  2.16%  75.9 3575s
 322646 88144   20.86151  102   89   20.90026   20.44966  2.16%  75.8 3589s
 323643 87811 infeasible   85        20.90026   20.44966  2.16%  75.8 3590s
 323983 88146   20.52059   65  197   20.90026   20.44966  2.16%  75.8 3600s

Cutting planes:
  Learned: 204
  Gomory: 5
  Lift-and-project: 2
  Cover: 2078
  Implied bound: 876
  Projected implied bound: 18
  Clique: 20
  MIR: 131
  StrongCG: 14
  Flow cover: 765
  GUB cover: 4
  Inf proof: 31
  Zero half: 20
  RLT: 217
  Relax-and-lift: 129

Explored 324881 nodes (24804774 simplex iterations) in 3600.60 seconds (2109.35 work units)
Thread count was 8 (of 24 available processors)

Solution count 10: 20.9003 20.9003 20.9133 ... 21.2372

Time limit reached
Best objective 2.090026000000e+01, best bound 2.044966362428e+01, gap 2.1559%
