
Gurobi 10.0.0 (win64) logging started Thu Jan 25 20:33:31 2024

Set parameter LogFile to value "C:/Users\Administrator\Documents\BNC_Repo\BNC_Tests\10_MIP_Results\n40m3\Instance_Class4_Parts40_Machines3_Instance2_logfileChe1021.txt"
Gurobi Optimizer version 10.0.0 build v10.0.0rc2 (win64)

CPU model: AMD EPYC 7513 32-Core Processor, instruction set [SSE2|AVX|AVX2]
Thread count: 24 physical cores, 24 logical processors, using up to 8 threads

Optimize a model with 129317 rows, 13321 columns and 683393 nonzeros
Model fingerprint: 0x70e5dcbe
Variable types: 5121 continuous, 8200 integer (8200 binary)
Coefficient statistics:
  Matrix range     [4e-06, 4e+02]
  Objective range  [1e+00, 1e+00]
  Bounds range     [1e+00, 1e+00]
  RHS range        [1e+00, 6e+02]
Presolve removed 45832 rows and 5609 columns
Presolve time: 3.06s
Presolved: 83485 rows, 7712 columns, 485455 nonzeros
Variable types: 201 continuous, 7511 integer (7391 binary)
Found heuristic solution: objective 1392.6056800
Found heuristic solution: objective 395.9117000
Root relaxation presolved: 7712 rows, 91197 columns, 493167 nonzeros


Root simplex log...

Iteration    Objective       Primal Inf.    Dual Inf.      Time
       0   -0.0000000e+00   0.000000e+00   1.789906e+04     10s
    7413    1.2907991e+02   0.000000e+00   0.000000e+00     11s
    7413    1.2907991e+02   0.000000e+00   0.000000e+00     11s

Use crossover to convert LP symmetric solution to basic solution...

Root crossover log...

      87 DPushes remaining with DInf 0.0000000e+00                11s
       0 DPushes remaining with DInf 0.0000000e+00                11s

     133 PPushes remaining with PInf 0.0000000e+00                11s
       0 PPushes remaining with PInf 0.0000000e+00                11s

  Push phase complete: Pinf 0.0000000e+00, Dinf 2.9419566e-13     11s


Root simplex log...

Iteration    Objective       Primal Inf.    Dual Inf.      Time
    7635    1.2907991e+02   0.000000e+00   0.000000e+00     11s
    7635    1.2907991e+02   0.000000e+00   0.000000e+00     11s
    7635    1.2907991e+02   0.000000e+00   0.000000e+00     11s

Root relaxation: objective 1.290799e+02, 7635 iterations, 1.83 seconds (3.46 work units)
Total elapsed time = 15.19s

    Nodes    |    Current Node    |     Objective Bounds      |     Work
 Expl Unexpl |  Obj  Depth IntInf | Incumbent    BestBd   Gap | It/Node Time

     0     0  129.07991    0  178  395.91170  129.07991  67.4%     -   18s
H    0     0                     267.4183400  129.07991  51.7%     -   18s
     0     0  129.07991    0  576  267.41834  129.07991  51.7%     -   24s
     0     0  129.07991    0  351  267.41834  129.07991  51.7%     -   25s
H    0     0                     215.9376600  129.07991  40.2%     -   25s
     0     0  129.07991    0  448  215.93766  129.07991  40.2%     -   26s
     0     0  129.07991    0  128  215.93766  129.07991  40.2%     -   35s
H    0     0                     212.2784200  129.07991  39.2%     -   36s
H    0     0                     210.3651200  129.07991  38.6%     -   41s
     0     0  129.07991    0  169  210.36512  129.07991  38.6%     -   41s
H    0     0                     198.5216800  129.07991  35.0%     -   42s
H    0     0                     195.7418200  129.07991  34.1%     -   42s
     0     0  129.07991    0  187  195.74182  129.07991  34.1%     -   42s
     0     0  129.07991    0  166  195.74182  129.07991  34.1%     -   42s
     0     0  129.07991    0  117  195.74182  129.07991  34.1%     -   46s
     0     0  129.07991    0  165  195.74182  129.07991  34.1%     -   47s
     0     0  129.07991    0  131  195.74182  129.07991  34.1%     -   51s
     0     0  129.07991    0  181  195.74182  129.07991  34.1%     -   52s
H    0     0                     195.1956200  129.07991  33.9%     -   57s
H    0     0                     181.7596800  129.07991  29.0%     -   57s
     0     0  129.07991    0  109  181.75968  129.07991  29.0%     -   58s
H    0     0                     181.6902400  129.07991  29.0%     -   58s
H    0     0                     171.8061200  129.07991  24.9%     -   58s
H    0     0                     171.3098800  129.07991  24.7%     -   58s
     0     0  129.07991    0  228  171.30988  129.07991  24.7%     -   59s
     0     0  129.07991    0  222  171.30988  129.07991  24.7%     -   59s
H    0     0                     169.7569000  129.07991  24.0%     -   61s
H    0     0                     166.8143800  129.07991  22.6%     -   63s
     0     0  129.07991    0  125  166.81438  129.07991  22.6%     -   63s
H    0     0                     166.6451200  129.07991  22.5%     -   64s
H    0     0                     157.0155000  129.07991  17.8%     -   64s
     0     0  129.07991    0  151  157.01550  129.07991  17.8%     -   64s
     0     0  129.07991    0  124  157.01550  129.07991  17.8%     -   68s
     0     0  129.07991    0  124  157.01550  129.07991  17.8%     -   69s
H    0     0                     152.4066600  129.07991  15.3%     -   73s
H    0     0                     149.0952400  129.07991  13.4%     -   73s
H    0     2                     147.2566800  129.07991  12.3%     -   74s
     0     2  129.07991    0  100  147.25668  129.07991  12.3%     -   74s
     1     4  129.07991    1  153  147.25668  129.07991  12.3%  2259   76s
    13    18  129.07991    4  166  147.25668  129.07991  12.3%  1069   80s
H   29    34                     147.1947200  129.07991  12.3%  2182   85s
H   31    34                     146.2351800  129.07991  11.7%  2076   85s
    63    62 infeasible    9       146.23518  129.07991  11.7%  1348   97s
H   64    62                     142.2711900  129.07991  9.27%  1327   97s
    82    76  129.07991   11  164  142.27119  129.07991  9.27%  1148  100s
H   97    83                     138.6554200  129.07991  6.91%  1071  110s
   135    98  129.62032   14  233  138.65542  129.07991  6.91%   984  115s
   174   123  130.65242   17  274  138.65542  129.07991  6.91%  1050  120s
H  214   160                     138.6337200  129.07991  6.89%   996  123s
   229   202  129.98591   20  243  138.63372  129.07991  6.89%   965  126s
H  271   232                     138.5311500  129.07991  6.82%   890  129s
H  278   232                     138.5020400  129.07991  6.80%   871  129s
H  285   232                     138.4499600  129.07991  6.77%   870  129s
   305   275  130.24645   29  207  138.44996  129.07991  6.77%   840  132s
   349   303  130.45412   35  205  138.44996  129.07991  6.77%   794  135s
H  358   303                     138.4175600  129.07991  6.75%   784  135s
H  440   361                     138.3892000  129.07991  6.73%   718  144s
H  441   361                     138.2242800  129.07991  6.62%   717  144s
   478   390  135.05692   50  136  138.22428  129.07991  6.62%   686  147s
   581   456  135.85104   65  139  138.22428  129.07991  6.62%   638  158s
   629   445  135.85104   74  143  138.22428  129.07991  6.62%   625  169s
   653   480  130.56644    9  238  138.22428  129.07991  6.62%   629  171s
   775   624  132.63655   18  250  138.22428  129.07991  6.62%   604  176s
   984   755  135.93751   39  158  138.22428  129.07991  6.62%   523  182s
  1109   771 infeasible   49       138.22428  129.07991  6.62%   485  186s
  1141   809  129.09845    6  277  138.22428  129.07991  6.62%   498  190s
  1238   881  129.53086    7  246  138.22428  129.07991  6.62%   508  197s
  1272   926  129.15070    7  256  138.22428  129.07991  6.62%   521  210s
  1322   932  129.53086    8  257  138.22428  129.07991  6.62%   530  226s
H 1323   932                     138.1591800  129.07991  6.57%   530  226s
H 1324   930                     137.9689600  129.07991  6.44%   530  226s
  1332   943  129.71234    8  285  137.96896  129.07991  6.44%   530  235s
H 1333   943                     137.9638800  129.07991  6.44%   530  235s
H 1334   943                     137.9291600  129.07991  6.42%   530  235s
H 1344   941                     137.3968200  129.07991  6.05%   528  235s
  1415  1044  129.53086    9  255  137.39682  129.07991  6.05%   537  243s
  1484  1045  130.05432   32  448  137.39682  129.07991  6.05%   538  252s
  1486  1046  136.18401   79   95  137.39682  129.07991  6.05%   537  270s
  1488  1048  131.78405   60  203  137.39682  129.07991  6.05%   537  283s
  1489  1048  130.45158   15  124  137.39682  129.07991  6.05%   536  302s
  1490  1049  133.83164   64  188  137.39682  129.07991  6.05%   536  313s
  1491  1050  131.78405   65  108  137.39682  129.07991  6.05%   535  322s
  1492  1050  136.82162   71  199  137.39682  129.07991  6.05%   535  332s
  1493  1051  129.08193   18  151  137.39682  129.07991  6.05%   535  344s
  1494  1052  131.43727   27  222  137.39682  129.07991  6.05%   534  355s
  1495  1052  129.15825    7  130  137.39682  129.07991  6.05%   534  368s
  1496  1053  130.69504   35  222  137.39682  129.07991  6.05%   534  378s
  1497  1054  130.45158   21  148  137.39682  129.07991  6.05%   533  388s
  1498  1054  131.99936   48  271  137.39682  129.07991  6.05%   533  399s
  1499  1055  135.14692   92  134  137.39682  129.07991  6.05%   533  408s
  1500  1056  132.22471   29  235  137.39682  129.07991  6.05%   532  418s
  1501  1056  134.91974   76  177  137.39682  129.07991  6.05%   532  428s
  1502  1057  133.83164   70  251  137.39682  129.07991  6.05%   532  436s
  1503  1058  129.37991   19  146  137.39682  129.07991  6.05%   531  444s
  1504  1058  135.25545   62  261  137.39682  129.08191  6.05%   531  455s
  1505  1059  135.83897   77  201  137.39682  129.08523  6.05%   530  467s
  1506  1060  136.61100   44  354  137.39682  129.09339  6.04%   530  483s
  1507  1060  130.80014   21  234  137.39682  129.10715  6.03%   530  485s
  1508  1061  134.68110   96  241  137.39682  129.10734  6.03%   529  493s
  1510  1062  131.78405   59  257  137.39682  129.10870  6.03%   529  505s
  1512  1064  129.68085   31  225  137.39682  129.11027  6.03%   528  518s
  1513  1064  136.39548   76  515  137.39682  129.12964  6.02%   528  520s
  1514  1065  129.92300   28  504  137.39682  129.17019  5.99%   527  529s
  1515  1066  131.57883   30  257  137.39682  129.19598  5.97%   527  530s
  1516  1066  135.11979   84  279  137.39682  129.19974  5.97%   527  544s
  1517  1067  129.20691   28  209  137.39682  129.20691  5.96%   526  545s
  1518  1068  129.29181    8  203  137.39682  129.20801  5.96%   526  554s
  1519  1068  136.36572  102  228  137.39682  129.20803  5.96%   526  555s
  1520  1069  133.93539   23  295  137.39682  129.20803  5.96%   525  567s
  1522  1070  133.93539   31  252  137.39682  129.20882  5.96%   525  575s
  1524  1072  130.45158   33  240  137.39682  129.20883  5.96%   524  585s
  1526  1073  130.94828   22  251  137.39682  129.20934  5.96%   523  595s
  1527  1074  134.54075   54  167  137.39682  129.20973  5.96%   523  606s
  1528  1074  131.70104   37  199  137.39682  129.20973  5.96%   522  614s
  1529  1075  129.22631   24  256  137.39682  129.20973  5.96%   522  615s
  1530  1076  131.87047   46  257  137.39682  129.20975  5.96%   522  626s
  1531  1076  130.45158   23  169  137.39682  129.20975  5.96%   521  638s
  1532  1077  132.07481   52  230  137.39682  129.20975  5.96%   521  647s
  1534  1078  131.69389   37  235  137.39682  129.20976  5.96%   520  658s
  1538  1082  132.81635   55  448  137.39682  129.20976  5.96%   601  661s
  1540  1083  129.22631   33  143  137.39682  129.20976  5.96%   600  677s
  1542  1085  134.96599   90  160  137.39682  129.20976  5.96%   600  683s
  1543  1085  130.45158   34  189  137.39682  129.20976  5.96%   599  698s
  1544  1086  131.74966   28  158  137.39682  129.20976  5.96%   599  706s
  1546  1087  135.93751   37  226  137.39682  129.20976  5.96%   598  716s
  1548  1089  130.48886   34  414  137.39682  129.20976  5.96%   597  735s
  1550  1090  132.90326   62  267  137.39682  129.20976  5.96%   597  746s
  1552  1091  134.32252   41  195  137.39682  129.20976  5.96%   596  754s
  1553  1092  132.69801   42  192  137.39682  129.20976  5.96%   595  755s
  1554  1093  130.80014   25  200  137.39682  129.20976  5.96%   595  763s
  1555  1093  130.60515   43  213  137.39682  129.20976  5.96%   595  765s
  1556  1094  133.93539   30  202  137.39682  129.20976  5.96%   594  772s
  1558  1095  130.80014   33  211  137.39682  129.20985  5.96%   594  781s
  1560  1097  130.80014   22  209  137.39682  129.20991  5.96%   593  791s
  1562  1101  129.20991   26  172  137.39682  129.20991  5.96%   654  796s
  1568  1111  129.20994   28  168  137.39682  129.20994  5.96%   661  801s
  1584  1122  130.48912   29  195  137.39682  129.20995  5.96%   686  807s
  1608  1140  129.20995   31  179  137.39682  129.20995  5.96%   708  811s
  1627  1150  129.26563   32  166  137.39682  129.20995  5.96%   714  819s
  1635  1158  129.45398   32  189  137.39682  129.23625  5.94%   716  821s
  1661  1175  129.26563   34  160  137.39682  129.23625  5.94%   717  828s
  1692  1203  129.26563   36  165  137.39682  129.23625  5.94%   717  830s
  1710  1204  129.26563   37  166  137.39682  129.23625  5.94%   719  840s
  1754  1225  129.37783   39  176  137.39682  129.23625  5.94%   721  850s
  1814  1283  129.98419   41  145  137.39682  129.23625  5.94%   731  855s
  1912  1344  130.22248   44  193  137.39682  129.23625  5.94%   734  860s
  2040  1401  130.80014   48  141  137.39682  129.23625  5.94%   719  866s
  2135  1453  131.59416   53  123  137.39682  129.23625  5.94%   712  872s
  2253  1483  132.58438   61  196  137.39682  129.23625  5.94%   697  877s
  2286  1497  132.58438   62  202  137.39682  129.23625  5.94%   696  881s
  2364  1547  132.89468   67  156  137.39682  129.23625  5.94%   697  886s
  2404  1560  132.89468   69  166  137.39682  129.23625  5.94%   698  893s
  2437  1599  132.97093   70  174  137.39682  129.23625  5.94%   696  897s
  2557  1628  134.22824   79  172  137.39682  129.23625  5.94%   688  904s
  2606  1639 infeasible   81       137.39682  129.23784  5.94%   687  909s
  2667  1635  130.15084   33  180  137.39682  129.23784  5.94%   696  916s
  2728  1722  132.80267   38  146  137.39682  129.23784  5.94%   701  921s
  2799  1738  132.80267   47  129  137.39682  129.23784  5.94%   701  926s
  2866  1782  132.80267   53  112  137.39682  129.23784  5.94%   707  930s
  2941  1811  132.81065   67  213  137.39682  129.23784  5.94%   705  935s
  3065  1862  133.63416   68  181  137.39682  129.23784  5.94%   711  943s
  3131  1870  135.05488   75  147  137.39682  129.31770  5.88%   715  955s
  3203  1934  129.62568   33  221  137.39682  129.31770  5.88%   714  960s
  3302  1992  131.01754   39  175  137.39682  129.31770  5.88%   709  967s
  3417  2044  131.78405   44  147  137.39682  129.31770  5.88%   703  972s
  3522  2092  133.50428   48  117  137.39682  129.31770  5.88%   700  977s
  3620  2151  133.50504   62  190  137.39682  129.31770  5.88%   705  982s
  3738  2215  134.14808   75  176  137.39682  129.32054  5.88%   701  989s
  3871  2247  130.45158   34  140  137.39682  129.32316  5.88%   696  994s
  3996  2321  131.94926   45  173  137.39682  129.32316  5.88%   693 1001s
  4125  2429  132.35006   63  130  137.39682  129.32316  5.88%   690 1011s
  4318  2452  135.26625   93   90  137.39682  129.33342  5.87%   682 1020s
  4442  2539  129.43486   40  205  137.39682  129.33342  5.87%   682 1026s
  4597  2614  130.69957   46  220  137.39682  129.33342  5.87%   684 1037s
  4765  2705  130.70116   47  212  137.39682  129.33342  5.87%   684 1044s
  4969  2791  130.90745   49  223  137.39682  129.33342  5.87%   680 1051s
  5127  2936  132.40802   53  197  137.39682  129.33342  5.87%   678 1063s
  5337  3069  133.57187   68  137  137.39682  129.33342  5.87%   677 1073s
  5502  3209  130.93151   42  301  137.39682  129.43486  5.79%   680 1080s
  5668  3329  131.22253   48  292  137.39682  129.43486  5.79%   686 1088s
  5830  3488  133.31051   55  149  137.39682  129.43486  5.79%   690 1100s
  6045  3630  133.68159   65  226  137.39682  129.61956  5.66%   689 1111s
  6278  3805  133.88536   57   98  137.39682  129.63380  5.65%   686 1122s
  6480  4015  131.69262   35  120  137.39682  129.63380  5.65%   689 1133s
  6744  4243  133.00814   57  282  137.39682  129.63380  5.65%   690 1145s
  7061  4487  136.16194   77  158  137.39682  129.71159  5.59%   686 1158s
  7387  4697  131.47433   45  173  137.39682  129.72768  5.58%   677 1169s
  7633  4877  130.82779   38  239  137.39682  129.72768  5.58%   682 1179s
  7887  5166  131.20072   49  197  137.39682  129.72768  5.58%   684 1189s
  8230  5392  132.32476   57  143  137.39682  129.72768  5.58%   687 1199s
  8511  5768  133.98466   78  141  137.39682  129.73309  5.58%   691 1212s
  8982  6119  131.68116   49  294  137.39682  129.73309  5.58%   690 1227s
  9493  6389 infeasible   82       137.39682  129.73309  5.58%   677 1241s
  9842  6710  130.88518   50  351  137.39682  129.80278  5.53%   680 1256s
 10286  6989  130.90865   58  418  137.39682  129.80278  5.53%   679 1273s
 10619  7244  131.06993   63  373  137.39682  129.80278  5.53%   682 1290s
 10968  7483  132.22597   66  193  137.39682  129.80278  5.53%   683 1305s
 11246  7878  132.22597   76  250  137.39682  129.80278  5.53%   685 1323s
 11722  8240  135.47498  100  157  137.39682  129.97258  5.40%   684 1343s
 12209  8565  130.78426   82  152  137.39682  129.99945  5.38%   682 1362s
 12705  8867  131.08007   58  202  137.39682  130.07855  5.33%   682 1380s
 13130  9125  131.74573   48  221  137.39682  130.11539  5.30%   685 1399s
 13477  9506  134.43428   68  209  137.39682  130.12475  5.29%   689 1420s
 13965  9865  133.53492   67  130  137.39682  130.12475  5.29%   691 1442s
 14469  9998  130.94474   51  232  137.39682  130.12475  5.29%   692 1475s
 14668 11401  134.71811   65  153  137.39682  130.12475  5.29%   691 1545s
 16702 11759  131.16221   48  174  137.39682  130.19427  5.24%   672 1568s
 17195 12494 infeasible   97       137.39682  130.19427  5.24%   674 1589s
 18145 12892  132.06152   51  163  137.39682  130.28570  5.18%   665 1609s
 18659 13298     cutoff   84       137.39682  130.29953  5.17%   670 1630s
 19251 13911  132.69534   71  127  137.39682  130.34252  5.13%   675 1658s
 19983 14494  134.36707   65  137  137.39682  130.34327  5.13%   675 1692s
 20765 15205 infeasible   63       137.39682  130.34338  5.13%   671 1727s
 21787 15803  130.45158   60  157  137.39682  130.34338  5.13%   667 1761s
 22617 16491  131.74633   46  329  137.39682  130.34358  5.13%   667 1797s
 23531 17463  131.74600   46  331  137.39682  130.34387  5.13%   664 1825s
 24788 18281  132.06978   61  147  137.39682  130.34387  5.13%   658 1858s
 25843 18813  130.80014   34  134  137.39682  130.34387  5.13%   654 1892s
 26572 19492  130.92697   46  387  137.39682  130.34387  5.13%   655 1927s
 27466 20082  131.80637   61  175  137.39682  130.34387  5.13%   652 1962s
 28344 20645  133.86973   57  141  137.39682  130.36855  5.12%   650 1994s
 29057 21556  133.52661   71  139  137.39682  130.37182  5.11%   650 2025s
 30348 22000  134.34140   73  167  137.39682  130.38480  5.10%   646 2047s
 30936 22557  132.27552   52  170  137.39682  130.39097  5.10%   646 2075s
 31646 23073  133.76599  103  168  137.39682  130.40038  5.09%   643 2105s
 32415 23492  131.25754   57  180  137.39682  130.40184  5.09%   642 2129s
 32941 24016  132.04118   53  165  137.39682  130.41465  5.08%   645 2159s
 33627 24758  132.39616   73  232  137.39682  130.42753  5.07%   645 2184s
 34540 25599  131.54997   59  172  137.39682  130.43470  5.07%   643 2209s
 35693 26292  132.15363  100  160  137.39682  130.43783  5.06%   640 2239s
 36561 26292  134.88085   67  161  137.39682  130.44177  5.06%   636 2240s
 36648 27053  133.52446   59  148  137.39682  130.44192  5.06%   636 2281s
 37685 27849     cutoff   92       137.39682  130.44746  5.06%   637 2323s
 38919 28868  131.93716   69  143  137.39682  130.45158  5.05%   637 2355s
 40466 29365  133.73219   57  156  137.39682  130.45158  5.05%   633 2393s
 41248 30093  132.22597   64  155  137.39682  130.45158  5.05%   633 2431s
 42245 30924  132.01088   66  204  137.39682  130.45158  5.05%   634 2471s
 43454 31754  135.48099   81  191  137.39682  130.45158  5.05%   633 2516s
 44768 32796  130.45158   48  130  137.39682  130.45158  5.05%   630 2553s
 46241 33521 infeasible   84       137.39682  130.45158  5.05%   629 2588s
 47254 34570  134.83584   86  163  137.39682  130.45158  5.05%   630 2633s
 48678 35584  130.45158   47  180  137.39682  130.45158  5.05%   627 2677s
 50197 36486  137.37440  116  191  137.39682  130.45158  5.05%   624 2717s
 51521 37422  132.02386   43  183  137.39682  130.45158  5.05%   621 2756s
 52755 38051  133.94148   67  180  137.39682  130.45158  5.05%   620 2797s
 53696 38914  133.40064   62  190  137.39682  130.45158  5.05%   618 2836s
 54986 39675  132.06308   62  211  137.39682  130.45158  5.05%   618 2878s
 56105 40401  137.28679   68  114  137.39682  130.45158  5.05%   616 2918s
 57170 41137 infeasible   77       137.39682  130.45158  5.05%   616 2956s
 58260 41972  133.95960   66  123  137.39682  130.45158  5.05%   616 2997s
 59425 42851  133.76906   77  182  137.39682  130.45158  5.05%   616 3040s
 60798 43669  132.92719   56  152  137.39682  130.45158  5.05%   617 3082s
 61961 44430  131.95739   57  154  137.39682  130.45158  5.05%   617 3122s
 63174 45363  133.47817   60  179  137.39682  130.45158  5.05%   617 3168s
 64440 46004  133.31051   64  167  137.39682  130.45158  5.05%   616 3213s
 65308 46671  134.42111   67  134  137.39682  130.45158  5.05%   617 3256s
 66340 47185  133.98360   69  163  137.39682  130.45158  5.05%   617 3317s
 67084 48031  135.24240   65  139  137.39682  130.45158  5.05%   617 3367s
 68309 48780  134.60701   70  197  137.39682  130.45158  5.05%   617 3418s
 69482 49556  131.75794   62  181  137.39682  130.45158  5.05%   617 3465s
 70706 50159  133.41285   75  114  137.39682  130.45158  5.05%   617 3508s
 71652 51068  131.99306   72  164  137.39682  130.45158  5.05%   618 3554s
 72915 51888  131.73003   46  378  137.39682  130.45158  5.05%   617 3600s

Cutting planes:
  Learned: 99
  Gomory: 52
  Lift-and-project: 130
  Cover: 1349
  Implied bound: 1753
  Projected implied bound: 46
  Clique: 73
  MIR: 219
  StrongCG: 296
  Flow cover: 2196
  GUB cover: 28
  Inf proof: 13
  Zero half: 891
  RLT: 156
  Relax-and-lift: 108

Explored 74150 nodes (45662936 simplex iterations) in 3600.75 seconds (5522.59 work units)
Thread count was 8 (of 24 available processors)

Solution count 10: 137.397 137.397 137.929 ... 138.45

Time limit reached
Best objective 1.373968200000e+02, best bound 1.304515813545e+02, gap 5.0549%
