
Gurobi 10.0.0 (win64) logging started Wed Jan 24 11:29:35 2024

Set parameter LogFile to value "C:/Users\Administrator\Documents\BNC_Repo\BNC_Tests\10_MIP_Results\n40m3\Instance_Class2_Parts40_Machines3_Instance1_logfileChe1021.txt"
Gurobi Optimizer version 10.0.0 build v10.0.0rc2 (win64)

CPU model: AMD EPYC 7513 32-Core Processor, instruction set [SSE2|AVX|AVX2]
Thread count: 24 physical cores, 24 logical processors, using up to 8 threads

Optimize a model with 129317 rows, 13321 columns and 690111 nonzeros
Model fingerprint: 0xba1c7767
Variable types: 5121 continuous, 8200 integer (8200 binary)
Coefficient statistics:
  Matrix range     [3e-06, 5e+02]
  Objective range  [1e+00, 1e+00]
  Bounds range     [1e+00, 1e+00]
  RHS range        [1e+00, 7e+02]
Presolve removed 25800 rows and 5040 columns
Presolve time: 3.53s
Presolved: 103517 rows, 8281 columns, 589671 nonzeros
Variable types: 201 continuous, 8080 integer (7960 binary)
Found heuristic solution: objective 598.4332000
Root relaxation presolved: 8281 rows, 111798 columns, 597952 nonzeros


Root simplex log...

Iteration    Objective       Primal Inf.    Dual Inf.      Time
       0   -0.0000000e+00   0.000000e+00   5.063829e+04     41s
   19201    2.4474177e+01   0.000000e+00   0.000000e+00     44s
   19201    2.4474177e+01   0.000000e+00   0.000000e+00     44s

Use crossover to convert LP symmetric solution to basic solution...

Root crossover log...

       0 DPushes remaining with DInf 0.0000000e+00                44s

    1597 PPushes remaining with PInf 0.0000000e+00                44s
       0 PPushes remaining with PInf 0.0000000e+00                44s

  Push phase complete: Pinf 0.0000000e+00, Dinf 6.9525115e-14     44s


Root simplex log...

Iteration    Objective       Primal Inf.    Dual Inf.      Time
   20812    2.4474177e+01   0.000000e+00   0.000000e+00     44s
   20812    2.4474177e+01   0.000000e+00   0.000000e+00     44s
   20812    2.4474177e+01   0.000000e+00   0.000000e+00     44s

Root relaxation: objective 2.447418e+01, 20812 iterations, 4.75 seconds (8.35 work units)
Total elapsed time = 46.87s

    Nodes    |    Current Node    |     Objective Bounds      |     Work
 Expl Unexpl |  Obj  Depth IntInf | Incumbent    BestBd   Gap | It/Node Time

     0     0   24.47418    0  326  598.43320   24.47418  95.9%     -   49s
H    0     0                     592.4140600   24.47418  95.9%     -   50s
     0     0   24.58513    0 2298  592.41406   24.58513  95.9%     -   89s
H    0     0                     486.9494400   24.58513  95.0%     -   91s
     0     0   24.63035    0 3426  486.94944   24.63035  94.9%     -  121s
     0     0   24.63117    0 3354  486.94944   24.63117  94.9%     -  126s
     0     0   24.69890    0 2312  486.94944   24.69890  94.9%     -  182s
H    0     0                     455.1994800   24.69890  94.6%     -  183s
     0     0   24.74080    0 2458  455.19948   24.74080  94.6%     -  201s
     0     0   24.74789    0 2437  455.19948   24.74789  94.6%     -  263s
H    0     0                     444.6195400   24.74789  94.4%     -  265s
     0     0   24.76211    0 2422  444.61954   24.76211  94.4%     -  274s
     0     0   24.76425    0 2013  444.61954   24.76425  94.4%     -  351s
H    0     0                     388.7316399   24.76425  93.6%     -  352s
     0     0   24.78436    0 1925  388.73164   24.78436  93.6%     -  373s
     0     0   24.78843    0 2250  388.73164   24.78843  93.6%     -  463s
H    0     0                     357.1684000   24.78843  93.1%     -  464s
     0     0   24.95935    0 1216  357.16840   24.95935  93.0%     -  485s
     0     0   24.97507    0  549  357.16840   24.97507  93.0%     -  583s
     0     0   24.98013    0  781  357.16840   24.98013  93.0%     -  590s
     0     0   24.98201    0  523  357.16840   24.98201  93.0%     -  667s
H    0     0                     269.9642400   24.98201  90.7%     -  669s
     0     0   24.99135    0  520  269.96424   24.99135  90.7%     -  673s
     0     0   24.99663    0  948  269.96424   24.99663  90.7%     -  675s
     0     0   24.99785    0  545  269.96424   24.99785  90.7%     -  677s
     0     0   24.99804    0  544  269.96424   24.99804  90.7%     -  677s
     0     0   24.99804    0  550  269.96424   24.99804  90.7%     -  678s
     0     0   24.99812    0  550  269.96424   24.99812  90.7%     -  709s
H    0     0                     201.2591600   24.99812  87.6%     -  710s
     0     0   24.99815    0  556  201.25916   24.99815  87.6%     -  711s
     0     0   24.99815    0  565  201.25916   24.99815  87.6%     -  741s
H    0     0                     200.6580200   24.99815  87.5%     -  742s
     0     0   24.99815    0  555  200.65802   24.99815  87.5%     -  742s
     0     0   24.99815    0  566  200.65802   24.99815  87.5%     -  768s
     0     0   24.99815    0  459  200.65802   24.99815  87.5%     -  770s
H    0     0                     191.1643000   24.99815  86.9%     -  776s
H    0     0                     151.8011600   24.99815  83.5%     -  783s
H    0     0                     132.4039000   24.99815  81.1%     -  783s
     0     0   24.99815    0  193  132.40390   24.99815  81.1%     -  798s
H    0     0                     121.8639000   24.99815  79.5%     -  798s
     0     0   25.01914    0  492  121.86390   25.01914  79.5%     -  808s
H    0     0                     109.5853800   25.01914  77.2%     -  809s
     0     0   25.46684    0  984  109.58538   25.46684  76.8%     -  814s
     0     0   25.46684    0  918  109.58538   25.46684  76.8%     -  814s
     0     0   25.75617    0 1265  109.58538   25.75617  76.5%     -  829s
     0     0   25.75617    0 1224  109.58538   25.75617  76.5%     -  829s
H    0     0                     103.8853000   25.75617  75.2%     -  830s
H    0     0                      99.8867600   26.03016  73.9%     -  842s
H    0     0                      99.6570600   26.03016  73.9%     -  842s
H    0     0                      72.1396000   26.03016  63.9%     -  842s
H    0     0                      58.8765800   26.03016  55.8%     -  842s
H    0     0                      47.2707000   26.03016  44.9%     -  842s
H    0     0                      46.7119400   26.03016  44.3%     -  842s
H    0     0                      41.9755800   26.03016  38.0%     -  842s
H    0     0                      41.2846400   26.03016  36.9%     -  842s
H    0     0                      40.5846400   26.03016  35.9%     -  842s
H    0     0                      38.9771500   26.03016  33.2%     -  842s
H    0     0                      38.7606000   26.03016  32.8%     -  842s
H    0     0                      38.4767000   26.03016  32.3%     -  842s
H    0     0                      36.1009200   26.03016  27.9%     -  843s
H    0     0                      36.0556200   26.03016  27.8%     -  843s
H    0     0                      35.6717800   26.03016  27.0%     -  843s
H    0     0                      35.3414200   26.03016  26.3%     -  843s
     0     0   26.03016    0  706   35.34142   26.03016  26.3%     -  843s
H    0     0                      35.2541100   26.10766  25.9%     -  857s
     0     0   26.10766    0  721   35.25411   26.10766  25.9%     -  859s
     0     0   26.10766    0  174   35.25411   26.10766  25.9%     -  863s
     0     0   26.10766    0  392   35.25411   26.10766  25.9%     -  870s
     0     0   26.29178    0  830   35.25411   26.29178  25.4%     -  873s
H    0     0                      35.2266700   26.45203  24.9%     -  877s
     0     0   26.45203    0  696   35.22667   26.45203  24.9%     -  877s
     0     0   26.64178    0  684   35.22667   26.64178  24.4%     -  879s
     0     0   26.66507    0  643   35.22667   26.66507  24.3%     -  879s
     0     0   26.66507    0  649   35.22667   26.66507  24.3%     -  879s
     0     0   26.66507    0  647   35.22667   26.66507  24.3%     -  879s
     0     0   26.66507    0  647   35.22667   26.66507  24.3%     -  879s
H    0     0                      35.0502600   26.98014  23.0%     -  890s
     0     0   26.99675    0  666   35.05026   26.99675  23.0%     -  891s
     0     0   26.99675    0  440   35.05026   26.99675  23.0%     -  891s
     0     2   26.99675    0  399   35.05026   26.99675  23.0%     -  897s
     7    16   26.99675    3  487   35.05026   26.99675  23.0%  1772  900s
    47    56   26.99675    6  340   35.05026   26.99675  23.0%  2078  905s
H   67    75                      34.6155100   26.99675  22.0%  1744  906s
   110   122   26.99675    9  368   34.61551   26.99675  22.0%  1561  912s
H  114   122                      33.7550000   26.99675  20.0%  1523  912s
H  143   160                      33.6785200   26.99675  19.8%  1354  914s
H  151   160                      33.5316400   26.99675  19.5%  1341  914s
H  186   199                      32.8869997   26.99675  17.9%  1184  916s
H  193   199                      32.8331800   26.99675  17.8%  1161  916s
H  194   199                      32.7618900   26.99675  17.6%  1163  916s
H  231   237                      32.7265400   26.99675  17.5%  1056  919s
H  237   237                      32.6823800   26.99675  17.4%  1043  919s
   278   300   28.84765   31  305   32.68238   26.99675  17.4%   945  920s
   526   558   29.37541   69  227   32.68238   26.99675  17.4%   597  925s
H  912   742                      32.5788600   26.99675  17.1%   380  929s
   997   777   29.36062  119  188   32.57886   26.99675  17.1%   352  931s
  1279  1009   27.79216   11  272   32.57886   26.99675  17.1%   307  935s
H 1481  1089                      32.5301100   26.99675  17.0%   284  943s
H 1483  1073                      32.2685000   26.99675  16.3%   285  943s
H 1530  1038                      31.9608200   26.99675  15.5%   282  943s
  1532  1074   28.24577   19  264   31.96082   26.99675  15.5%   282  945s
  1641  1122   26.99675    7  459   31.96082   26.99675  15.5%   292  961s
  1643  1123   29.84236   86  180   31.96082   26.99675  15.5%   291  975s
  1647  1126   29.36062   56  718   31.96082   26.99675  15.5%   291  980s
  1652  1129   29.36062   83  673   31.96082   26.99675  15.5%   290  987s
  1654  1131   29.67996   20  393   31.96082   26.99675  15.5%   289  994s
  1655  1131   28.05238   42  393   31.96082   26.99675  15.5%   289  996s
H 1692  1102                      31.9327800   26.99675  15.5%   321  999s
  1694  1109   28.56520   16  317   31.93278   26.99675  15.5%   323 1000s
H 1722  1075                      31.9043600   26.99675  15.4%   330 1001s
H 1774  1055                      31.9043600   26.99675  15.4%   332 1002s
H 1778  1005                      31.8889200   26.99675  15.3%   331 1002s
  1819  1041   27.56920   23  318   31.88892   26.99675  15.3%   331 1005s
H 1856  1015                      31.8312300   26.99675  15.2%   329 1006s
H 1862   969                      31.8078600   26.99675  15.1%   328 1006s
H 1895   957                      31.7586000   26.99675  15.0%   329 1008s
H 1903   915                      31.7057800   26.99675  14.9%   328 1009s
  1977   990   27.62817   32  314   31.70578   26.99675  14.9%   322 1010s
  2432  1259 infeasible   59        31.70578   26.99675  14.9%   290 1015s
H 2914  1394                      31.6920600   26.99675  14.8%   266 1020s
H 2969  1336                      31.0807400   26.99675  13.1%   264 1021s
  3320  1559   28.10447   33  320   31.08074   26.99675  13.1%   248 1025s
  3593  1601   28.40539   52  248   31.08074   26.99675  13.1%   235 1030s
H 3633  1561                      30.9070400   26.99675  12.7%   235 1033s
H 3635  1533                      30.7263200   26.99675  12.1%   235 1033s
  3773  1668   26.99675   20  369   30.72632   26.99675  12.1%   232 1035s
  4170  2150   28.08688   33  265   30.72632   26.99675  12.1%   223 1040s
  4915  2736   27.87387   32  193   30.72632   26.99675  12.1%   206 1046s
  5443  3069   30.30102   62  161   30.72632   26.99675  12.1%   197 1050s
  6270  3807   27.42250   29  214   30.72632   26.99675  12.1%   187 1056s
  6883  4370   29.56714   86  124   30.72632   26.99675  12.1%   181 1061s
  7751  4997   28.08670   36  204   30.72632   26.99675  12.1%   170 1067s
  8053  5351   29.09265   59  169   30.72632   26.99675  12.1%   168 1070s
  8880  6012   28.08688   44  204   30.72632   27.01142  12.1%   163 1075s
  9604  6625   27.32388   26  328   30.72632   27.12695  11.7%   160 1081s
 10508  7310   28.10642   52  201   30.72632   27.14216  11.7%   156 1087s
 10967  7538   29.67453   54  137   30.72632   27.17110  11.6%   153 1090s
 11560  7936   27.83612   30  218   30.72632   27.17208  11.6%   152 1096s
 12248  8633   28.03673   34  253   30.72632   27.20968  11.4%   152 1102s
 12862  8954   27.46795   22  314   30.72632   27.22348  11.4%   150 1105s
 13230  9456   27.90704   45  183   30.72632   27.22532  11.4%   150 1110s
 14450 10795   28.38761   65  136   30.72632   27.24255  11.3%   145 1121s
 15706 11301   28.50490  105  144   30.72632   27.24789  11.3%   141 1127s
 16142 11506   27.95720   69  162   30.72632   27.25653  11.3%   141 1131s
 16419 11520   27.76674   24  184   30.72632   27.26189  11.3%   142 1139s
H16428 11520                      30.7256200   27.26189  11.3%   142 1139s
H16429 11520                      30.7256200   27.26189  11.3%   142 1139s
H16430 11490                      30.7217600   27.26189  11.3%   142 1139s
 16433 11744   28.96689   24  217   30.72176   27.26189  11.3%   142 1143s
H16752 11984                      30.7217600   27.26189  11.3%   144 1148s
H17084 12235                      30.6715800   27.26189  11.1%   144 1154s
H17595 12193                      30.6446000   27.26189  11.0%   143 1154s
 17769 12596   28.43777   58  211   30.64460   27.26247  11.0%   143 1159s
 18332 13245   27.46908   26  312   30.64460   27.28189  11.0%   143 1164s
 19135 13854   28.43118   28  279   30.64460   27.29038  10.9%   142 1171s
 19963 14405   30.54905   30  167   30.64460   27.29406  10.9%   142 1177s
 20722 15323   28.83739   52  205   30.64460   27.30366  10.9%   142 1184s
*20905 15224             212      30.6198200   27.30366  10.8%   141 1184s
*20908 15129             210      30.6061000   27.30366  10.8%   141 1184s
H21952 14907                      30.4187200   27.31346  10.2%   139 1190s
H21985 14893                      30.3926800   27.31482  10.1%   140 1190s
 22686 15529   27.31730   26  271   30.39268   27.31482  10.1%   140 1195s
 23463 16292   30.35862  171   60   30.39268   27.31730  10.1%   139 1202s
H23555 16244                      30.3753200   27.31730  10.1%   139 1202s
 24385 16969   27.87387   69  151   30.37532   27.33286  10.0%   138 1208s
 25386 17472   27.90704   27  229   30.37532   27.33580  10.0%   137 1213s
 25993 18135   28.22903   73  248   30.37532   27.33580  10.0%   137 1219s
 26869 18507   30.25228   83  116   30.37532   27.34255  10.0%   137 1225s
 27378 19140   29.05962   41  213   30.37532   27.34752  10.0%   137 1231s
 28185 19585   28.03673   32  175   30.37532   27.34843  10.0%   138 1235s
 28724 20309   30.15980   95  134   30.37532   27.34843  10.0%   139 1241s
 29695 20797   27.87387   30  283   30.37532   27.35212  10.0%   139 1248s
 30403 21613   27.87387   48  167   30.37532   27.35417  9.95%   139 1256s
 31524 22516   28.06933   40  251   30.37532   27.35506  9.94%   139 1264s
 32655 23144   29.05942   73  147   30.37532   27.35616  9.94%   138 1270s
 33459 23854     cutoff  109        30.37532   27.35846  9.93%   138 1275s
 34350 24513 infeasible   75        30.37532   27.35916  9.93%   138 1281s
 35254 25010   27.53520   40  221   30.37532   27.36148  9.92%   137 1288s
 35927 25466   30.24593   68  193   30.37532   27.36148  9.92%   138 1293s
 36547 26014   27.47130   28  288   30.37532   27.36254  9.92%   138 1299s
 37264 26680   28.26733   69  156   30.37532   27.36299  9.92%   138 1305s
 38164 27481   30.37194  146   86   30.37532   27.36325  9.92%   138 1312s
 39189 27896   29.98216   75  132   30.37532   27.36325  9.92%   138 1318s
 39766 28617   28.00217   30  246   30.37532   27.36325  9.92%   138 1325s
 40649 29550   27.83612   58  194   30.37532   27.36325  9.92%   139 1332s
 41849 29964   28.08688   35  232   30.37532   27.36332  9.92%   138 1336s
 42424 30674   29.09542   41  170   30.37532   27.36369  9.91%   138 1342s
 43464 31272   27.87704   50  210   30.37532   27.36447  9.91%   138 1349s
 44307 32202   29.89298   70  228   30.37532   27.36604  9.91%   138 1356s
 45479 32710   27.83612   33  182   30.37532   27.36787  9.90%   137 1362s
 46144 33074   27.83612   30  157   30.37532   27.36787  9.90%   137 1367s
 46627 33483   28.08688   31  183   30.37532   27.36787  9.90%   137 1373s
 47156 34502   27.83612   29  265   30.37532   27.36787  9.90%   137 1381s
 48448 35110   27.83612   30  233   30.37532   27.36820  9.90%   136 1388s
 49327 35904   27.83935   47  251   30.37532   27.36820  9.90%   136 1394s
 50313 36523   27.40805   31  322   30.37532   27.36820  9.90%   136 1401s
 51207 37240   28.12464   39  207   30.37532   27.37176  9.89%   136 1407s
 52136 38060   28.12464   47  225   30.37532   27.37310  9.88%   136 1415s
 53158 38674   28.07448   50  183   30.37532   27.37344  9.88%   136 1423s
 54001 39285   28.03673   40  175   30.37532   27.37388  9.88%   135 1430s
 54899 40184   29.78590   76  176   30.37532   27.37522  9.88%   135 1438s
 56057 40744   27.48479   37  282   30.37532   27.37552  9.88%   134 1444s
 56838 41218   27.81859   35  245   30.37532   27.37620  9.87%   134 1449s
 57457 41646   28.50410   42  194   30.37532   27.37637  9.87%   135 1455s
 57998 42346   27.81859   37  204   30.37532   27.37766  9.87%   135 1462s
H58933 42789                      30.3666400   27.37766  9.84%   135 1471s
H59147 41669                      30.3187100   27.37845  9.70%   135 1471s
 59792 41761   27.87387   33  242   30.31871   27.37845  9.70%   135 1481s
H59793 41538                      30.3049900   27.37845  9.66%   135 1481s
H59984 37722                      30.0648900   27.37845  8.94%   135 1481s
 60217 38555   27.87387   34  254   30.06489   27.37944  8.93%   135 1490s
 61488 39217   29.22162   57  172   30.06489   27.38031  8.93%   135 1499s
 62393 40100   29.89400   55  171   30.06489   27.38031  8.93%   134 1509s
 63614 40839   27.95789   33  271   30.06489   27.38031  8.93%   134 1517s
 64669 41662   29.98778   85  103   30.06489   27.38031  8.93%   134 1525s
 65790 42128   29.74728  101   97   30.06489   27.38127  8.93%   133 1532s
 66475 42784   28.54575   33  228   30.06489   27.38127  8.93%   133 1539s
 67347 43462   27.81859   38  221   30.06489   27.38294  8.92%   133 1551s
 68327 44165   27.87387   29  202   30.06489   27.38325  8.92%   133 1560s
 69237 44740   28.51227   54  288   30.06489   27.38406  8.92%   133 1567s
 70139 45442   27.63551   28  207   30.06489   27.38475  8.91%   133 1574s
 70973 46130   28.43776   66  146   30.06489   27.38475  8.91%   133 1582s
 71998 46741   27.91156   31  274   30.06489   27.38475  8.91%   132 1589s
 72760 47467   27.73908   63  172   30.06489   27.38475  8.91%   133 1597s
 73794 48462 infeasible  107        30.06489   27.38475  8.91%   133 1606s
*74793 46767             207      29.9847200   27.38475  8.67%   132 1606s
 75116 47159   28.55126   61  160   29.98472   27.38475  8.67%   132 1613s
 75980 47696   27.83612   42  194   29.98472   27.38475  8.67%   132 1619s
 76699 48262   27.83612   39  154   29.98472   27.38475  8.67%   131 1626s
 77470 48903   27.63551   44  191   29.98472   27.38475  8.67%   132 1633s
 78343 49290   29.97870   86  102   29.98472   27.38475  8.67%   131 1639s
 78891 49633   28.48978   48  229   29.98472   27.38475  8.67%   132 1646s
 79431 50327   28.90056   58  189   29.98472   27.38505  8.67%   132 1653s
 80319 50995   29.17276   58  219   29.98472   27.38547  8.67%   132 1661s
 81210 51703   27.87387   35  203   29.98472   27.38547  8.67%   132 1670s
 82149 52372   27.41387   29  281   29.98472   27.38636  8.67%   132 1680s
 83013 53143   28.73012   31  179   29.98472   27.38666  8.66%   131 1689s
 84045 53805   29.53811   89  138   29.98472   27.38769  8.66%   131 1697s
 84979 54378   27.81859   38  268   29.98472   27.38769  8.66%   131 1704s
 85718 54792   27.83612   34  208   29.98472   27.38993  8.65%   131 1711s
 86306 55585   27.43298   25  317   29.98472   27.38995  8.65%   131 1720s
 87277 56451   28.70711   47  215   29.98472   27.39039  8.65%   131 1731s
 88492 57201   27.77357   56  248   29.98472   27.39042  8.65%   131 1741s
 89599 57804   28.93073   34  148   29.98472   27.39042  8.65%   131 1747s
 90380 58426   28.04165   25  213   29.98472   27.39046  8.65%   131 1754s
 91210 59072   29.40976   72  161   29.98472   27.39046  8.65%   131 1762s
 92148 59730   29.69288   59  140   29.98472   27.39105  8.65%   131 1771s
 93102 60257   29.41110   56  148   29.98472   27.39151  8.65%   130 1778s
 93892 60695   27.87387   58  191   29.98472   27.39151  8.65%   130 1784s
 94548 61219   28.21251   34  206   29.98472   27.39211  8.65%   131 1791s
 95270 61869 infeasible   76        29.98472   27.39328  8.64%   131 1803s
 96164 62460   27.87387   56  175   29.98472   27.39328  8.64%   131 1822s
 96961 63234 infeasible   40        29.98472   27.39373  8.64%   131 1857s
 98065 63819 infeasible   48        29.98472   27.39398  8.64%   130 1867s
 98859 64281   27.77357   66  156   29.98472   27.39398  8.64%   131 1875s
 99546 64821   28.50569   66  169   29.98472   27.39410  8.64%   131 1885s
 100320 65210   27.39412   33  321   29.98472   27.39412  8.64%   131 1893s
 100949 65871   29.67453   46  237   29.98472   27.39412  8.64%   132 1901s
 101858 66403   28.99707   48  156   29.98472   27.39428  8.64%   132 1910s
 102582 66935 infeasible   73        29.98472   27.39475  8.64%   132 1920s
 103327 67399   27.53784   43  221   29.98472   27.39492  8.64%   132 1929s
 103921 68138   27.60613   34  323   29.98472   27.39522  8.64%   132 1953s
 104998 69070   27.87387   31  238   29.98472   27.39544  8.64%   132 1975s
 106187 69616   28.15781   64  202   29.98472   27.39544  8.64%   132 1992s
 107008 70221   28.89829   49  133   29.98472   27.39544  8.64%   132 2008s
 107932 70999   29.32175   61  140   29.98472   27.39619  8.63%   132 2026s
 109015 71757   27.83612   39  146   29.98472   27.39630  8.63%   132 2041s
 110042 72445   28.82975   57  279   29.98472   27.39712  8.63%   132 2055s
 110979 72670   29.96314  158  107   29.98472   27.39740  8.63%   132 2068s
 111300 73622   28.77581   54  238   29.98472   27.39767  8.63%   132 2084s
 112561 74328   28.85279   63  135   29.98472   27.39865  8.62%   132 2129s
 113593 75043   27.87387   23  237   29.98472   27.39892  8.62%   132 2150s
 114534 75832   28.02195   54  226   29.98472   27.39892  8.62%   132 2168s
 115644 76488   28.10765   74  186   29.98472   27.39906  8.62%   132 2186s
 116594 76901   27.53432   38  285   29.98472   27.39924  8.62%   132 2200s
 117191 77761   29.02798   38  171   29.98472   27.39988  8.62%   133 2222s
 118439 78327   27.52280   46  249   29.98472   27.39988  8.62%   132 2236s
 119206 79073   28.67997   47  185   29.98472   27.40002  8.62%   133 2256s
 120215 79550   28.87752   24  180   29.98472   27.40062  8.62%   133 2274s
 120582 79550   27.85689   58  150   29.98472   27.40062  8.62%   133 2275s
 120879 80066   28.08688   41  230   29.98472   27.40062  8.62%   133 2293s
 121567 80562 infeasible   74        29.98472   27.40062  8.62%   133 2312s
 122210 81220   27.40081   30  345   29.98472   27.40081  8.62%   134 2334s
 123132 81759   27.83612   32  230   29.98472   27.40081  8.62%   134 2353s
 123876 82497   28.49177   46  225   29.98472   27.40081  8.62%   134 2377s
 124955 83657   28.08688   49  207   29.98472   27.40116  8.62%   135 2404s
 125701 83657   28.72227   70  117   29.98472   27.40120  8.62%   135 2405s
 126537 84514   27.52280   55  228   29.98472   27.40120  8.62%   135 2428s
 127724 85470   28.12464  112  168   29.98472   27.40120  8.62%   135 2452s
 128974 86044     cutoff   83        29.98472   27.40179  8.61%   135 2474s
 129751 86966   28.98092   34  244   29.98472   27.40179  8.61%   135 2497s
 131162 87884   29.92331   92  124   29.98472   27.40179  8.61%   135 2518s
 132481 88753   28.00814   44  222   29.98472   27.40229  8.61%   135 2538s
 133672 89410   28.72107   56  239   29.98472   27.40265  8.61%   135 2553s
 134598 89977   29.11236   37  164   29.98472   27.40289  8.61%   135 2565s
 135296 90859 infeasible   36        29.98472   27.40343  8.61%   136 2585s
 136481 91513   29.39982   59  196   29.98472   27.40354  8.61%   136 2601s
 137478 92242   28.13685   53  206   29.98472   27.40398  8.61%   136 2613s
 138419 92814   29.51780   80  158   29.98472   27.40435  8.61%   136 2624s
 139328 93476   27.87387   66  173   29.98472   27.40514  8.60%   136 2636s
 140221 93997 infeasible   95        29.98472   27.40537  8.60%   136 2646s
 140930 94773   28.26733   48  227   29.98472   27.40554  8.60%   136 2659s
 142018 95565   28.08776   76  185   29.98472   27.40603  8.60%   136 2671s
 143176 96217   27.87387   41  213   29.98472   27.40609  8.60%   136 2681s
 144062 96939   28.69545   44  254   29.98472   27.40631  8.60%   136 2691s
 145072 97690   28.03673   31  242   29.98472   27.40701  8.60%   136 2701s
 146104 98406   28.72706   74  137   29.98472   27.40731  8.60%   136 2712s
 147089 99079   28.07448   77  164   29.98472   27.40758  8.59%   136 2724s
 148004 99643   28.47144  122  138   29.98472   27.40805  8.59%   136 2741s
 148996 100423   28.58564   44  217   29.98472   27.40805  8.59%   136 2755s
 150151 101238   29.13134   40  183   29.98472   27.40881  8.59%   136 2766s
 151204 101866   28.90215   35  184   29.98472   27.40933  8.59%   136 2776s
 152098 102434   29.04054  105  126   29.98472   27.40961  8.59%   136 2786s
 152963 103215 infeasible  163        29.98472   27.40996  8.59%   136 2796s
 153984 103930   27.73753   55  204   29.98472   27.41005  8.59%   136 2806s
 154948 104510   29.63525   66  163   29.98472   27.41005  8.59%   136 2815s
 155743 104965   27.87387   34  236   29.98472   27.41029  8.59%   136 2824s
 156481 105373   28.07448   37  220   29.98472   27.41045  8.59%   136 2834s
 157078 105955   28.73965   90  200   29.98472   27.41074  8.58%   136 2845s
 157856 106449   27.43651   23  274   29.98472   27.41110  8.58%   136 2854s
 158563 106930   29.94373   33  256   29.98472   27.41150  8.58%   136 2864s
 159217 107420   28.03673   26  232   29.98472   27.41185  8.58%   136 2874s
 159850 108182   28.00814   40  212   29.98472   27.41203  8.58%   136 2886s
 160845 108788   29.76616   84  110   29.98472   27.41243  8.58%   136 2898s
 161758 109326   27.51183   41  326   29.98472   27.41294  8.58%   136 2911s
 162540 110080   28.87752   27  166   29.98472   27.41294  8.58%   136 2924s
 163664 110080   28.75261   56  181   29.98472   27.41294  8.58%   136 2925s
 163821 110743   28.70980   66  331   29.98472   27.41294  8.58%   136 2938s
 164859 111319   28.62873   40  257   29.98472   27.41323  8.58%   136 2949s
 165697 111928   27.42951   30  248   29.98472   27.41366  8.57%   136 2960s
 166497 112459   29.20227   51  171   29.98472   27.41387  8.57%   137 2972s
 167277 113170   27.73581   51  223   29.98472   27.41429  8.57%   137 2985s
 168298 113765 infeasible  112        29.98472   27.41453  8.57%   137 2997s
 169126 114480   28.07448   91  171   29.98472   27.41486  8.57%   137 3009s
 170148 114965   28.48492   29  232   29.98472   27.41540  8.57%   137 3019s
 170378 114965   27.87387   41  225   29.98472   27.41540  8.57%   137 3020s
 170787 115415   27.77357   39  238   29.98472   27.41540  8.57%   137 3031s
 171539 116338   27.69909   33  260   29.98472   27.41540  8.57%   137 3043s
*171977 115820             225      29.9803800   27.41561  8.55%   137 3043s
 172653 116213   28.12464   58  175   29.98038   27.41580  8.55%   137 3056s
H172992 108501                      29.8726200   27.41580  8.22%   137 3056s
 173548 108936   27.59661   26  361   29.87262   27.41621  8.22%   137 3069s
 174378 109498   28.03673   30  199   29.87262   27.41638  8.22%   137 3081s
 175297 110170   27.99468   36  195   29.87262   27.41736  8.22%   137 3094s
 176222 110905   28.23524   32  306   29.87262   27.41757  8.22%   137 3107s
 177357 111667   27.83612   45  162   29.87262   27.41768  8.22%   137 3119s
 178375 112275   27.57296   42  257   29.87262   27.41828  8.22%   137 3131s
 179304 112865   27.52112   40  227   29.87262   27.41882  8.21%   137 3141s
 180123 113503   27.93134   28  245   29.87262   27.41903  8.21%   137 3153s
 181045 114317   27.83612   27  245   29.87262   27.41925  8.21%   137 3166s
 182104 114871   29.79706   75  138   29.87262   27.41925  8.21%   137 3178s
 182956 115506   28.05371   34  267   29.87262   27.41998  8.21%   138 3191s
 183840 116617   28.01451   33  298   29.87262   27.42007  8.21%   138 3209s
 185320 117676   27.67326   47  259   29.87262   27.42053  8.21%   138 3230s
 186880 118732   28.07448   35  242   29.87262   27.42079  8.21%   138 3247s
 188320 119394 infeasible  126        29.87262   27.42138  8.21%   137 3262s
 189240 120087   27.52280   46  288   29.87262   27.42164  8.20%   138 3277s
 190179 120716   28.83632  109  140   29.87262   27.42178  8.20%   138 3295s
 191094 121488   27.42250   27  243   29.87262   27.42250  8.20%   138 3309s
 192112 122326   28.80930   65  210   29.87262   27.42250  8.20%   138 3324s
 192240 122326   29.80368   64  213   29.87262   27.42250  8.20%   138 3325s
 193354 123115   27.87387   46  183   29.87262   27.42250  8.20%   138 3341s
 194354 124028   27.87387   64  125   29.87262   27.42250  8.20%   138 3355s
 195607 125019   27.57296   41  235   29.87262   27.42250  8.20%   138 3371s
 196960 126096   27.87387   43  202   29.87262   27.42250  8.20%   138 3387s
 198390 126759   28.10368   47  247   29.87262   27.42250  8.20%   138 3401s
 199346 127448   27.42250   34  278   29.87262   27.42250  8.20%   138 3416s
 200409 128616   27.87387   28  170   29.87262   27.42250  8.20%   138 3434s
 201881 128738 infeasible   91        29.87262   27.42250  8.20%   138 3464s
H201883 128138                      29.8658400   27.42250  8.18%   138 3464s
 202048 128796   29.54293   59  144   29.86584   27.42250  8.18%   138 3476s
 203028 129197   28.17626   78  160   29.86584   27.42250  8.18%   138 3493s
 203657 129640   27.87387   38  210   29.86584   27.42250  8.18%   138 3508s
 204652 130514   28.42601   62  150   29.86584   27.42250  8.18%   138 3524s
 205867 131431   28.03673   34  261   29.86584   27.42250  8.18%   138 3540s
 207252 132296   29.58396  112  150   29.86584   27.42250  8.18%   138 3556s
 208558 132297   27.87387   80  459   29.86584   27.42250  8.18%   138 3615s

Explored 208559 nodes (28995250 simplex iterations) in 3615.97 seconds (2981.42 work units)
Thread count was 8 (of 24 available processors)

Solution count 10: 29.8658 29.8658 29.8726 ... 30.3753

Time limit reached
Best objective 2.986584000000e+01, best bound 2.742249975231e+01, gap 8.1811%
