
Gurobi 10.0.0 (win64) logging started Fri Jan 26 00:33:52 2024

Set parameter LogFile to value "C:/Users\Administrator\Documents\BNC_Repo\BNC_Tests\10_MIP_Results\n40m3\Instance_Class4_Parts40_Machines3_Instance3_logfileChe2021.txt"
Gurobi Optimizer version 10.0.0 build v10.0.0rc2 (win64)

CPU model: AMD EPYC 7513 32-Core Processor, instruction set [SSE2|AVX|AVX2]
Thread count: 24 physical cores, 24 logical processors, using up to 8 threads

Optimize a model with 129317 rows, 13321 columns and 676039 nonzeros
Model fingerprint: 0xc94a41cf
Variable types: 5121 continuous, 8200 integer (8200 binary)
Coefficient statistics:
  Matrix range     [4e-06, 4e+02]
  Objective range  [1e+00, 1e+00]
  Bounds range     [1e+00, 1e+00]
  RHS range        [1e+00, 6e+02]
Presolve removed 45868 rows and 5504 columns
Presolve time: 2.61s
Presolved: 83449 rows, 7817 columns, 489823 nonzeros
Variable types: 201 continuous, 7616 integer (7496 binary)
Found heuristic solution: objective 2586.9995600
Found heuristic solution: objective 356.6753600
Root relaxation presolved: 7817 rows, 91266 columns, 497640 nonzeros


Root simplex log...

Iteration    Objective       Primal Inf.    Dual Inf.      Time
    1722    4.7276633e+01   0.000000e+00   4.875169e+03      5s
   14702    1.2622271e+02   0.000000e+00   0.000000e+00      6s
   14702    1.2622271e+02   0.000000e+00   0.000000e+00      6s

Use crossover to convert LP symmetric solution to basic solution...

Root crossover log...

     133 DPushes remaining with DInf 0.0000000e+00                 6s
       0 DPushes remaining with DInf 0.0000000e+00                 6s

      72 PPushes remaining with PInf 0.0000000e+00                 6s
       0 PPushes remaining with PInf 0.0000000e+00                 6s

  Push phase complete: Pinf 0.0000000e+00, Dinf 4.1506382e-13      6s


Root simplex log...

Iteration    Objective       Primal Inf.    Dual Inf.      Time
   14909    1.2622271e+02   0.000000e+00   0.000000e+00      7s
   14909    1.2622271e+02   0.000000e+00   0.000000e+00      7s
   14909    1.2622271e+02   0.000000e+00   0.000000e+00      7s

Root relaxation: objective 1.262227e+02, 14909 iterations, 2.58 seconds (4.61 work units)
Total elapsed time = 12.22s
Total elapsed time = 15.27s

    Nodes    |    Current Node    |     Objective Bounds      |     Work
 Expl Unexpl |  Obj  Depth IntInf | Incumbent    BestBd   Gap | It/Node Time

     0     0  126.22271    0  147  356.67536  126.22271  64.6%     -   16s
H    0     0                     223.7343200  126.22271  43.6%     -   16s
     0     0  126.22271    0  811  223.73432  126.22271  43.6%     -   23s
     0     0  126.22271    0  414  223.73432  126.22271  43.6%     -   23s
H    0     0                     167.0826800  126.22271  24.5%     -   23s
     0     0  126.22271    0  330  167.08268  126.22271  24.5%     -   25s
     0     0  126.22271    0  134  167.08268  126.22271  24.5%     -   31s
H    0     0                     161.8405000  126.22271  22.0%     -   31s
     0     0  126.22271    0  194  161.84050  126.22271  22.0%     -   33s
     0     0  126.22271    0  187  161.84050  126.22271  22.0%     -   34s
     0     0  126.22271    0  144  161.84050  126.22271  22.0%     -   37s
     0     0  126.22271    0  161  161.84050  126.22271  22.0%     -   37s
     0     0  126.22271    0  240  161.84050  126.22271  22.0%     -   40s
H    0     0                     159.6402200  126.22271  20.9%     -   41s
     0     0  126.22271    0  222  159.64022  126.22271  20.9%     -   41s
     0     0  126.22271    0  193  159.64022  126.22271  20.9%     -   45s
     0     0  126.22271    0  124  159.64022  126.22271  20.9%     -   46s
H    0     0                     159.5187000  126.22271  20.9%     -   47s
H    0     0                     158.1042600  126.22271  20.2%     -   48s
H    0     2                     150.9889200  126.22271  16.4%     -   49s
     0     2  126.22271    0  124  150.98892  126.22271  16.4%     -   49s
     1     4  126.22271    1  294  150.98892  126.22271  16.4%  2924   50s
    23    31  126.22271    5  330  150.98892  126.22271  16.4%  1724   56s
H   31    38                     150.2529600  126.22271  16.0%  1471   57s
H   32    38                     150.2252000  126.22271  16.0%  1448   57s
H   33    38                     149.8515000  126.22271  15.8%  1457   57s
H   34    38                     149.6751400  126.22271  15.7%  1417   57s
H   67    72                     147.1251400  126.22271  14.2%   992   63s
H   68    72                     146.9108000  126.22271  14.1%  1010   63s
H   70    72                     146.4600800  126.22271  13.8%  1199   63s
H   71    72                     145.4485200  126.22271  13.2%  1184   63s
    87    96  142.22476   11  404  145.44852  126.22271  13.2%  1145   65s
    99   109  126.23177   11  179  145.44852  126.22271  13.2%  1108   70s
H  100   109                     141.6027800  126.22271  10.9%  1097   70s
H  103   109                     139.8124800  126.22271  9.72%  1103   70s
H  109   109                     139.2351600  126.22271  9.35%  1074   70s
H  112   119                     139.0651600  126.22271  9.23%  1052   71s
   174   184  126.35222   16  190  139.06516  126.22271  9.23%   902   75s
H  208   202                     139.0142600  126.22271  9.20%   861   79s
   216   228  126.35222   18  209  139.01426  126.22271  9.20%   840   80s
H  243   234                     138.7929200  126.22271  9.06%   807   84s
H  245   234                     138.6257800  126.22271  8.95%   805   84s
H  246   234                     138.5042600  126.22271  8.87%   802   84s
H  251   234                     138.1978000  126.22271  8.67%   793   84s
   252   264  126.35701   21  206  138.19780  126.22271  8.67%   791   85s
H  283   272                     137.9330600  126.22271  8.49%   771   94s
H  283   272                     137.7061000  126.22271  8.34%   771   94s
H  286   272                     137.7051600  126.22271  8.34%   766   94s
H  290   272                     137.6530800  126.22271  8.30%   760   94s
H  290   272                     136.6944800  126.22271  7.66%   760   94s
   291   294  126.99975   24  123  136.69448  126.22271  7.66%   760   96s
   406   395  126.99975   37  142  136.69448  126.22271  7.66%   730  100s
H  472   420                     136.6163600  126.22271  7.61%   705  103s
H  473   420                     136.4948400  126.22271  7.53%   707  103s
   519   489  127.84154   52  130  136.49484  126.22271  7.53%   702  105s
   610   504  128.75548   68  130  136.49484  126.22271  7.53%   666  113s
H  622   504                     136.3350000  126.22271  7.42%   670  113s
H  632   504                     136.3313600  126.22271  7.41%   672  113s
   633   564  126.49083    7  261  136.33136  126.22271  7.41%   675  115s
H  882   720                     136.1383200  126.22271  7.28%   576  133s
   892   773  128.53006   12  193  136.13832  126.22271  7.28%   586  138s
H  921   769                     135.8909400  126.22271  7.11%   582  138s
   963   844  127.55459   13  192  135.89094  126.22271  7.11%   569  141s
  1044   892  128.07593   16  207  135.89094  126.22271  7.11%   553  150s
H 1045   890                     135.8802600  126.22271  7.11%   553  150s
H 1062   890                     135.8525000  126.22271  7.09%   548  150s
  1214  1056  128.57630   21  205  135.85250  126.22271  7.09%   516  157s
  1341  1161  133.49663   25  199  135.85250  126.22271  7.09%   499  162s
  1484  1162  128.48680   53  330  135.85250  126.22271  7.09%   476  173s
  1486  1163  128.03838   74  105  135.85250  126.22271  7.09%   475  179s
  1487  1164  129.19361   40  203  135.85250  126.22271  7.09%   475  180s
  1488  1165  128.45670   48  205  135.85250  126.22271  7.09%   474  187s
  1489  1165  127.07952   20  133  135.85250  126.22271  7.09%   474  194s
  1490  1166  127.43292   56  204  135.85250  126.22271  7.09%   474  204s
  1491  1167  129.71472   48  153  135.85250  126.22271  7.09%   474  212s
  1492  1167  133.45553   96  269  135.85250  126.24730  7.07%   473  223s
  1493  1168  135.65332   75  288  135.85250  126.26448  7.06%   473  241s
  1494  1169  127.89911   67  248  135.85250  126.28978  7.04%   473  252s
  1496  1170  135.20738   63  186  135.85250  126.30276  7.03%   472  258s
  1498  1171  126.52293   18  213  135.85250  126.31013  7.02%   471  266s
  1500  1173  127.46597   22  256  135.85250  126.31879  7.02%   471  278s
  1501  1173  130.47654   25  315  135.85250  126.31955  7.02%   470  280s
  1502  1174  129.40764   52  241  135.85250  126.35222  6.99%   470  286s
  1504  1175  130.47654   45  292  135.85250  126.35222  6.99%   469  299s
  1505  1176  130.43167   28  230  135.85250  126.35222  6.99%   469  300s
  1506  1177  135.19832   27  231  135.85250  126.35222  6.99%   469  310s
  1507  1177  131.56969   73  173  135.85250  126.35222  6.99%   468  321s
  1508  1178  126.39478   20  226  135.85250  126.35222  6.99%   468  329s
  1509  1179  126.99975   25  148  135.85250  126.35222  6.99%   468  337s
  1510  1179  132.56656   63  269  135.85250  126.35250  6.99%   468  347s
  1511  1180  130.15087   53  280  135.85250  126.35261  6.99%   467  359s
  1512  1181  128.82573   72  305  135.85250  126.35332  6.99%   467  369s
  1513  1181  127.24624   13  259  135.85250  126.35465  6.99%   467  370s
  1514  1182  128.53375   44  323  135.85250  126.35489  6.99%   466  381s
  1516  1183  128.63619   25  366  135.85250  126.35496  6.99%   466  390s
  1518  1185  135.14900   85  334  135.85250  126.35503  6.99%   465  403s
  1520  1186  126.40418   23  284  135.85250  126.35514  6.99%   464  414s
  1521  1187  130.47040   29  273  135.85250  126.35514  6.99%   464  415s
  1522  1187  132.16757   60  304  135.85250  126.35522  6.99%   464  425s
  1524  1189  126.36378    8  357  135.85250  126.35653  6.99%   463  437s
  1526  1190  126.56376   19  274  135.85250  126.35666  6.99%   463  448s
  1527  1191  127.24540   29  241  135.85250  126.35666  6.99%   462  450s
  1528  1191  132.16757   60  274  135.85250  126.35666  6.99%   462  461s
  1530  1193  128.54695   73  267  135.85250  126.35666  6.99%   461  472s
  1531  1193  126.35666   13  161  135.85250  126.35666  6.99%   461  482s
  1532  1194  126.80889   39  247  135.85250  126.35666  6.99%   461  491s
  1533  1195  126.66528   33  176  135.85250  126.35666  6.99%   461  501s
H 1533  1134                     135.1623600  126.35677  6.51%   461  511s
  1535  1135  127.02816   58  235  135.16236  126.35680  6.51%   460  522s
  1540  1139  128.37185   39  113  135.16236  126.35680  6.51%   528  534s
  1541  1140  130.60970   28  241  135.16236  126.35680  6.51%   528  535s
  1542  1141  131.51225   64  191  135.16236  126.35680  6.51%   528  543s
  1543  1141  130.47654   50  138  135.16236  126.35680  6.51%   527  556s
  1544  1142  130.43167   26  333  135.16236  126.35680  6.51%   527  569s
  1545  1143  128.28095   39  110  135.16236  126.35680  6.51%   527  579s
  1546  1143  130.47654   17  165  135.16236  126.35680  6.51%   526  587s
H 1547  1086                     135.1623600  126.35680  6.51%   526  598s
  1549  1087  132.30977   59  175  135.16236  126.35680  6.51%   525  609s
  1550  1088  128.51872   45  221  135.16236  126.35680  6.51%   525  618s
  1552  1089  129.42519   80  260  135.16236  126.35726  6.51%   524  628s
  1554  1091  127.77679   26  235  135.16236  126.35786  6.51%   524  637s
  1556  1092  127.47779   55  255  135.16236  126.35829  6.51%   523  647s
H 1557  1038                     134.8730600  126.35855  6.31%   522  656s
H 1557   986                     134.8643800  126.35855  6.31%   522  656s
H 1559   937                     133.8444800  126.35887  5.59%   522  667s
H 1560   891                     133.7707000  126.35911  5.54%   521  668s
H 1561   846                     133.6969200  126.35911  5.49%   521  669s
H 1561   803                     133.3011200  126.35911  5.21%   521  678s
  1564   805  133.30112   93  284  133.30112  126.35923  5.21%   520  689s
  1565   806  130.47654   42  250  133.30112  126.35923  5.21%   520  690s
  1566   807  132.94846   89  248  133.30112  126.35923  5.21%   519  701s
  1568   808  127.80463   56  223  133.30112  126.35930  5.21%   519  711s
  1569   809  131.54182   76  138  133.30112  126.35930  5.21%   518  723s
  1570   809  126.35930   16  258  133.30112  126.35930  5.21%   518  733s
  1572   811  127.60654   43  279  133.30112  126.35932  5.21%   518  745s
  1574   812  133.28567   93  148  133.30112  126.35937  5.21%   517  756s
  1578   820  126.35937   20  196  133.30112  126.35937  5.21%   567  760s
H 1610   800                     132.8469200  126.35937  4.88%   576  764s
  1622   812  126.43354   24  201  132.84692  126.35937  4.88%   579  765s
H 1639   784                     132.5069200  126.35937  4.64%   577  769s
  1647   790  126.35937   25  192  132.50692  126.35937  4.64%   577  774s
  1655   799  126.40414   26  213  132.50692  126.35937  4.64%   578  775s
H 1680   773                     131.9969200  126.35937  4.27%   576  779s
  1687   792  126.54209   27  280  131.99692  126.35937  4.27%   577  781s
  1709   824  126.56062   28  225  131.99692  126.35937  4.27%   574  785s
  1794   908  126.44701   31  226  131.99692  126.35937  4.27%   559  793s
  1864   950  126.48952   34  227  131.99692  126.35937  4.27%   551  799s
  1933   966  127.41831   35  199  131.99692  126.35937  4.27%   543  803s
  1992   974  126.61181   36  235  131.99692  126.35937  4.27%   534  810s
  2019   994  126.61324   37  214  131.99692  126.35937  4.27%   534  816s
  2142  1071  128.00268   41  211  131.99692  126.35937  4.27%   526  827s
  2199  1146  126.77620   42  187  131.99692  126.35937  4.27%   521  831s
  2326  1161  126.89716   45  174  131.99692  126.35937  4.27%   514  836s
  2412  1227  126.92863   45  185  131.99692  126.35937  4.27%   504  840s
  2510  1283  127.09431   49  189  131.99692  126.35937  4.27%   502  846s
  2605  1351  127.63982   50  228  131.99692  126.35937  4.27%   495  852s
  2751  1318  127.49694   53  219  131.99692  126.35937  4.27%   483  859s
  2785  1410  127.71951   56  182  131.99692  126.35937  4.27%   481  865s
  2919  1419  129.85718   62  192  131.99692  126.35937  4.27%   477  871s
  2992  1488  130.33959   65  189  131.99692  126.35937  4.27%   476  876s
  3134  1498     cutoff   75       131.99692  126.35937  4.27%   469  884s
  3207  1608  126.48551   33  245  131.99692  126.35937  4.27%   468  889s
  3357  1678  127.06380   45  232  131.99692  126.35937  4.27%   465  895s
  3498  1732  128.84443   58  203  131.99692  126.35937  4.27%   465  903s
  3651  1786  127.05998   29  199  131.99692  126.35937  4.27%   462  911s
H 3662  1774                     131.9231400  126.35937  4.22%   462  911s
  3778  1980  131.11832   40  220  131.92314  126.35941  4.22%   457  919s
  4042  2169  126.98802   24  291  131.92314  126.35941  4.22%   443  932s
  4354  2499  126.99533   25  252  131.92314  126.35941  4.22%   431  938s
  4737  2515 infeasible   54       131.92314  126.35946  4.22%   421  948s
  4769  2758  127.50783   39  155  131.92314  126.35946  4.22%   421  957s
  5088  2816  131.47016   43  219  131.92314  126.35946  4.22%   412  967s
  5172  3036  131.47016   44  182  131.92314  126.35946  4.22%   411  975s
  5427  3166  131.69446   52  201  131.92314  126.36004  4.22%   409  982s
  5616  3362  126.53675   34  228  131.92314  126.36004  4.22%   413  993s
  5841  3632  127.93303   50  167  131.92314  126.36004  4.22%   413 1002s
  6267  3792  126.52273   43  212  131.92314  126.36005  4.22%   411 1012s
  6468  4105  129.30066   52  144  131.92314  126.36010  4.22%   412 1020s
  6924  4429  127.07663   35  158  131.92314  126.36010  4.22%   408 1031s
  7341  4606  129.34591   76  134  131.92314  126.36082  4.22%   404 1042s
  7605  5067  126.49338   36  148  131.92314  126.36082  4.22%   404 1053s
  8229  5392  126.36111   34  250  131.92314  126.36082  4.22%   394 1065s
  8673  5645  126.37660   36  236  131.92314  126.36082  4.22%   391 1075s
H 8847  5645                     131.9225000  126.36082  4.22%   389 1075s
  9029  5954  129.23029   68  177  131.92250  126.36082  4.22%   387 1084s
  9465  6164  127.21599   30  280  131.92250  126.36082  4.22%   388 1094s
  9882  6200  128.80513   72  147  131.92250  126.36082  4.22%   393 1109s
  9923  6296  131.44346   94  118  131.92250  126.36787  4.21%   394 1119s
 10109  6601  126.39170   36  250  131.92250  126.36821  4.21%   399 1131s
 10556  6882  127.94681   41  161  131.92250  126.36839  4.21%   404 1144s
 10922  7221  126.70405   41  246  131.92250  126.36839  4.21%   405 1157s
 11366  7530  128.78569   56  213  131.92250  126.36839  4.21%   414 1172s
 11736  7913 infeasible   74       131.92250  126.36839  4.21%   412 1185s
 12319  8276  129.19806   51  203  131.92250  126.37439  4.21%   411 1200s
 12820  8692  127.58831   46  201  131.92250  126.37660  4.20%   409 1218s
H12930  8675                     131.8472400  126.37660  4.15%   409 1218s
H13418  9209                     131.7995000  126.37934  4.11%   410 1239s
H13493  9209                     131.7984800  126.37934  4.11%   409 1239s
H13986  9207                     131.7915400  126.37934  4.11%   408 1240s
 14254  9480  131.60644  103  112  131.79154  126.37979  4.11%   407 1255s
H14534  9376                     131.6163800  126.38080  3.98%   408 1255s
H14630  9336                     131.5781600  126.38080  3.95%   409 1260s
 14631  9336  127.00529   63  330  131.57816  126.38080  3.95%   409 1285s
 14633  9337  129.70727   80  116  131.57816  126.38080  3.95%   409 1293s
 14635  9339  130.62569   88  196  131.57816  126.38080  3.95%   409 1305s
 14636  9339  127.26452   51  135  131.57816  126.38080  3.95%   409 1318s
 14637  9340  126.51903   39  236  131.57816  126.38080  3.95%   409 1335s
 14638  9341  127.64820   51  310  131.57816  126.38080  3.95%   409 1351s
 14639  9341  127.32407   39  267  131.57816  126.38080  3.95%   409 1363s
 14641  9343  131.06988   71  278  131.57816  126.38080  3.95%   409 1375s
 14643  9344  127.46439   53  254  131.57816  126.38080  3.95%   409 1387s
 14645  9345  126.84465   65  236  131.57816  126.38080  3.95%   409 1398s
 14647  9347  127.62948   54  231  131.57816  126.38080  3.95%   409 1408s
H14647  8879                     131.5599600  126.38080  3.94%   409 1408s
 14649  8880  129.04436   49  267  131.55996  126.38080  3.94%   409 1421s
 14651  8881  126.96577   36  223  131.55996  126.38080  3.94%   409 1431s
 14653  8883  126.38591   45  272  131.55996  126.38080  3.94%   409 1443s
 14654  8883  131.34208   60  129  131.55996  126.38080  3.94%   408 1456s
 14655  8884  127.93503   53  154  131.55996  126.38080  3.94%   408 1463s
 14657  8885  131.39656   72  151  131.55996  126.38080  3.94%   408 1473s
H14658  8443                     131.5426000  126.38080  3.92%   412 1475s
 14697  8476  126.55320   33  141  131.54260  126.38080  3.92%   413 1480s
 14738  8504  126.38080   36  136  131.54260  126.38080  3.92%   413 1485s
 14768  8523  126.38080   37  131  131.54260  126.38080  3.92%   413 1490s
 14795  8538 infeasible   38       131.54260  126.38080  3.92%   413 1503s
 14804  8546  126.73406   39  136  131.54260  126.38080  3.92%   413 1506s
 14839  8569  126.38080   41  117  131.54260  126.38080  3.92%   413 1511s
H14845  8145                     131.5368800  126.38080  3.92%   413 1511s
 14875  8174  126.38080   42  175  131.53688  126.38080  3.92%   413 1516s
 15008  8282  126.38080   46  163  131.53688  126.38080  3.92%   412 1520s
 15061  8321  127.25262   47  128  131.53688  126.38080  3.92%   412 1525s
 15261  8409  126.38278   53  132  131.53688  126.38080  3.92%   409 1531s
 15438  8531  126.38842   57  131  131.53688  126.38080  3.92%   409 1535s
H15563  8136                     131.5368800  126.38080  3.92%   408 1538s
 15569  8189  126.38842   59  176  131.53688  126.38080  3.92%   408 1542s
 15715  8204  126.56756   62  162  131.53688  126.38080  3.92%   407 1547s
 15734  8229  126.92191   63  162  131.53688  126.38080  3.92%   407 1558s
 15766  8271  126.38842   65  160  131.53688  126.38080  3.92%   406 1561s
 15890  8329  126.39023   70  156  131.53688  126.38080  3.92%   406 1567s
 16020  8430  126.41484   74  143  131.53688  126.38080  3.92%   405 1571s
 16193  8515  127.39154   83  149  131.53688  126.38080  3.92%   404 1576s
 16381  8592  128.13853   96  124  131.53688  126.38080  3.92%   403 1581s
 16479  8613  128.29144  103  124  131.53688  126.38080  3.92%   402 1585s
 16677  8773  128.81076  123   93  131.53688  126.38080  3.92%   401 1591s
 16802  8783  128.81153  124   85  131.53688  126.38080  3.92%   399 1596s
 16914  8839  131.51094  142   99  131.53688  126.38080  3.92%   398 1601s
 17055  8933  126.67838   33  225  131.53688  126.38080  3.92%   397 1605s
 17213  8979  127.11493   44  152  131.53688  126.38080  3.92%   396 1610s
 17492  9126  130.52145   87  149  131.53688  126.38080  3.92%   395 1619s
 17635  9206  126.89405   44  189  131.53688  126.38080  3.92%   394 1625s
 17800  9197  127.29385   58  199  131.53688  126.38080  3.92%   393 1637s
 17870  9213  127.31908   59  173  131.53688  126.38080  3.92%   393 1646s
H17872  8824                     131.4566400  126.38080  3.86%   393 1646s
 17923  8966  127.31908   60  168  131.45664  126.38080  3.86%   392 1651s
 18142  9101  129.98632   76  137  131.45664  126.38080  3.86%   390 1656s
 18375  9158  131.43830   97  109  131.45664  126.38080  3.86%   388 1660s
 18567  9265  130.61355   66  161  131.45664  126.38080  3.86%   388 1666s
 18797  9457  126.91037   55  230  131.45664  126.38080  3.86%   387 1673s
H19099  9059                     131.4392800  126.38080  3.85%   385 1680s
 19223  9188  129.59564   98  108  131.43928  126.38080  3.85%   385 1686s
 19473  9286  126.48099   51  261  131.43928  126.38080  3.85%   386 1694s
H19617  8863                     131.2985400  126.38080  3.75%   386 1694s
H19690  8637                     131.2846600  126.38080  3.74%   386 1710s
H19697  8323                     131.2779600  126.38080  3.73%   386 1710s
H19731  8016                     131.2707800  126.38080  3.73%   386 1710s
 19872  8291  128.99035   73  127  131.27078  126.38080  3.73%   385 1718s
 20254  8340  126.93786   54  203  131.27078  126.38080  3.73%   383 1725s
 20520  8549  126.52214   52  261  131.27078  126.38080  3.73%   384 1736s
H20726  8200                     131.2692800  126.38080  3.72%   383 1736s
 20903  8221  129.56824  100  133  131.26928  126.38080  3.72%   382 1749s
 21021  8536  126.38080   52  243  131.26928  126.38080  3.72%   381 1760s
 21483  8627  126.39827   53  240  131.26928  126.38080  3.72%   379 1772s
 21808  8580  126.63373   65  209  131.26928  126.38080  3.72%   378 1782s
 21897  9040  126.72515   66  196  131.26928  126.38281  3.72%   378 1795s
 22527  9393  128.34675   92  161  131.26928  126.38281  3.72%   372 1810s
 23253  9787 infeasible  116       131.26928  126.38610  3.72%   367 1827s
 24030 10224  128.49972  110  119  131.26928  126.38621  3.72%   363 1845s
 25103 10558  126.95802   84  166  131.26928  126.38621  3.72%   358 1866s
 26110 10523  126.77263   69  144  131.26928  126.38621  3.72%   354 1886s
 26590 10644  127.81255   83  115  131.26928  126.38621  3.72%   351 1905s
 26974 11332  127.81255   84  116  131.26928  126.38621  3.72%   349 1926s
 28100 11509  126.44554   68  288  131.26928  126.38750  3.72%   348 1958s
 28960 12255  128.01094   75  204  131.26928  126.38786  3.72%   347 1982s
 30427 12808  130.17647   86  172  131.26928  126.38786  3.72%   343 2008s
 32003 13217  128.23548   83  208  131.26928  126.38794  3.72%   340 2026s
 32646 14062  126.96610   69  246  131.26928  126.38816  3.72%   340 2051s
 33778 14836  129.16850  110  112  131.26928  126.38816  3.72%   337 2071s
 34962 15054  127.46606   63  248  131.26928  126.38856  3.72%   335 2118s
H35051 14890                     131.0478400  126.38856  3.56%   335 2118s
 35304 15865  127.27468   62  213  131.04784  126.38856  3.56%   335 2144s
 36709 16598  126.76331   74  237  131.04784  126.38963  3.55%   335 2170s
 37810 17196  130.53501  100  133  131.04784  126.38963  3.55%   336 2195s
 38641 18054  129.17026   77  125  131.04784  126.38977  3.55%   335 2224s
H39405 18054                     131.0478400  126.38977  3.55%   335 2224s
 39831 19067  126.40589   58  237  131.04784  126.38998  3.55%   334 2250s
 41259 19952  126.95212   73  180  131.04784  126.38998  3.55%   333 2281s
 42547 20749  127.44850   89  182  131.04784  126.38998  3.55%   330 2307s
 43711 21545  128.85207  120  130  131.04784  126.38998  3.55%   331 2338s
H44706 21016                     130.7296400  126.38998  3.32%   331 2339s
 45016 21935  127.65357   91  173  130.72964  126.38998  3.32%   331 2371s
H45414 21920                     130.7224400  126.38998  3.31%   331 2372s
H46174 21905                     130.7181000  126.38998  3.31%   331 2372s
H46339 22635                     130.6992600  126.38998  3.30%   331 2402s
 47416 23399  126.66911   71  270  130.69926  126.39001  3.30%   330 2433s
 48524 24133  130.42977   97  155  130.69926  126.39033  3.30%   330 2462s
 49611 24978  127.13197   63  216  130.69926  126.39190  3.30%   330 2491s
 50953 25693  126.49523   65  376  130.69926  126.39240  3.30%   330 2523s
 52062 26371  126.42881   71  246  130.69926  126.39364  3.29%   329 2551s
 53114 27122  126.87860   71  176  130.69926  126.39420  3.29%   331 2582s
 54223 28109  127.69945  105  103  130.69926  126.39503  3.29%   331 2610s
 55777 28579  126.99763   76  203  130.69926  126.39653  3.29%   331 2641s
 56592 29532  130.41356  122  133  130.69926  126.39727  3.29%   332 2676s
 58029 30060 infeasible   66       130.69926  126.39827  3.29%   332 2709s
H58806 30060                     130.6992600  126.39878  3.29%   333 2709s
 58910 30715  126.95147   71  232  130.69926  126.39940  3.29%   333 2747s
 59895 30793 infeasible  114       130.69926  126.39989  3.29%   333 2797s
 60051 35957  130.55732  113   66  130.69926  126.40033  3.29%   334 3008s
 65056 35957  126.86791   74  192  130.69926  126.40037  3.29%   336 3010s
 68059 36453  128.84675  116  127  130.69926  126.40602  3.28%   338 3042s
 68941 37181  127.19823   52  235  130.69926  126.40738  3.28%   340 3070s
 69976 37540  126.49338   37  251  130.69926  126.40738  3.28%   341 3092s
 70595 38071  129.35036   91  187  130.69926  126.40738  3.28%   343 3118s
 71457 38666  127.02138   62  383  130.69926  126.40945  3.28%   346 3149s
 72437 39272  127.62662   67  206  130.69926  126.41171  3.28%   348 3176s
 73377 40019  129.28445   73  219  130.69926  126.41272  3.28%   350 3208s
 74584 40580 infeasible   82       130.69926  126.41422  3.28%   351 3239s
 75505 41368  126.91413   74  247  130.69926  126.41506  3.28%   352 3273s
 76726 41928  126.60519   52  156  130.69926  126.41664  3.28%   352 3302s
 77632 42656  127.97826   63  285  130.69926  126.41760  3.28%   353 3338s
 78802 43281 infeasible   61       130.69926  126.42059  3.27%   354 3372s
 79953 44003  127.61683   81  267  130.69926  126.42229  3.27%   356 3404s
 80454 44003  128.16777   75  164  130.69926  126.42274  3.27%   356 3405s
 81124 44573  128.03736   63  333  130.69926  126.42469  3.27%   357 3437s
 82014 45211  126.76938   74  261  130.69926  126.42631  3.27%   358 3473s
 83118 45899 infeasible   74       130.69926  126.42862  3.27%   359 3514s
 84246 46830  128.35747   77  122  130.69926  126.43165  3.27%   360 3553s
 85643 47607  126.75037   73  275  130.69926  126.43229  3.26%   360 3591s
 86764 47769  129.28923   87  203  130.69926  126.43353  3.26%   361 3600s

Cutting planes:
  Learned: 472
  Gomory: 39
  Lift-and-project: 183
  Cover: 5767
  Implied bound: 1779
  Projected implied bound: 62
  Clique: 227
  MIR: 254
  StrongCG: 160
  Flow cover: 2741
  Inf proof: 101
  Zero half: 467
  RLT: 140
  Relax-and-lift: 206

Explored 87009 nodes (31481346 simplex iterations) in 3600.38 seconds (3955.37 work units)
Thread count was 8 (of 24 available processors)

Solution count 10: 130.699 130.699 130.699 ... 131.271

Time limit reached
Warning: max constraint violation (3.0069e-03) exceeds tolerance
Warning: max bound violation (3.0069e-03) exceeds tolerance
         (model may be infeasible or unbounded - try turning presolve off)
Best objective 1.306992599868e+02, best bound 1.264335334751e+02, gap 3.2638%
