
Gurobi 10.0.0 (win64) logging started Thu Jan 25 21:33:37 2024

Set parameter LogFile to value "C:/Users\Administrator\Documents\BNC_Repo\BNC_Tests\10_MIP_Results\n40m3\Instance_Class4_Parts40_Machines3_Instance2_logfileChe2021.txt"
Gurobi Optimizer version 10.0.0 build v10.0.0rc2 (win64)

CPU model: AMD EPYC 7513 32-Core Processor, instruction set [SSE2|AVX|AVX2]
Thread count: 24 physical cores, 24 logical processors, using up to 8 threads

Optimize a model with 129317 rows, 13321 columns and 683393 nonzeros
Model fingerprint: 0x70e5dcbe
Variable types: 5121 continuous, 8200 integer (8200 binary)
Coefficient statistics:
  Matrix range     [4e-06, 4e+02]
  Objective range  [1e+00, 1e+00]
  Bounds range     [1e+00, 1e+00]
  RHS range        [1e+00, 6e+02]
Presolve removed 45832 rows and 5609 columns
Presolve time: 2.67s
Presolved: 83485 rows, 7712 columns, 485455 nonzeros
Variable types: 201 continuous, 7511 integer (7391 binary)
Found heuristic solution: objective 1392.6056800
Found heuristic solution: objective 395.9117000
Root relaxation presolved: 7712 rows, 91197 columns, 493167 nonzeros


Root simplex log...

Iteration    Objective       Primal Inf.    Dual Inf.      Time
       0   -0.0000000e+00   0.000000e+00   1.789906e+04     10s
    6971    1.2907991e+02   0.000000e+00   0.000000e+00     11s
    6971    1.2907991e+02   0.000000e+00   0.000000e+00     11s

Use crossover to convert LP symmetric solution to basic solution...

Root crossover log...

       0 DPushes remaining with DInf 0.0000000e+00                11s

     124 PPushes remaining with PInf 0.0000000e+00                11s
       0 PPushes remaining with PInf 0.0000000e+00                11s

  Push phase complete: Pinf 0.0000000e+00, Dinf 2.5664887e-13     11s


Root simplex log...

Iteration    Objective       Primal Inf.    Dual Inf.      Time
    7187    1.2907991e+02   0.000000e+00   0.000000e+00     11s
    7187    1.2907991e+02   0.000000e+00   0.000000e+00     11s
    7187    1.2907991e+02   0.000000e+00   0.000000e+00     11s

Root relaxation: objective 1.290799e+02, 7187 iterations, 2.11 seconds (3.42 work units)
Total elapsed time = 15.13s

    Nodes    |    Current Node    |     Objective Bounds      |     Work
 Expl Unexpl |  Obj  Depth IntInf | Incumbent    BestBd   Gap | It/Node Time

     0     0  129.07991    0  119  395.91170  129.07991  67.4%     -   18s
     0     0  129.07991    0  553  395.91170  129.07991  67.4%     -   23s
     0     0  129.07991    0  342  395.91170  129.07991  67.4%     -   24s
H    0     0                     333.9117000  129.07991  61.3%     -   24s
     0     0  129.07991    0  349  333.91170  129.07991  61.3%     -   27s
     0     0  129.07991    0  112  333.91170  129.07991  61.3%     -   41s
H    0     0                     289.0996200  129.07991  55.4%     -   46s
     0     0  129.07991    0  296  289.09962  129.07991  55.4%     -   52s
     0     0  129.07991    0  216  289.09962  129.07991  55.4%     -   52s
H    0     0                     268.6670400  129.07991  52.0%     -   53s
H    0     0                     160.2151200  129.07991  19.4%     -   54s
     0     0  129.07991    0  215  160.21512  129.07991  19.4%     -   55s
     0     0  129.07991    0  161  160.21512  129.07991  19.4%     -   55s
     0     0  129.07991    0  155  160.21512  129.07991  19.4%     -   60s
H    0     0                     156.7251600  129.07991  17.6%     -   60s
     0     0  129.07991    0  148  156.72516  129.07991  17.6%     -   61s
     0     0  129.07991    0  115  156.72516  129.07991  17.6%     -   67s
     0     0  129.07991    0  178  156.72516  129.07991  17.6%     -   69s
     0     0  129.07991    0  150  156.72516  129.07991  17.6%     -   69s
     0     0  129.07991    0  139  156.72516  129.07991  17.6%     -   74s
     0     0  129.07991    0  139  156.72516  129.07991  17.6%     -   76s
H    0     2                     154.5853000  129.07991  16.5%     -   84s
     0     2  129.07991    0  119  154.58530  129.07991  16.5%     -   84s
     1     4  129.07991    1  138  154.58530  129.07991  16.5%  3372   85s
    21    13  149.44930    5  239  154.58530  129.07991  16.5%  1098   91s
H   29    21                     154.4153000  129.07991  16.4%  1093   94s
H   29    21                     154.2427800  129.07991  16.3%  1093   94s
H   30    21                     153.4140900  129.07991  15.9%  1077   94s
H   31    21                     150.4330000  129.07991  14.2%  1049   94s
H   32    21                     148.1790600  129.07991  12.9%  1036   94s
    37    24     cutoff    7       148.17906  129.07991  12.9%  1131   96s
    61    43  142.17294   10  234  148.17906  129.07991  12.9%   973  100s
H   65    43                     147.3792300  129.07991  12.4%   939  100s
H   70    50                     147.2720400  129.07991  12.4%   984  103s
    92    48  129.07991    0  349  147.27204  129.07991  12.4%   873  113s
    94    49  129.07991    0  138  147.27204  129.07991  12.4%   854  127s
    96    51  129.07991    0  183  147.27204  129.07991  12.4%   836  135s
    97    51  129.07991    0  137  147.27204  129.07991  12.4%   828  144s
    98    52  129.07991    0  117  147.27204  129.07991  12.4%   819  150s
    99    53  129.07991    0  177  147.27204  129.07991  12.4%   811  158s
   100    53  129.07991    0  190  147.27204  129.07991  12.4%   803  165s
   101    54  129.07991    0  135  147.27204  129.07991  12.4%   795  173s
   102    55  129.07991    0  202  147.27204  129.07991  12.4%   787  180s
   103    55  129.07991    0  137  147.27204  129.07991  12.4%   780  189s
   104    56  129.07991    0  199  147.27204  129.07991  12.4%   772  193s
   105    57  129.07991    0  111  147.27204  129.07991  12.4%   765  202s
   106    57  129.07991    0  227  147.27204  129.07991  12.4%   757  208s
H  106    53                     147.1642500  129.07991  12.3%   757  216s
   108    55  129.07991    0  190  147.16425  129.07991  12.3%   743  223s
   109    55  129.07991    0  176  147.16425  129.07991  12.3%   737  233s
   110    56  129.07991    0  171  147.16425  129.07991  12.3%   730  242s
H  110    53                     147.1452000  129.07991  12.3%   730  246s
H  111    53                     147.0309000  129.07991  12.2%  1257  248s
   114    58  129.07991   15  101  147.03090  129.07991  12.2%  1259  250s
   134    69  129.07991   18  200  147.03090  129.07991  12.2%  1304  259s
H  142    70                     146.9089800  129.07991  12.1%  1416  264s
H  143    68                     146.7031500  129.07991  12.0%  1474  264s
   150    73  129.07991   19  182  146.70315  129.07991  12.0%  1483  268s
   158    79  129.10756   19  272  146.70315  129.07991  12.0%  1533  270s
H  179    83                     143.3312800  129.07991  9.94%  1544  277s
   188    88  129.51059   21  195  143.33128  129.07991  9.94%  1528  281s
   208   103  129.51059   22  197  143.33128  129.07991  9.94%  1539  286s
H  219   105                     143.3100600  129.07991  9.93%  1519  294s
H  219   102                     142.9471800  129.07991  9.70%  1519  294s
H  221   100                     142.8399900  129.07991  9.63%  1510  294s
H  222   100                     142.6223800  129.07991  9.50%  1506  294s
H  224   100                     140.4131200  129.07991  8.07%  1502  294s
   227    99  129.51059   23  197  140.41312  129.07991  8.07%  1488  297s
   242   104  129.51059   23  203  140.41312  129.07991  8.07%  1436  300s
   267   115  129.51059   24  220  140.41312  129.07991  8.07%  1348  305s
   306   150  129.61507   26  197  140.41312  129.07991  8.07%  1350  312s
H  310   150                     140.2998300  129.07991  8.00%  1353  312s
H  313   150                     140.2807800  129.07991  7.98%  1355  312s
   350   186  130.43470   28  145  140.28078  129.07991  7.98%  1283  328s
H  351   186                     140.2617300  129.07991  7.97%  1280  328s
   358   210  129.61002   28  215  140.26173  129.07991  7.97%  1286  330s
   450   299  129.77143   32  181  140.26173  129.07991  7.97%  1184  336s
H  509   337                     140.2568800  129.07991  7.97%  1177  351s
H  513   337                     139.7999000  129.07991  7.67%  1181  351s
H  517   348                     138.7292000  129.07991  6.96%  1178  361s
   579   442  131.06391   37  180  138.72920  129.07991  6.96%  1133  367s
   705   502  130.28717   41  172  138.72920  129.07991  6.96%  1014  372s
   767   543  130.50309   43  191  138.72920  129.07991  6.96%   982  375s
   865   621  132.26325   46  118  138.72920  129.07991  6.96%   960  382s
   924   639  131.69590   46  145  138.72920  129.07991  6.96%   938  393s
H  925   639                     138.6560600  129.07991  6.91%   937  393s
   964   668  132.26325   48  122  138.65606  129.07991  6.91%   927  397s
  1009   699  134.04066   50  175  138.65606  129.07991  6.91%   929  401s
  1104   781  130.19031   22  174  138.65606  129.07991  6.91%   931  407s
  1156   820  130.79722   25  189  138.65606  129.07991  6.91%   931  412s
  1211   859  131.90461   28  147  138.65606  129.07991  6.91%   926  416s
  1258   897  132.41499   34  172  138.65606  129.07991  6.91%   937  422s
  1328   909     cutoff   49       138.65606  129.07991  6.91%   938  437s
  1369   945  129.11804   20  249  138.65606  129.07991  6.91%   932  442s
  1416  1008  129.11804   22  245  138.65606  129.07991  6.91%   921  446s
  1489  1096  134.16511   31  273  138.65606  129.07991  6.91%   916  454s
  1600  1096  131.49793   56  135  138.65606  129.07991  6.91%   885  455s
  1639  1169  136.16260   49  127  138.65606  129.07991  6.91%   887  460s
  1747  1222  129.07991   22  192  138.65606  129.07991  6.91%   870  465s
  1813  1305  130.09233   25  161  138.65606  129.07991  6.91%   882  470s
  1913  1397  130.19031   35  185  138.65606  129.07991  6.91%   882  477s
  2064  1478  132.01886   42  150  138.65606  129.07991  6.91%   859  495s
  2162  1571  138.60985   53  208  138.65606  129.07991  6.91%   859  505s
  2300  1670  138.25348   65  120  138.65606  129.07991  6.91%   847  514s
  2431  1677  129.15379   22  198  138.65606  129.07991  6.91%   846  543s
H 2437  1665                     138.1651200  129.07991  6.58%   846  543s
  2440  1807  129.15379   23  185  138.16512  129.07991  6.58%   846  558s
H 2481  1807                     138.1650000  129.07991  6.58%   841  558s
  2616  1944  137.69628   38  113  138.16500  129.07991  6.58%   834  569s
H 2626  1944                     138.1613100  129.07991  6.57%   833  569s
H 2791  1969                     138.1259400  129.07991  6.55%   815  580s
  2896  2059  129.16401   25  218  138.12594  129.07991  6.55%   808  589s
  3041  2121  130.51570   27  121  138.12594  129.07991  6.55%   808  599s
H 3057  2120                     138.0803200  129.07991  6.52%   807  599s
  3163  2248  131.13408   40  177  138.08032  129.07991  6.52%   806  608s
  3346  2357  133.29263   69  156  138.08032  129.07991  6.52%   798  620s
  3554  2425  130.76305   39  207  138.08032  129.07991  6.52%   792  629s
H 3593  2419                     138.0478200  129.07991  6.50%   792  629s
  3642  2529  130.28174   27  266  138.04782  129.07991  6.50%   793  641s
  3842  2619  129.22326   31  276  138.04782  129.07991  6.50%   790  651s
  4006  2706  130.80014   32  142  138.04782  129.16401  6.44%   792  663s
H 4042  2691                     137.9783800  129.16401  6.39%   791  663s
  4134  2850  130.43470   27  245  137.97838  129.20545  6.36%   791  674s
  4331  2850  133.90009   45  137  137.97838  129.23220  6.34%   781  675s
  4349  2996  130.43470   27  187  137.97838  129.23220  6.34%   785  686s
  4576  3119  132.06978   36   91  137.97838  129.27909  6.30%   779  697s
  4797  3279  130.54301   33  234  137.97838  129.44314  6.19%   780  709s
  5031  3458  130.82164   25  155  137.97838  129.44314  6.19%   781  724s
  5349  3622  135.41916   76  136  137.97838  129.61269  6.06%   772  738s
H 5440  3513                     137.3807700  129.62576  5.64%   773  738s
  5649  3657  132.05619   39  162  137.38077  129.63793  5.64%   766  752s
  5942  3796  129.65437   33  198  137.38077  129.63793  5.64%   768  765s
  6135  4028  130.69183   43  213  137.38077  129.63793  5.64%   785  780s
  6418  4204  135.56494   59  174  137.38077  129.63793  5.64%   791  794s
H 6692  4333                     137.2752999  129.65047  5.55%   794  811s
H 6724  4323                     137.2579400  129.65047  5.54%   793  811s
H 6764  4311                     137.2108400  129.65047  5.51%   791  811s
  6934  4556  136.62625   68   97  137.21084  129.71914  5.46%   787  832s
  7316  4721 infeasible   35       137.21084  129.73411  5.45%   779  848s
  7576  4935  130.63759   42  304  137.21084  129.74876  5.44%   784  875s
H 7952  5108                     137.2007700  129.75052  5.43%   793  895s
H 8201  5098                     137.1891400  129.75555  5.42%   791  895s
  8232  5334  131.69262   32  139  137.18914  129.75806  5.42%   790  914s
  8577  5630  130.54301   28  245  137.18914  129.78611  5.40%   789  936s
  9044  5908  130.55228   27  177  137.18914  129.79541  5.39%   785  962s
  9496  6313  131.48310   33  233  137.18914  129.80084  5.39%   783  979s
  9821  6313  131.74188   26  132  137.18914  129.80667  5.38%   775  980s
 10029  6612  133.91654   38  141  137.18914  129.82021  5.37%   772  998s
 10493  6880  130.90845   36  148  137.18914  129.83479  5.36%   770 1025s
 10984  7189  136.07318   40  121  137.18914  129.88558  5.32%   765 1052s
 11547  7379  133.29374   21  150  137.18914  129.93026  5.29%   757 1072s
 12003  7568  132.32723   31  219  137.18914  129.94639  5.28%   759 1095s
 12403  7988  132.24175   21  121  137.18914  130.02076  5.23%   760 1126s
 13052  8262  130.56900   29  228  137.18914  130.04010  5.21%   753 1153s
 13489  8650  134.11199   44  231  137.18914  130.06339  5.19%   754 1180s
 14062  8887  133.18424   42   98  137.18914  130.09233  5.17%   754 1205s
 14516  8888  133.17498   43  349  137.18914  130.11793  5.15%   756 1250s
 14518  8889  132.87335   33  129  137.18914  130.11793  5.15%   756 1265s
 14520  8891  131.21191   39  152  137.18914  130.11793  5.15%   756 1271s
 14521  8891  135.51240   69  167  137.18914  130.11793  5.15%   756 1285s
 14522  8892  130.57614   26  218  137.18914  130.11793  5.15%   756 1296s
 14524  8893  135.10430   40  258  137.18914  130.11793  5.15%   756 1305s
 14526  8895  135.16544   64  212  137.18914  130.11793  5.15%   755 1314s
 14527  8895  130.77865   26  190  137.18914  130.11793  5.15%   755 1315s
 14528  8896  134.37021   50  212  137.18914  130.11793  5.15%   755 1323s
H14528  8451                     137.1804600  130.11793  5.15%   755 1332s
 14529  8452  134.78431   66  135  137.18046  130.11793  5.15%   755 1339s
 14530  8452  131.03143   32  232  137.18046  130.11793  5.15%   755 1348s
 14531  8453  132.47828   43  139  137.18046  130.11793  5.15%   755 1357s
 14532  8454  133.11508   50  189  137.18046  130.11793  5.15%   755 1363s
 14533  8454  132.71359   39  173  137.18046  130.11793  5.15%   755 1371s
 14534  8455  130.45158   29  200  137.18046  130.11793  5.15%   755 1379s
 14535  8456  131.40950   26  126  137.18046  130.11793  5.15%   755 1387s
 14536  8456  133.15058   42  177  137.18046  130.11793  5.15%   755 1395s
 14537  8457  132.30609   60  154  137.18046  130.11793  5.15%   755 1404s
 14538  8458  133.80902   50  154  137.18046  130.11793  5.15%   755 1413s
 14540  8462  130.11793   28  151  137.18046  130.11793  5.15%   760 1417s
 14554  8477  130.11793   31  170  137.18046  130.11793  5.15%   760 1420s
 14605  8511  130.19372   34  343  137.18046  130.11793  5.15%   761 1431s
H14607  8087                     137.1741000  130.11793  5.14%   761 1431s
H14608  7684                     136.7501600  130.11793  4.85%   761 1431s
H14612  7301                     136.5678800  130.11793  4.72%   761 1431s
H14649  6970                     136.4860600  130.11793  4.67%   761 1444s
H14653  6623                     136.4604599  130.20432  4.58%   761 1444s
 14657  6635  132.07375   36  267  136.46046  130.20432  4.58%   761 1445s
 14695  6647  130.76359   38  168  136.46046  130.21526  4.58%   762 1450s
H14760  6360                     136.3465400  130.21526  4.50%   763 1454s
 14774  6385  130.76675   42  287  136.34654  130.21526  4.50%   763 1455s
 14906  6463  132.06978   52  116  136.34654  130.21526  4.50%   759 1460s
 15047  6515  132.06978   63   95  136.34654  130.21526  4.50%   756 1465s
 15214  6620  132.06978   73  114  136.34654  130.21526  4.50%   752 1471s
 15377  6709  130.45158   37  107  136.34654  130.30157  4.43%   747 1476s
 15577  6820  134.62202   61  118  136.34654  130.30157  4.43%   740 1481s
 15720  6867  132.91642   70   91  136.34654  130.30157  4.43%   737 1499s
 15804  6874  132.91642   87   93  136.34654  130.30157  4.43%   734 1501s
 15921  6932  132.91642  108  120  136.34654  130.30157  4.43%   731 1507s
 15984  6961 infeasible  121       136.34654  130.41414  4.35%   730 1510s
 16121  7044  130.45158   39  116  136.34654  130.41414  4.35%   727 1515s
 16282  7111  130.45510   49  237  136.34654  130.41414  4.35%   724 1521s
 16444  7165  130.64753   68  176  136.34654  130.41414  4.35%   721 1526s
 16597  7262  131.54330   76  126  136.34654  130.41414  4.35%   719 1533s
 16705  7283  130.99852   85  107  136.34654  130.41414  4.35%   716 1536s
 16875  7396 infeasible   96       136.34654  130.41414  4.35%   714 1542s
 16997  7441  136.33585  106  163  136.34654  130.45158  4.32%   712 1546s
 17119  7567  130.72534   37  217  136.34654  130.45158  4.32%   710 1555s
 17433  7597  133.90337   62  163  136.34654  130.45158  4.32%   704 1563s
 17643  7659  130.65694   53  263  136.34654  130.45158  4.32%   701 1574s
 17827  7761  132.10170   70  217  136.34654  130.45158  4.32%   698 1583s
 18073  7899  131.20787   48  181  136.34654  130.45158  4.32%   695 1593s
 18382  8054  133.94821   76  134  136.34654  130.45158  4.32%   691 1604s
 18802  8185  131.15907   48  223  136.34654  130.45158  4.32%   686 1615s
 19294  8307  130.45158   42  137  136.34654  130.45158  4.32%   680 1628s
 19716  8401  132.05068   59  170  136.34654  130.45158  4.32%   676 1640s
 20161  8575  134.22318   51  184  136.34654  130.45158  4.32%   672 1654s
 20665  8686  131.78405   48  301  136.34654  130.45158  4.32%   667 1668s
 21119  8887  135.53145   64  188  136.34654  130.45158  4.32%   663 1685s
 21709  8973  135.54876   81  176  136.34654  130.45158  4.32%   657 1701s
 22238  9205  131.75794   43  102  136.34654  130.45158  4.32%   653 1719s
 22878  9143  130.52343   43  185  136.34654  130.45158  4.32%   646 1732s
 23090  9384  130.52841   44  186  136.34654  130.45158  4.32%   646 1751s
 23631  9668  130.90845   40  144  136.34654  130.45158  4.32%   645 1769s
 24344  9771  134.41101   66  250  136.34654  130.45158  4.32%   638 1785s
 24916  9936  132.84130   48  234  136.34654  130.45158  4.32%   637 1803s
 25469 10053  131.16967   45  216  136.34654  130.45158  4.32%   633 1816s
 26037 10249  132.37301   47  207  136.34654  130.45158  4.32%   634 1835s
 26890 10300  130.87730   75  197  136.34654  130.45158  4.32%   628 1854s
 27055 10245  132.44697   43  259  136.34654  130.45158  4.32%   627 1855s
 27611 10492  132.15874   53  181  136.34654  130.45158  4.32%   626 1875s
 28243 10587  132.19379   64  225  136.34654  130.45158  4.32%   627 1909s
H28574 10166                     136.3465400  130.45158  4.32%   627 1909s
 28796 10362  131.87912   66  237  136.34654  130.45158  4.32%   625 1929s
 29056 10275  132.02134   44  135  136.34654  130.45158  4.32%   625 1930s
 29232 10662  132.73965   67  318  136.34654  130.45158  4.32%   625 1950s
 30027 10759  134.14190   53  194  136.34654  130.45158  4.32%   622 1969s
 30618 11065  135.19478   57  194  136.34654  130.45158  4.32%   621 1990s
 31433 11276  135.51746   96  177  136.34654  130.45158  4.32%   619 2013s
 32296 11354  133.65977   69  188  136.34654  130.46598  4.31%   615 2035s
 33113 11685  133.84860   74  205  136.34654  130.48236  4.30%   613 2055s
 33683 12175  133.80379   51  124  136.34654  130.48965  4.30%   614 2077s
 34465 12650  131.88081   42  174  136.34654  130.49845  4.29%   614 2102s
 35159 13025  132.31022   47  248  136.34654  130.51685  4.28%   615 2128s
 35836 13555  131.38738   55  234  136.34654  130.51690  4.28%   616 2153s
 36724 14018  135.09636   65  126  136.34654  130.53472  4.26%   614 2180s
 37767 14371  133.83781   63  210  136.34654  130.54301  4.26%   613 2207s
 38684 14820  133.57615   53  119  136.34654  130.54301  4.26%   613 2233s
 39605 15332  133.18424   53  158  136.34654  130.57446  4.23%   612 2258s
 40507 15855  135.21253   68  107  136.34654  130.58463  4.23%   610 2283s
 41503 16274 infeasible   52       136.34654  130.59705  4.22%   609 2307s
 42383 16738  135.87745   54  189  136.34654  130.61488  4.20%   608 2332s
 43307 17098  131.55587   40  189  136.34654  130.62521  4.20%   607 2354s
 44185 17591  132.40434   46  255  136.34654  130.64753  4.18%   607 2380s
 45107 18159  132.00575   54  217  136.34654  130.65267  4.18%   607 2404s
 45977 18827  132.08453   57  263  136.34654  130.65936  4.17%   606 2426s
 47215 19218  132.37810   58  173  136.34654  130.66681  4.17%   602 2448s
 48006 19529  132.56880   44  215  136.34654  130.67393  4.16%   601 2468s
 48780 19859  133.84110   63  150  136.34654  130.68019  4.16%   601 2490s
 49689 20189  132.19312   62  161  136.34654  130.69733  4.14%   600 2512s
 50620 20520  135.26794   70  140  136.34654  130.70945  4.13%   598 2531s
 51299 20823  132.17182   41  146  136.34654  130.72045  4.13%   599 2551s
 52281 21198  132.77736   39  238  136.34654  130.73680  4.11%   597 2573s
 52960 21583  132.15032   64  113  136.34654  130.74952  4.10%   597 2594s
 53598 21943  136.23184   63  179  136.34654  130.74952  4.10%   597 2615s
 54328 22338  133.74619   62  129  136.34654  130.76675  4.09%   597 2634s
 54929 22651  132.22445   49  203  136.34654  130.77581  4.09%   597 2655s
 55676 23145  134.04927   71  223  136.34654  130.78552  4.08%   597 2679s
 56448 23653     cutoff   59       136.34654  130.80014  4.07%   595 2702s
 57166 24052  133.12026   37  114  136.34654  130.80014  4.07%   596 2728s
 57985 24594  133.28222   72  127  136.34654  130.80014  4.07%   596 2750s
 58887 25067  133.34753   47  123  136.34654  130.80014  4.07%   595 2774s
 59669 25673  130.86699   44  312  136.34654  130.80014  4.07%   595 2802s
 60613 26228  131.01554   49  376  136.34654  130.80014  4.07%   595 2832s
 61659 26543  134.86509   57  165  136.34654  130.80406  4.06%   593 2857s
 62366 26948  136.16926   63  166  136.34654  130.81754  4.06%   593 2883s
 63074 27369  130.89092   42  244  136.34654  130.82770  4.05%   594 2907s
 63930 27896  132.10835   62  223  136.34654  130.83512  4.04%   595 2939s
 64993 28298  132.98756   60  205  136.34654  130.84506  4.03%   594 2966s
 65837 28789  131.56229   45  242  136.34654  130.85698  4.03%   594 2995s
 66773 29239  133.29028   56  131  136.34654  130.87162  4.02%   593 3020s
 67581 29557  133.30032   52  353  136.34654  130.88706  4.00%   593 3048s
 68239 29717  131.82744   42  277  136.34654  130.90109  3.99%   594 3094s
 68558 30132  133.88528   54  151  136.34654  130.90223  3.99%   595 3123s
 69320 30589  131.04146   47  199  136.34654  130.90845  3.99%   596 3150s
 70074 30914  134.65704   49  216  136.34654  130.90845  3.99%   598 3180s
 70685 31442  131.04401   36  324  136.34654  130.90845  3.99%   600 3212s
 71411 32023  133.59846   61  156  136.34654  130.90845  3.99%   601 3246s
 72317 32563  135.09343   49  174  136.34654  130.91273  3.99%   601 3281s
 73342 32936  131.57465   41  315  136.34654  130.92243  3.98%   602 3306s
 74062 33247  134.22603   59  265  136.34654  130.93342  3.97%   602 3330s
 74687 33740  131.68526   52  188  136.34654  130.94138  3.96%   603 3364s
 75376 34339  133.61338   61  228  136.34654  130.94843  3.96%   605 3403s
 76569 34907  133.49866   58  180  136.34654  130.95938  3.95%   604 3439s
 77550 35409  136.01051   69  226  136.34654  130.96344  3.95%   605 3476s
 78630 35856  132.08689   33  199  136.34654  130.97636  3.94%   605 3506s
 79373 36414  133.05433   48  276  136.34654  130.98640  3.93%   606 3537s
 80312 36849  136.08440   88  148  136.34654  130.99718  3.92%   605 3573s
 81229 37315  131.81471   49  246  136.34654  131.00543  3.92%   606 3600s

Cutting planes:
  Learned: 154
  Gomory: 96
  Lift-and-project: 50
  Cover: 3035
  Implied bound: 2918
  Projected implied bound: 67
  Clique: 57
  MIR: 304
  StrongCG: 508
  Flow cover: 2978
  GUB cover: 48
  Inf proof: 98
  Zero half: 900
  Network: 1
  RLT: 192
  Relax-and-lift: 209
  BQP: 1

Explored 82242 nodes (49897191 simplex iterations) in 3600.65 seconds (6160.49 work units)
Thread count was 8 (of 24 available processors)

Solution count 10: 136.347 136.347 136.347 ... 137.189

Time limit reached
Warning: max constraint violation (3.1369e-03) exceeds tolerance
Warning: max bound violation (3.1369e-03) exceeds tolerance
         (model may be infeasible or unbounded - try turning presolve off)
Best objective 1.363465399863e+02, best bound 1.310135013434e+02, gap 3.9114%
