
Gurobi 10.0.0 (win64) logging started Wed Jan 24 23:31:47 2024

Set parameter LogFile to value "C:/Users\Administrator\Documents\BNC_Repo\BNC_Tests\10_MIP_Results\n40m3\Instance_Class2_Parts40_Machines3_Instance5_logfileChe1021.txt"
Gurobi Optimizer version 10.0.0 build v10.0.0rc2 (win64)

CPU model: AMD EPYC 7513 32-Core Processor, instruction set [SSE2|AVX|AVX2]
Thread count: 24 physical cores, 24 logical processors, using up to 8 threads

Optimize a model with 129317 rows, 13321 columns and 683711 nonzeros
Model fingerprint: 0x0bfd126a
Variable types: 5121 continuous, 8200 integer (8200 binary)
Coefficient statistics:
  Matrix range     [3e-06, 4e+02]
  Objective range  [1e+00, 1e+00]
  Bounds range     [1e+00, 1e+00]
  RHS range        [1e+00, 6e+02]
Presolve removed 47128 rows and 5541 columns
Presolve time: 2.50s
Presolved: 82189 rows, 7780 columns, 472857 nonzeros
Variable types: 201 continuous, 7579 integer (7459 binary)
Found heuristic solution: objective 799.8717000
Found heuristic solution: objective 739.1681600
Found heuristic solution: objective 336.2048000
Root relaxation presolved: 7780 rows, 89969 columns, 480637 nonzeros


Root simplex log...

Iteration    Objective       Primal Inf.    Dual Inf.      Time
       0    4.0000000e+00   0.000000e+00   7.234449e+04     16s
   16857    5.9291224e+01   0.000000e+00   8.646352e+03     20s
   20915    4.9279873e+01   0.000000e+00   0.000000e+00     21s
   20915    4.9279873e+01   0.000000e+00   0.000000e+00     21s

Use crossover to convert LP symmetric solution to basic solution...

Root crossover log...

     128 DPushes remaining with DInf 0.0000000e+00                21s
       0 DPushes remaining with DInf 0.0000000e+00                21s

     223 PPushes remaining with PInf 0.0000000e+00                21s
       0 PPushes remaining with PInf 0.0000000e+00                21s

  Push phase complete: Pinf 0.0000000e+00, Dinf 1.5654925e-13     21s


Root simplex log...

Iteration    Objective       Primal Inf.    Dual Inf.      Time
   21251    4.9279873e+01   0.000000e+00   0.000000e+00     21s
   21251    4.9279873e+01   0.000000e+00   0.000000e+00     21s
   21251    4.9279873e+01   0.000000e+00   0.000000e+00     21s

Root relaxation: objective 4.927987e+01, 21251 iterations, 6.27 seconds (14.33 work units)

    Nodes    |    Current Node    |     Objective Bounds      |     Work
 Expl Unexpl |  Obj  Depth IntInf | Incumbent    BestBd   Gap | It/Node Time

     0     0   49.27987    0  413  336.20480   49.27987  85.3%     -   25s
H    0     0                     210.8032000   49.27987  76.6%     -   25s
     0     0   49.43427    0 1727  210.80320   49.43427  76.5%     -   59s
     0     0   49.43435    0  786  210.80320   49.43435  76.5%     -   68s
H    0     0                     150.1333800   49.43435  67.1%     -   68s
     0     0   49.43639    0  521  150.13338   49.43639  67.1%     -   72s
     0     0   49.43639    0  554  150.13338   49.43639  67.1%     -   81s
H    0     0                     120.8083000   49.43639  59.1%     -   81s
H    0     0                     114.3628800   49.43639  56.8%     -   81s
     0     0   49.69363    0  695  114.36288   49.69363  56.5%     -   97s
H    0     0                     105.1566000   49.69363  52.7%     -   98s
H    0     0                     100.9866800   49.69363  50.8%     -   98s
     0     0   49.73732    0  677  100.98668   49.73732  50.7%     -   99s
     0     0   49.77370    0  669  100.98668   49.77370  50.7%     -  106s
H    0     0                      99.2545300   49.77370  49.9%     -  107s
     0     0   49.92674    0  763   99.25453   49.92674  49.7%     -  116s
     0     0   50.01343    0  835   99.25453   50.01343  49.6%     -  130s
H    0     0                      98.1868000   50.01343  49.1%     -  130s
     0     0   50.05005    0  787   98.18680   50.05005  49.0%     -  135s
     0     0   50.05005    0  470   98.18680   50.05005  49.0%     -  155s
     0     0   50.05005    0  407   98.18680   50.05005  49.0%     -  157s
H    0     0                      93.4646800   50.05005  46.5%     -  162s
H    0     0                      91.9066200   50.05005  45.5%     -  162s
     0     0   50.05005    0  487   91.90662   50.05005  45.5%     -  162s
H    0     0                      91.5333800   50.05005  45.3%     -  163s
     0     0   50.05005    0  486   91.53338   50.05005  45.3%     -  164s
H    0     0                      90.0468800   50.05005  44.4%     -  168s
     0     0   50.05005    0  482   90.04688   50.05005  44.4%     -  168s
     0     0   50.05005    0  377   90.04688   50.05005  44.4%     -  169s
H    0     0                      90.0191600   50.05005  44.4%     -  172s
H    0     0                      74.9293200   50.05005  33.2%     -  177s
H    0     0                      74.3288800   50.05005  32.7%     -  177s
H    0     2                      72.8489400   50.05005  31.3%     -  178s
     0     2   50.05005    0  260   72.84894   50.05005  31.3%     -  178s
     3     8   50.05005    2  308   72.84894   50.05005  31.3%  2041  181s
    15    24   50.48645    4  392   72.84894   50.05005  31.3%  2413  187s
    23    32   50.73826    5  348   72.84894   50.05005  31.3%  2824  190s
H   31    40                      71.5567400   50.24312  29.8%  2845  191s
H   33    40                      67.6334400   50.24312  25.7%  3101  191s
    55    62   51.05474    7  363   67.63344   50.24312  25.7%  2567  196s
    63    69   51.06469    8  335   67.63344   50.24312  25.7%  2479  200s
H   71    80                      67.1039600   50.24312  25.1%  2495  203s
H   73    80                      66.6077400   50.24312  24.6%  2451  203s
H   73    80                      66.1201600   50.24312  24.0%  2451  203s
H   74    80                      64.6538800   50.24312  22.3%  2444  203s
    82    94   53.30654   10  330   64.65388   50.24312  22.3%  2481  205s
H  112   118                      64.6285500   50.24312  22.3%  2086  213s
H  113   118                      63.7723600   50.24312  21.2%  2083  213s
H  113   118                      61.5653800   50.24312  18.4%  2083  213s
   140   157   52.43037   15  435   61.56538   50.24312  18.4%  1878  215s
H  159   175                      60.8182200   50.24312  17.4%  1750  217s
H  167   175                      59.6458600   50.24312  15.8%  1712  217s
   222   242   53.02579   17  318   59.64586   50.24312  15.8%  1557  221s
H  229   242                      59.6458600   50.24312  15.8%  1530  221s
H  233   242                      59.4366300   50.24312  15.5%  1528  221s
   277   290   53.34245   19  251   59.43663   50.24312  15.5%  1395  225s
H  279   290                      59.1162900   50.24312  15.0%  1388  225s
H  368   354                      58.1456000   50.24312  13.6%  1204  230s
   417   407   54.56262   29  376   58.14560   50.24312  13.6%  1131  236s
H  418   407                      58.1071400   50.24312  13.5%  1128  236s
   486   477   55.04920   36  197   58.10714   50.24312  13.5%  1044  242s
   541   480     cutoff   41        58.10714   50.33472  13.4%   984  246s
   580   517   50.86776    5  340   58.10714   50.33472  13.4%   988  260s
H  628   517                      57.7332700   50.33472  12.8%   944  266s
   721   600   51.21600    7  323   57.73327   50.33472  12.8%   886  271s
   784   666   51.23326    8  358   57.73327   50.33472  12.8%   855  275s
   932   756   51.99404    9  402   57.73327   50.33472  12.8%   796  281s
   989   757   57.70396   37  521   57.73327   50.33472  12.8%   798  290s
   991   758   52.82494   21  575   57.73327   50.33472  12.8%   797  295s
   996   762   51.89324   18  597   57.73327   50.33472  12.8%   793  300s
   999   764   55.69922   34  547   57.73327   50.33472  12.8%   790  305s
  1001   765   52.27007   18  332   57.73327   50.33472  12.8%   789  310s
  1041   801   50.95723   16  293   57.73327   50.33472  12.8%   843  315s
H 1162   824                      57.7253600   50.33472  12.8%   812  319s
H 1202   822                      57.5011800   50.33472  12.5%   794  319s
  1218   846   51.13430   27  179   57.50118   50.33472  12.5%   786  320s
H 1249   811                      57.2860400   50.33472  12.1%   772  321s
  1424   894   56.35930   36  149   57.28604   50.33472  12.1%   707  325s
H 1451   866                      57.2085900   50.33472  12.0%   702  329s
H 1457   832                      57.0844900   50.33472  11.8%   700  329s
  1505   839 infeasible   39        57.08449   50.33472  11.8%   690  331s
  1787   933   51.40458   18  292   57.08449   50.33472  11.8%   632  336s
  2014  1082   55.84782   56  122   57.08449   50.38998  11.7%   603  340s
  2244  1123   54.12346   27  208   57.08449   50.38998  11.7%   580  345s
H 2286  1043                      56.3896600   50.38998  10.6%   579  353s
  2371  1110   54.40320   39  214   56.38966   50.38998  10.6%   572  356s
  2662  1219   53.02786   20  286   56.38966   50.48662  10.5%   547  361s
  2988  1391 infeasible   19        56.38966   50.53032  10.4%   514  365s
  3291  1591   52.69854   26  331   56.38966   50.57227  10.3%   498  372s
  3507  1759   52.69854   33  284   56.38966   50.57227  10.3%   487  376s
  3771  1951   50.58913   21  372   56.38966   50.58913  10.3%   477  380s
  4021  2144     cutoff   49        56.38966   50.58913  10.3%   472  386s
  4196  2196   53.68622   22  286   56.38966   50.58913  10.3%   466  390s
H 4257  2182                      56.3828000   50.58913  10.3%   464  390s
  4491  2479   53.68622   23  301   56.38280   50.58913  10.3%   455  397s
  4666  2626   54.97530   33  268   56.38280   50.64860  10.2%   452  401s
  5149  3072 infeasible   48        56.38280   50.71302  10.1%   438  408s
H 5527  3258                      56.3770000   50.92798  9.67%   421  412s
  5752  3477   51.00722   23  353   56.37700   50.92798  9.67%   416  416s
  6080  3860   51.24072   28  234   56.37700   50.92798  9.67%   406  420s
  6823  4387   51.70247   25  268   56.37700   50.97076  9.59%   391  429s
  7286  4769   55.13194   67  148   56.37700   50.98623  9.56%   382  434s
  7777  5113   51.64662   37  220   56.37700   50.98623  9.56%   372  440s
  8260  5388   53.35670   42  143   56.37700   50.98623  9.56%   365  446s
  8730  5613   52.06552   32  257   56.37700   50.98623  9.56%   361  452s
  9047  5982   52.81153   33  216   56.37700   50.98623  9.56%   356  457s
  9561  6345 infeasible   65        56.37700   50.98623  9.56%   351  463s
 10082  6577   55.63531   95  179   56.37700   50.98623  9.56%   348  469s
 10480  6991   51.00043   28  309   56.37700   50.98623  9.56%   347  474s
 11062  7382   52.72214   39  274   56.37700   50.99255  9.55%   343  480s
 11676  7809   52.85145   36  192   56.37700   50.99255  9.55%   338  487s
 12358  8194   54.42295   38  211   56.37700   50.99255  9.55%   336  494s
 12917  8648   55.84773   44  190   56.37700   50.99255  9.55%   335  501s
 13572  9193   54.64652   47  209   56.37700   50.99255  9.55%   334  509s
 14337  9684   52.55825   35  281   56.37700   50.99255  9.55%   332  516s
 15060 10059   51.98622   37  289   56.37700   50.99255  9.55%   332  524s
 15816 10434 infeasible   69        56.37700   50.99255  9.55%   331  529s
 16427 10970   54.96060   39  224   56.37700   50.99255  9.55%   331  536s
 17155 11384   51.28160   21  438   56.37700   50.99255  9.55%   331  543s
 17810 11803   55.52950   39  192   56.37700   50.99580  9.55%   330  551s
*18427 11631             157      56.3421500   50.99916  9.48%   330  551s
 18436 12110   53.75072   31  162   56.34215   50.99916  9.48%   331  559s
 19274 12801   52.44956   53  212   56.34215   51.00043  9.48%   330  569s
*19459 12737             147      56.3198400   51.00043  9.45%   329  569s
 20303 13319   55.79110   41  140   56.31984   51.00043  9.45%   325  578s
 21223 13866   52.64716   33  277   56.31984   51.00322  9.44%   321  585s
 22036 14359   51.31071   21  369   56.31984   51.00818  9.43%   321  594s
 22840 14979   51.01059   34  286   56.31984   51.01059  9.43%   322  606s
 24025 15644 infeasible   67        56.31984   51.01059  9.43%   320  618s
 25292 16222   55.93243   55  166   56.31984   51.01059  9.43%   318  629s
H26337 16507                      56.3044200   51.01059  9.40%   318  641s
H26555 16151                      56.2941300   51.01059  9.39%   318  641s
 27048 16819   51.01059   20  374   56.29413   51.01059  9.39%   319  651s
H28042 17015                      56.2764400   51.01059  9.36%   318  660s
 28558 17847 infeasible   42        56.27644   51.01059  9.36%   322  672s
H29239 17561                      56.2590800   51.01059  9.33%   321  672s
H29703 16941                      56.1766200   51.01059  9.20%   320  672s
 29784 16803 infeasible   71        56.17662   51.01059  9.20%   319  690s
 29920 21587 infeasible   68        56.17662   51.01059  9.20%   319  813s
 33466 21587   51.05318   42  329   56.17662   51.01059  9.20%   318  815s
H37928 21940                      56.1446700   51.01059  9.14%   319  830s
H38142 21184                      56.0074700   51.01059  8.92%   319  830s
H38425 21015                      55.9777200   51.01059  8.87%   319  830s
 39016 21519   52.75991   41  274   55.97772   51.01059  8.87%   317  842s
H40176 19775                      55.6558200   51.01059  8.35%   317  854s
 40818 19775   55.41882   47  174   55.65582   51.01059  8.35%   317  855s
 41043 20305   54.86529   45  193   55.65582   51.01059  8.35%   317  867s
 42082 20680   51.01059   33  297   55.65582   51.01059  8.35%   318  878s
 42736 21148 infeasible   61        55.65582   51.01059  8.35%   320  889s
 43496 21728   52.05301   37  312   55.65582   51.01059  8.35%   322  901s
 44406 21729   51.35069   42  521   55.65582   51.01059  8.35%   322  931s
 44408 21730   55.21526   55  563   55.65582   51.01059  8.35%   322  936s
 44412 21733   52.44015   74  531   55.65582   51.01059  8.35%   322  944s
 44414 21734   55.54454   50  532   55.65582   51.01059  8.35%   322  948s
 44416 21736   55.49612   53  556   55.65582   51.01059  8.35%   322  951s
 44418 21737   55.50999   67  647   55.65582   51.01059  8.35%   322  956s
 44420 21738   52.83588   36  340   55.65582   51.01059  8.35%   322  961s
 44428 21753   51.01059   27  407   55.65582   51.01059  8.35%   323  965s
 44570 21846   51.01059   34  330   55.65582   51.01059  8.35%   325  971s
H44571 20758                      55.6110500   51.01059  8.27%   325  971s
 44619 20790   51.01059   37  266   55.61105   51.01059  8.27%   325  975s
H44621 19756                      55.5664600   51.01059  8.20%   325  975s
 44882 19887   51.01059   51  208   55.56646   51.01059  8.20%   325  980s
 45162 19968   54.58381   75  182   55.56646   51.01059  8.20%   325  985s
 45507 20062   51.91042   42  243   55.56646   51.01059  8.20%   325  990s
 45689 20083   53.01198   50  198   55.56646   51.01059  8.20%   325  996s
 45927 20140 infeasible   73        55.56646   51.01059  8.20%   324 1000s
 46200 20154   51.12336   40  358   55.56646   51.01059  8.20%   324 1005s
 46487 20213   53.54739   59  174   55.56646   51.01059  8.20%   324 1010s
 46744 20232   51.01059   33  357   55.56646   51.01059  8.20%   324 1020s
 46970 20245   51.20982   40  272   55.56646   51.01059  8.20%   324 1025s
 47252 20248   54.43677   57  179   55.56646   51.01059  8.20%   324 1030s
 47660 20272   52.95909   52  260   55.56646   51.01059  8.20%   324 1037s
 47810 20302   51.01059   41  300   55.56646   51.01059  8.20%   324 1040s
 48136 20282   51.25320   36  315   55.56646   51.01059  8.20%   325 1045s
 48410 20291   54.81629   63  188   55.56646   51.01059  8.20%   326 1051s
 48779 20288   52.35547   50  362   55.56646   51.01059  8.20%   327 1058s
 48989 20314   51.85036   63  197   55.56646   51.01059  8.20%   327 1062s
 49170 20387   51.11668   33  291   55.56646   51.01059  8.20%   328 1066s
 49374 20402   55.29824   49  183   55.56646   51.01059  8.20%   328 1071s
 49537 20434   54.10876   52  211   55.56646   51.01059  8.20%   328 1075s
 49945 20562   51.18990   33  335   55.56646   51.01059  8.20%   329 1084s
 50148 20632   53.94726   56  206   55.56646   51.01059  8.20%   330 1088s
 50369 20687   51.16635   33  299   55.56646   51.01059  8.20%   330 1093s
 50683 20665   53.13487   64  220   55.56646   51.01059  8.20%   330 1097s
 50871 20770   53.46297   36  312   55.56646   51.01059  8.20%   331 1101s
 51162 20850   51.01059   32  372   55.56646   51.01059  8.20%   331 1106s
 51471 20863   53.21066   65  232   55.56646   51.01059  8.20%   331 1110s
 51687 20867   55.09433   43  248   55.56646   51.01059  8.20%   332 1120s
 52068 21113   55.56358   77  187   55.56646   51.01059  8.20%   333 1129s
 52404 21001   53.84928   55  209   55.56646   51.01059  8.20%   333 1130s
 52441 21163 infeasible   59        55.56646   51.01059  8.20%   333 1135s
 52757 21251   51.31346   43  380   55.56646   51.01059  8.20%   334 1141s
 53093 21246   53.68846   44  252   55.56646   51.01059  8.20%   335 1153s
 53307 21433   54.20425   45  255   55.56646   51.01059  8.20%   335 1161s
 53842 21599   51.40992   47  352   55.56646   51.01059  8.20%   335 1170s
 54410 21638   54.05538   35  277   55.56646   51.01059  8.20%   335 1177s
 54829 21629   55.30330   86  163   55.56646   51.01059  8.20%   336 1184s
 55107 21718   51.20397   62  360   55.56646   51.01059  8.20%   337 1190s
 55470 21834   51.14593   36  334   55.56646   51.01059  8.20%   337 1198s
 55991 21915   53.47579   68  346   55.56646   51.01059  8.20%   338 1206s
 56548 21919 infeasible   37        55.56646   51.01059  8.20%   339 1213s
 56961 22108   52.73856   37  327   55.56646   51.01059  8.20%   340 1221s
 57505 22293   52.13945   47  281   55.56646   51.01059  8.20%   342 1230s
 58121 22103   54.39030   60  194   55.56646   51.01059  8.20%   343 1242s
 58147 22470   54.39030   64  171   55.56646   51.01059  8.20%   343 1252s
 58907 22652   51.25818   74  275   55.56646   51.01059  8.20%   344 1262s
 59701 22839   51.69270   62  350   55.56646   51.01059  8.20%   346 1271s
 60442 22917   51.11030   46  497   55.56646   51.01059  8.20%   347 1280s
 61053 23117   53.17762   66  193   55.56646   51.01059  8.20%   349 1290s
 61742 23292   52.21288   54  333   55.56646   51.01059  8.20%   352 1302s
 62526 23351   54.21273   93  129   55.56646   51.01059  8.20%   355 1313s
 63154 23396   51.13569   47  390   55.56646   51.01059  8.20%   359 1326s
 63893 23467   54.50557   53  255   55.56646   51.01059  8.20%   362 1338s
 64627 23507   53.41805   54  202   55.56646   51.01059  8.20%   366 1352s
 65262 23765   51.53140   46  353   55.56646   51.01059  8.20%   369 1370s
 66286 23856   51.06246   41  332   55.56646   51.01059  8.20%   372 1386s
 67215 23794   54.66104   65  162   55.56646   51.01059  8.20%   375 1402s
 67749 23977   53.29896   48  312   55.56646   51.01059  8.20%   377 1419s
 68628 24193   51.10084   39  365   55.56646   51.05177  8.12%   379 1434s
 69574 24187   54.47458   55  213   55.56646   51.06940  8.09%   382 1449s
 70417 24231   51.54671   51  376   55.56646   51.06940  8.09%   386 1464s
 71239 24401 infeasible   75        55.56646   51.08273  8.07%   388 1480s
 72086 24620   54.27380   40  326   55.56646   51.09191  8.05%   390 1496s
 73117 24708   51.41334   49  356   55.56646   51.10145  8.04%   392 1513s
 74128 24641   52.95696   50  269   55.56646   51.10145  8.04%   394 1530s
 74698 25087   53.76493   49  232   55.56646   51.10785  8.02%   396 1552s
 75969 25172   54.99254   56  195   55.56646   51.12451  7.99%   399 1573s
 77002 25453 infeasible   51        55.56646   51.14241  7.96%   401 1591s
 78070 25413   53.98399   72  242   55.56646   51.15054  7.95%   403 1607s
 78941 25598   55.49376   46  239   55.56646   51.16250  7.93%   406 1623s
 79811 25739   52.65806   41  283   55.56646   51.17204  7.91%   407 1639s
 80785 25913   53.77277   50  331   55.56646   51.18912  7.88%   409 1657s
 81885 26063   52.18575   48  307   55.56646   51.19564  7.87%   411 1674s
 82932 26290   53.47770   50  350   55.56646   51.20764  7.84%   412 1692s
 84084 26346   55.36341   52  196   55.56646   51.22399  7.81%   413 1707s
 84963 26322   51.46040   41  397   55.56646   51.22899  7.81%   414 1724s
H85132 25285                      55.5664600   51.22899  7.81%   415 1724s
 85563 25309   52.00366   36  335   55.56646   51.23938  7.79%   416 1774s
 85832 25466   52.43043   29  177   55.56646   51.23964  7.79%   416 1791s
 86479 25598   52.39391   35  320   55.56646   51.24940  7.77%   418 1810s
 87265 25819   52.38533   36  369   55.56646   51.26183  7.75%   420 1827s
 88236 26223   52.72244   40  403   55.56646   51.28317  7.71%   421 1849s
 89527 26091   53.85930   58  266   55.56646   51.28980  7.70%   422 1863s
 90141 26455   52.36440   33  312   55.56646   51.29513  7.69%   423 1883s
 91244 26588   51.87189   46  341   55.56646   51.31570  7.65%   425 1903s
 92337 26715   51.63330   38  327   55.56646   51.32693  7.63%   426 1922s
 93328 26723   51.49248   42  395   55.56646   51.33875  7.61%   428 1941s
 94368 26848   52.30861   39  341   55.56646   51.34510  7.60%   428 1958s
 95221 27032   55.07029   51  200   55.56646   51.35446  7.58%   429 1976s
 96127 27061   52.31762   41  426   55.56646   51.35735  7.57%   431 1994s
 96710 26866   54.77007   49  266   55.56646   51.35761  7.57%   432 1995s
 96903 27139   51.35761   40  426   55.56646   51.35761  7.57%   432 2012s
 97613 27279   55.48516   51  158   55.56646   51.35761  7.57%   434 2030s
 98376 27417   51.60326   36  411   55.56646   51.35761  7.57%   436 2047s
 99195 27571   53.01539   48  345   55.56646   51.35761  7.57%   437 2068s
 99969 27689   54.56219   41  427   55.56646   51.36899  7.55%   439 2087s
 100849 27957 infeasible   57        55.56646   51.37403  7.54%   441 2106s
 101706 28423   51.90278   53  314   55.56646   51.37564  7.54%   443 2123s
 102704 28759     cutoff   43        55.56646   51.38749  7.52%   445 2143s
 103665 29125   53.50477   61  434   55.56646   51.38975  7.52%   446 2161s
 104490 29390   52.15295   47  378   55.56646   51.40518  7.49%   448 2176s
 105107 29970   53.20615   35  559   55.56646   51.41493  7.47%   449 2200s
 106416 30149   54.07339   42  242   55.56646   51.41642  7.47%   450 2218s
 107074 30304 infeasible   52        55.56646   51.42462  7.45%   452 2278s
 107481 30641   51.74883   39  468   55.56646   51.43284  7.44%   454 2299s
 108427 31057   53.77814   45  343   55.56646   51.44163  7.42%   456 2326s
 109520 31436   52.25043   50  298   55.56646   51.44851  7.41%   457 2347s
 110379 31929   53.31164   43  307   55.56646   51.45607  7.40%   459 2370s
 111426 32451   51.47480   48  300   55.56646   51.45969  7.39%   460 2393s
 112474 33223   51.60622   44  478   55.56646   51.46630  7.38%   462 2425s
 113864 33626 infeasible   93        55.56646   51.47187  7.37%   463 2448s
 114945 34112   53.35741   46  254   55.56646   51.47557  7.36%   464 2471s
 116046 34498   53.45624   32  212   55.56646   51.47952  7.36%   464 2494s
 117120 34898   52.30474   44  378   55.56646   51.48894  7.34%   465 2516s
 118037 35444   52.73003   38  266   55.56646   51.49768  7.32%   466 2539s
 119308 35800   55.39266   52  173   55.56646   51.50508  7.31%   466 2558s
 120233 36196   52.60943   49  262   55.56646   51.51002  7.30%   467 2576s
 121112 36455   52.59731   41  413   55.56646   51.51875  7.28%   467 2593s
 121949 36787   52.47197   56  314   55.56646   51.52371  7.28%   468 2611s
 122711 37210   53.89324   56  285   55.56646   51.52620  7.27%   469 2630s
 123656 37557   52.33804   53  327   55.56646   51.53321  7.26%   470 2650s
 124537 37889   54.56897   48  232   55.56646   51.53965  7.25%   471 2668s
 125410 38260   51.66998   41  420   55.56646   51.54447  7.24%   472 2685s
 126192 38560   52.47463   45  433   55.56646   51.54902  7.23%   473 2701s
 126780 38998   51.76665   42  384   55.56646   51.55198  7.22%   474 2724s
 127864 39174   54.17842   54  293   55.56646   51.55552  7.22%   475 2745s
 128789 39302   52.52542   55  345   55.56646   51.55576  7.22%   478 2766s
 129529 39627   52.32676   41  392   55.56646   51.55576  7.22%   479 2788s
 130410 39873   51.93780   40  541   55.56646   51.55576  7.22%   480 2807s
 131190 40233 infeasible   55        55.56646   51.56399  7.20%   482 2827s
 131990 40545   55.01258   42  296   55.56646   51.57422  7.18%   483 2848s
 132788 41045   51.86849   45  333   55.56646   51.58196  7.17%   484 2871s
 133899 41437   53.70949   47  375   55.56646   51.58936  7.16%   484 2891s
 134666 41844   52.97436   56  334   55.56646   51.59520  7.15%   485 2913s
 135541 42355   55.32096  123   61   55.56646   51.59948  7.14%   485 2938s
 136729 42717   52.29134   39  347   55.56646   51.60644  7.13%   485 2957s
 137560 43006   51.64051   37  358   55.56646   51.61212  7.12%   486 2978s
 138465 43424   52.76002   49  341   55.56646   51.61694  7.11%   487 3002s
 139414 44027   54.57451   55  301   55.56646   51.62226  7.10%   487 3025s
 140555 44403   53.98988   49  290   55.56646   51.62665  7.09%   487 3049s
 141479 44686   52.30506   39  393   55.56646   51.63527  7.07%   487 3068s
 142238 44994 infeasible   50        55.56646   51.63861  7.07%   488 3091s
 143058 45342   51.65673   53  393   55.56646   51.64050  7.07%   489 3113s
 143960 45698   55.52236   58  203   55.56646   51.64274  7.06%   489 3136s
 144996 46116   52.49666   48  352   55.56646   51.64662  7.05%   490 3162s
 145988 46792   54.46208   40  227   55.56646   51.64662  7.05%   491 3194s
 147302 47053   52.82619   38  281   55.56646   51.64662  7.05%   491 3234s
 147912 47506   55.54672   59  130   55.56646   51.64662  7.05%   491 3259s
 148812 47794   52.42462   33  308   55.56646   51.65082  7.05%   491 3280s
 149604 48102 infeasible   72        55.56646   51.65632  7.04%   492 3306s
 150644 48499 infeasible   51        55.56646   51.66338  7.02%   492 3329s
 151669 48807   51.87370   45  321   55.56646   51.66883  7.01%   492 3351s
 152500 49254   53.01123   46  261   55.56646   51.67623  7.00%   493 3374s
 153374 49743   55.41641   58  383   55.56646   51.68019  6.99%   493 3397s
 154348 50149   54.60673   48  280   55.56646   51.68019  6.99%   494 3423s
 155370 50597   55.00830   48  165   55.56646   51.69456  6.97%   493 3444s
 156329 50748   54.90507   44  276   55.56646   51.70543  6.95%   494 3492s
 156846 51049     cutoff   63        55.56646   51.70543  6.95%   494 3516s
 157800 51220   55.13839   54  269   55.56646   51.70543  6.95%   496 3537s
 158470 51521   55.53254   47  203   55.56646   51.70543  6.95%   497 3560s
 159247 51945   52.39438   43  393   55.56646   51.70835  6.94%   498 3584s
 160255 52254   52.28119   40  221   55.56646   51.71557  6.93%   498 3600s

Cutting planes:
  Learned: 750
  Gomory: 13
  Cover: 8783
  Implied bound: 1996
  Projected implied bound: 60
  Clique: 151
  MIR: 451
  StrongCG: 129
  Flow cover: 3359
  GUB cover: 30
  Inf proof: 52
  Zero half: 309
  Network: 10
  RLT: 408
  Relax-and-lift: 472

Explored 160914 nodes (80353897 simplex iterations) in 3600.48 seconds (6477.67 work units)
Thread count was 8 (of 24 available processors)

Solution count 10: 55.5665 55.5665 55.5665 ... 56.2591

Time limit reached
Warning: max constraint violation (1.6140e-03) exceeds tolerance
Warning: max bound violation (1.6140e-03) exceeds tolerance
         (model may be infeasible or unbounded - try turning presolve off)
Best objective 5.556645999434e+01, best bound 5.171855617338e+01, gap 6.9249%
